	import three;
	import settings;

	surface ellipsoid(triple v1,triple v2,triple v3,real l1,real l2, real l3, triple pos=O) {
		transform3 T = identity(4);
		T[0][0] = l1*v1.x;
		T[1][0] = l1*v1.y;
		T[2][0] = l1*v1.z;
		T[0][1] = l2*v2.x;
		T[1][1] = l2*v2.y;
		T[2][1] = l2*v2.z;
		T[0][2] = l3*v3.x;
		T[1][2] = l3*v3.y;
		T[2][2] = l3*v3.z;
		T[0][3] = pos.x;
		T[1][3] = pos.y;
		T[2][3] = pos.z;
		return T*unitsphere;
	}

	size(200);

	real gDx=4;
	real gDy=4;
	real gDz=4;

	currentprojection=perspective( camera=(gDx*12,gDy*12,25),up=Y, target=(gDx*12,gDy*12,gDz*0));
		draw(
			ellipsoid( (0.45511,-0.89001,-0.027691), (0.88726,0.45589,-0.070223), (0.075123,0.0073901,0.99715), 0.85119, 1.1439, 3.9156, (gDx*0,gDy*0,gDz*0)),rgb(0,0.8125,1));
		draw(
			ellipsoid( (0.035747,0.99625,-0.078842), (-0.95291,0.010207,-0.30308), (-0.30114,0.085964,0.9497), 0.9824, 1.6864, 3.2491, (gDx*1,gDy*0,gDz*0)),rgb(0,1,0.71875));
		draw(
			ellipsoid( (0.12736,0.97812,-0.1645), (-0.6144,-0.052398,-0.78725), (-0.77865,0.20133,0.59428), 0.95613, 1.4248, 3.7699, (gDx*2,gDy*0,gDz*0)),rgb(0,1,0.90625));
		draw(
			ellipsoid( (0.39868,0.80878,0.43235), (-0.20557,0.53826,-0.81733), (-0.89375,0.23697,0.38085), 0.9649, 1.1111, 3.9037, (gDx*3,gDy*0,gDz*0)),rgb(0,0.90625,1));
		draw(
			ellipsoid( (-0.29574,-0.66532,-0.68548), (0.05399,-0.72808,0.68337), (-0.95374,0.16509,0.25124), 1.0425, 1.2686, 3.5765, (gDx*4,gDy*0,gDz*0)),rgb(0,1,0.8125));
		draw(
			ellipsoid( (-0.1261,-0.58335,-0.80237), (0.0028728,-0.80904,0.58774), (-0.99201,0.07181,0.1037), 1.012, 1.4601, 3.5972, (gDx*5,gDy*0,gDz*0)),rgb(0,1,0.8125));
		draw(
			ellipsoid( (-0.01978,0.59869,0.80074), (-0.021781,0.80045,-0.59901), (-0.99957,-0.02929,-0.0027927), 0.90242, 1.5797, 3.8786, (gDx*6,gDy*0,gDz*0)),rgb(0,1,1));
		draw(
			ellipsoid( (-0.11774,0.66764,0.73512), (-0.036608,0.73684,-0.67507), (-0.99237,-0.10639,-0.062315), 0.78387, 1.4688, 3.9121, (gDx*7,gDy*0,gDz*0)),rgb(0,0.8125,1));
		draw(
			ellipsoid( (-0.16849,0.78507,0.59606), (-0.0039361,0.60416,-0.79685), (-0.9857,-0.13661,-0.098703), 0.66509, 1.421, 3.4843, (gDx*8,gDy*0,gDz*0)),rgb(0,0.8125,1));
		draw(
			ellipsoid( (-0.20309,0.82084,0.53383), (-0.018622,0.54185,-0.84027), (-0.97898,-0.18059,-0.094761), 0.62492, 1.3643, 3.0648, (gDx*9,gDy*0,gDz*0)),rgb(0,0.90625,1));
		draw(
			ellipsoid( (-0.41827,0.763,0.49283), (0.19996,-0.45192,0.86936), (-0.88604,-0.46217,-0.036454), 0.94385, 1.6691, 2.8648, (gDx*10,gDy*0,gDz*0)),rgb(0,1,0.625));
		draw(
			ellipsoid( (-0.86651,0.48253,0.12782), (0.14929,0.0061616,0.98878), (-0.47632,-0.87586,0.077373), 1.1676, 2.0107, 2.8884, (gDx*11,gDy*0,gDz*0)),rgb(0,1,0.34375));
		draw(
			ellipsoid( (0.97462,-0.21155,0.073232), (0.082792,0.036679,-0.99589), (0.208,0.97668,0.053263), 0.63846, 1.9658, 4.4917, (gDx*12,gDy*0,gDz*0)),rgb(0,0.53125,1));
		draw(
			ellipsoid( (0.93809,-0.34607,-0.014969), (0.012275,-0.009974,0.99987), (0.34618,0.93816,0.0051083), 1.0079, 1.6103, 5.0164, (gDx*13,gDy*0,gDz*0)),rgb(0,0.8125,1));
		draw(
			ellipsoid( (0.7449,-0.6529,0.13729), (-0.043326,0.15801,0.98649), (-0.66577,-0.74078,0.089416), 0.96574, 1.9295, 4.4464, (gDx*14,gDy*0,gDz*0)),rgb(0,0.90625,1));
		draw(
			ellipsoid( (0.57067,-0.79694,0.19805), (0.031403,0.26218,0.96451), (-0.82058,-0.5442,0.17465), 0.86846, 2.0047, 4.6268, (gDx*15,gDy*0,gDz*0)),rgb(0,0.8125,1));
		draw(
			ellipsoid( (-0.38866,0.81868,-0.42273), (-0.043786,0.44187,0.89601), (-0.92034,-0.36676,0.13589), 0.94518, 1.8502, 4.4059, (gDx*16,gDy*0,gDz*0)),rgb(0,0.90625,1));
		draw(
			ellipsoid( (0.18535,-0.72616,0.66207), (-0.0042196,0.67315,0.73949), (-0.98266,-0.13986,0.12171), 0.86033, 1.7175, 4.6382, (gDx*17,gDy*0,gDz*0)),rgb(0,0.8125,1));
		draw(
			ellipsoid( (0.068026,-0.61605,0.78476), (0.021774,0.78731,0.61617), (-0.99745,-0.024828,0.066971), 0.92193, 1.8782, 4.7222, (gDx*18,gDy*0,gDz*0)),rgb(0,0.8125,1));
		draw(
			ellipsoid( (-0.08521,-0.49287,0.86592), (0.041993,0.86653,0.49735), (-0.99548,0.078742,-0.05314), 1.0727, 2.0509, 4.1251, (gDx*19,gDy*0,gDz*0)),rgb(0,1,0.90625));
		draw(
			ellipsoid( (-0.28525,-0.38079,0.87956), (0.12256,0.89567,0.42751), (-0.95058,0.22975,-0.20882), 1.0602, 2.2105, 3.8715, (gDx*20,gDy*0,gDz*0)),rgb(0,1,0.8125));
		draw(
			ellipsoid( (-0.3563,-0.27579,0.89274), (0.12768,0.93212,0.33891), (-0.92561,0.23474,-0.2969), 1.0864, 2.1844, 4.0932, (gDx*21,gDy*0,gDz*0)),rgb(0,1,0.8125));
		draw(
			ellipsoid( (-0.37899,-0.14829,0.91344), (-0.13102,-0.96854,-0.21159), (0.91608,-0.19987,0.34764), 1.0585, 2.1267, 4.3692, (gDx*22,gDy*0,gDz*0)),rgb(0,1,1));
		draw(
			ellipsoid( (-0.57579,-0.17857,0.79786), (-0.082944,-0.95807,-0.27428), (0.81338,-0.22411,0.53683), 1.4893, 2.3925, 3.6242, (gDx*23,gDy*0,gDz*0)),rgb(0,1,0.25));
		draw(
			ellipsoid( (-0.92541,-0.175,0.33614), (-0.092701,0.96458,0.24697), (0.36745,-0.19738,0.90885), 1.7776, 2.6347, 3.5953, (gDx*24,gDy*0,gDz*0)),rgb(0.03125,1,0));
		draw(
			ellipsoid( (-0.14542,-0.9515,0.2711), (0.93764,-0.045098,0.34467), (-0.31573,0.30431,0.89873), 0.92378, 1.2761, 3.7868, (gDx*0,gDy*1,gDz*0)),rgb(0,1,1));
		draw(
			ellipsoid( (0.98033,-0.1089,0.16458), (0.15883,0.93035,-0.33047), (-0.11713,0.35012,0.92935), 1.022, 1.2104, 3.6104, (gDx*1,gDy*1,gDz*0)),rgb(0,1,0.90625));
		draw(
			ellipsoid( (-0.42069,0.76239,-0.49171), (0.83364,0.53867,0.12197), (-0.35786,0.3586,0.86217), 1.1626, 1.4192, 3.1473, (gDx*2,gDy*1,gDz*0)),rgb(0,1,0.53125));
		draw(
			ellipsoid( (-0.20203,0.76321,-0.61376), (0.69272,0.55436,0.46132), (-0.69233,0.33196,0.64069), 1.2175, 1.3542, 3.3232, (gDx*3,gDy*1,gDz*0)),rgb(0,1,0.625));
		draw(
			ellipsoid( (-0.60607,-0.44851,-0.6569), (0.037744,0.80871,-0.58699), (-0.79451,0.38055,0.47321), 1.1741, 1.3908, 3.3118, (gDx*4,gDy*1,gDz*0)),rgb(0,1,0.625));
		draw(
			ellipsoid( (-0.50421,-0.51637,-0.69219), (0.13735,0.74338,-0.65461), (0.85259,-0.42514,-0.3039), 1.0732, 1.5102, 3.1231, (gDx*5,gDy*1,gDz*0)),rgb(0,1,0.53125));
		draw(
			ellipsoid( (0.26067,0.79237,0.55154), (0.012758,-0.57407,0.81871), (-0.96534,0.20638,0.15975), 0.9227, 1.5427, 3.0076, (gDx*6,gDy*1,gDz*0)),rgb(0,1,0.71875));
		draw(
			ellipsoid( (0.10719,0.89847,0.42575), (-0.03206,-0.42487,0.90469), (-0.99372,0.11062,0.016738), 0.66012, 1.4755, 3.1913, (gDx*7,gDy*1,gDz*0)),rgb(0,0.90625,1));
		draw(
			ellipsoid( (0.036903,0.86737,0.4963), (-0.049133,-0.49446,0.86781), (-0.99811,0.056409,-0.024369), 0.74255, 1.4111, 2.935, (gDx*8,gDy*1,gDz*0)),rgb(0,1,0.90625));
		draw(
			ellipsoid( (-0.057973,0.80106,0.59577), (0.033582,0.598,-0.8008), (-0.99775,-0.026418,-0.061569), 0.8051, 1.3689, 2.7617, (gDx*9,gDy*1,gDz*0)),rgb(0,1,0.71875));
		draw(
			ellipsoid( (-0.20892,0.7707,0.60197), (-0.10313,0.59476,-0.79726), (-0.97248,-0.22864,-0.044775), 0.93626, 1.3423, 2.6922, (gDx*10,gDy*1,gDz*0)),rgb(0,1,0.53125));
		draw(
			ellipsoid( (0.44844,-0.88035,-0.15456), (0.013976,-0.16599,0.98603), (0.8937,0.44434,0.062135), 0.99069, 1.2879, 2.8844, (gDx*11,gDy*1,gDz*0)),rgb(0,1,0.625));
		draw(
			ellipsoid( (0.57945,-0.81482,0.017317), (0.030872,0.00071166,-0.99952), (0.81442,0.57971,0.025568), 0.98982, 1.5548, 3.4832, (gDx*12,gDy*1,gDz*0)),rgb(0,1,0.8125));
		draw(
			ellipsoid( (0.66066,-0.74953,0.041516), (0.00036229,0.055623,0.99845), (-0.75068,-0.65962,0.03702), 0.97222, 1.9196, 4.2483, (gDx*13,gDy*1,gDz*0)),rgb(0,1,1));
		draw(
			ellipsoid( (0.63905,-0.76644,0.064697), (0.043914,0.12033,0.99176), (-0.76791,-0.63095,0.11056), 1.0164, 1.9918, 4.3807, (gDx*14,gDy*1,gDz*0)),rgb(0,1,1));
		draw(
			ellipsoid( (0.52332,-0.83576,0.16624), (0.052164,0.22614,0.9727), (-0.85054,-0.50036,0.16194), 1.0303, 2.0098, 4.3436, (gDx*15,gDy*1,gDz*0)),rgb(0,1,1));
		draw(
			ellipsoid( (-0.37864,0.86198,-0.33707), (0.053921,0.38411,0.92171), (-0.92397,-0.33083,0.19192), 1.0525, 1.9441, 4.3617, (gDx*16,gDy*1,gDz*0)),rgb(0,1,1));
		draw(
			ellipsoid( (0.22544,-0.80237,0.55262), (-0.079749,-0.58051,-0.81034), (-0.97099,-0.13861,0.19486), 1.0142, 1.9282, 4.4504, (gDx*17,gDy*1,gDz*0)),rgb(0,1,1));
		draw(
			ellipsoid( (0.10978,-0.67736,0.72741), (0.095331,0.73564,0.67064), (-0.98937,-0.0042762,0.14533), 1.0544, 2.0743, 4.4596, (gDx*18,gDy*1,gDz*0)),rgb(0,1,1));
		draw(
			ellipsoid( (-0.019446,-0.5486,0.83586), (0.11828,0.82888,0.54678), (-0.99279,0.1095,0.04877), 1.1566, 2.2512, 4.1633, (gDx*19,gDy*1,gDz*0)),rgb(0,1,0.8125));
		draw(
			ellipsoid( (-0.15381,-0.42556,0.89176), (0.22885,0.86262,0.45113), (-0.96123,0.27347,-0.035294), 1.1381, 2.454, 4.2182, (gDx*20,gDy*1,gDz*0)),rgb(0,1,0.8125));
		draw(
			ellipsoid( (-0.26785,-0.38582,0.88284), (0.17667,0.88111,0.43867), (-0.94712,0.27347,-0.16785), 1.2356, 2.3507, 4.1429, (gDx*21,gDy*1,gDz*0)),rgb(0,1,0.71875));
		draw(
			ellipsoid( (-0.39486,-0.36862,0.84155), (0.10246,0.8926,0.43906), (-0.91301,0.25959,-0.31468), 1.3833, 2.2011, 4.1503, (gDx*22,gDy*1,gDz*0)),rgb(0,1,0.625));
		draw(
			ellipsoid( (-0.53945,-0.26173,0.80031), (-0.12046,-0.9167,-0.38098), (0.83336,-0.30193,0.46298), 1.6651, 2.3375, 3.8573, (gDx*23,gDy*1,gDz*0)),rgb(0,1,0.25));
		draw(
			ellipsoid( (-0.72457,-0.075249,0.68508), (0.22142,0.91591,0.33478), (0.65267,-0.39426,0.64698), 1.8342, 2.5379, 3.9386, (gDx*24,gDy*1,gDz*0)),rgb(0,1,0.0625));
		draw(
			ellipsoid( (-0.81138,-0.12515,-0.57096), (0.12007,0.9203,-0.37234), (-0.57205,0.37067,0.73168), 1.0731, 1.1367, 3.5667, (gDx*0,gDy*2,gDz*0)),rgb(0,1,0.90625));
		draw(
			ellipsoid( (-0.93354,0.21456,-0.28718), (-0.3182,-0.8649,0.38821), (-0.16509,0.45379,0.87568), 0.71054, 1.3267, 3.5473, (gDx*1,gDy*2,gDz*0)),rgb(0,0.8125,1));
		draw(
			ellipsoid( (-0.80305,0.49214,-0.33602), (-0.59147,-0.727,0.34877), (-0.072646,0.47883,0.8749), 0.97443, 1.385, 3.4737, (gDx*2,gDy*2,gDz*0)),rgb(0,1,0.8125));
		draw(
			ellipsoid( (-0.34206,0.80654,-0.48218), (0.93606,0.33745,-0.099595), (-0.082383,0.48541,0.8704), 1.1092, 1.7287, 3.4107, (gDx*3,gDy*2,gDz*0)),rgb(0,1,0.625));
		draw(
			ellipsoid( (-0.22705,0.73097,-0.64353), (0.86863,0.45079,0.20558), (-0.44037,0.51231,0.7373), 1.3107, 1.7056, 3.0044, (gDx*4,gDy*2,gDz*0)),rgb(0,1,0.25));
		draw(
			ellipsoid( (-0.63025,0.029307,-0.77584), (0.49213,0.78797,-0.37002), (-0.60049,0.61502,0.51104), 1.2989, 1.5659, 2.7898, (gDx*5,gDy*2,gDz*0)),rgb(0,1,0.15625));
		draw(
			ellipsoid( (0.50788,0.2176,0.83349), (-0.42328,-0.77966,0.46147), (0.75026,-0.58717,-0.30387), 1.2506, 1.5397, 2.5916, (gDx*6,gDy*2,gDz*0)),rgb(0,1,0.0625));
		draw(
			ellipsoid( (0.33293,0.36322,0.87019), (0.41358,0.77309,-0.48092), (-0.84741,0.52001,0.10717), 1.1246, 1.5061, 2.6245, (gDx*7,gDy*2,gDz*0)),rgb(0,1,0.25));
		draw(
			ellipsoid( (0.21236,0.4475,0.86871), (0.36115,0.7901,-0.49529), (-0.90801,0.41891,0.0061731), 0.98309, 1.4289, 2.7461, (gDx*8,gDy*2,gDz*0)),rgb(0,1,0.53125));
		draw(
			ellipsoid( (0.16115,0.75236,0.63874), (-0.13679,-0.62393,0.76942), (-0.9774,0.21136,-0.0023673), 0.92647, 1.3681, 2.7963, (gDx*9,gDy*2,gDz*0)),rgb(0,1,0.625));
		draw(
			ellipsoid( (0.034781,0.87908,0.47541), (-0.0036466,-0.47558,0.87966), (-0.99939,0.032329,0.013335), 0.92217, 1.3684, 2.789, (gDx*10,gDy*2,gDz*0)),rgb(0,1,0.625));
		draw(
			ellipsoid( (-0.11181,0.94913,0.29435), (0.032831,-0.29252,0.9557), (-0.99319,-0.11652,-0.0015444), 1.0556, 1.4405, 3.129, (gDx*11,gDy*2,gDz*0)),rgb(0,1,0.625));
		draw(
			ellipsoid( (-0.24376,0.96734,0.069546), (-0.023788,-0.077651,0.9967), (0.96954,0.2413,0.041939), 1.1061, 1.5931, 3.6818, (gDx*12,gDy*2,gDz*0)),rgb(0,1,0.71875));
		draw(
			ellipsoid( (-0.3938,0.91533,0.0842), (0.051827,-0.069346,0.99625), (-0.91774,-0.39668,0.020131), 1.125, 1.8514, 4.1718, (gDx*13,gDy*2,gDz*0)),rgb(0,1,0.8125));
		draw(
			ellipsoid( (0.48505,-0.8717,-0.069768), (0.13223,-0.0057537,0.9912), (-0.86443,-0.49001,0.11247), 1.0497, 2.0099, 4.5307, (gDx*14,gDy*2,gDz*0)),rgb(0,1,1));
		draw(
			ellipsoid( (0.42428,-0.90225,0.077007), (0.13034,0.145,0.98081), (-0.8961,-0.4061,0.17912), 1.1235, 2.0259, 4.3669, (gDx*15,gDy*2,gDz*0)),rgb(0,1,0.90625));
		draw(
			ellipsoid( (-0.34443,0.91392,-0.21473), (-0.17637,-0.28764,-0.94136), (-0.9221,-0.28636,0.26026), 1.1347, 2.0526, 4.3909, (gDx*16,gDy*2,gDz*0)),rgb(0,1,0.90625));
		draw(
			ellipsoid( (0.24773,-0.87836,0.4088), (0.21542,0.46133,0.86068), (-0.94458,-0.12515,0.3035), 1.1115, 2.1545, 4.4438, (gDx*17,gDy*2,gDz*0)),rgb(0,1,0.90625));
		draw(
			ellipsoid( (0.15595,-0.73372,0.66131), (0.19081,0.67927,0.70865), (-0.96916,0.015669,0.24593), 1.14, 2.2296, 4.2762, (gDx*18,gDy*2,gDz*0)),rgb(0,1,0.8125));
		draw(
			ellipsoid( (0.038688,-0.56609,0.82344), (0.24122,0.80497,0.54206), (-0.9697,0.17766,0.16769), 1.1835, 2.4298, 4.1456, (gDx*19,gDy*2,gDz*0)),rgb(0,1,0.8125));
		draw(
			ellipsoid( (-0.066874,-0.45872,0.88606), (0.34589,0.82232,0.45183), (-0.93589,0.3367,0.10368), 1.1344, 2.5583, 4.266, (gDx*20,gDy*2,gDz*0)),rgb(0,1,0.90625));
		draw(
			ellipsoid( (-0.17752,-0.44824,0.87611), (0.28904,0.82724,0.4818), (-0.94071,0.33876,-0.017295), 1.3537, 2.4815, 4.0141, (gDx*21,gDy*2,gDz*0)),rgb(0,1,0.53125));
		draw(
			ellipsoid( (-0.32404,-0.41059,0.8523), (0.22205,0.84273,0.4904), (-0.91961,0.34817,-0.18191), 1.5771, 2.4174, 3.9197, (gDx*22,gDy*2,gDz*0)),rgb(0,1,0.34375));
		draw(
			ellipsoid( (-0.47619,-0.26525,0.83838), (-0.24208,-0.87704,-0.41498), (0.84536,-0.40056,0.35343), 1.7957, 2.4496, 3.8812, (gDx*23,gDy*2,gDz*0)),rgb(0,1,0.0625));
		draw(
			ellipsoid( (-0.62398,-0.021708,0.78114), (-0.39034,-0.85732,-0.33563), (0.67697,-0.51433,0.52647), 1.8198, 2.5376, 4.0457, (gDx*24,gDy*2,gDz*0)),rgb(0,1,0.15625));
		draw(
			ellipsoid( (-0.53972,0.11096,-0.8345), (0.4538,0.87327,-0.17739), (-0.70906,0.47443,0.52168), 0.9825, 1.3152, 3.4034, (gDx*0,gDy*3,gDz*0)),rgb(0,1,0.8125));
		draw(
			ellipsoid( (-0.57208,0.52494,-0.63021), (0.74199,0.65867,-0.1249), (-0.34953,0.53906,0.76631), 0.98846, 1.2756, 3.0265, (gDx*1,gDy*3,gDz*0)),rgb(0,1,0.71875));
		draw(
			ellipsoid( (-0.43683,0.73014,-0.52542), (0.89916,0.37146,-0.23136), (-0.026246,0.5735,0.81878), 0.99448, 1.4492, 3.2423, (gDx*2,gDy*3,gDz*0)),rgb(0,1,0.71875));
		draw(
			ellipsoid( (-0.32698,0.81162,-0.48411), (0.92149,0.16019,-0.35384), (0.20963,0.5618,0.80027), 1.001, 1.5209, 3.6459, (gDx*3,gDy*3,gDz*0)),rgb(0,1,0.8125));
		draw(
			ellipsoid( (-0.3499,0.76845,-0.53577), (0.92083,0.177,-0.34749), (0.1722,0.61494,0.76954), 1.1107, 1.6802, 3.2357, (gDx*4,gDy*3,gDz*0)),rgb(0,1,0.53125));
		draw(
			ellipsoid( (-0.4583,0.59456,-0.66065), (0.88743,0.26483,-0.37728), (0.049354,0.75919,0.649), 1.2082, 1.7172, 2.8175, (gDx*5,gDy*3,gDz*0)),rgb(0,1,0.25));
		draw(
			ellipsoid( (-0.57315,0.31304,-0.7573), (0.81366,0.32715,-0.48056), (0.097314,-0.89162,-0.44221), 1.1247, 1.7226, 2.7838, (gDx*6,gDy*3,gDz*0)),rgb(0,1,0.34375));
		draw(
			ellipsoid( (0.59223,-0.017549,0.80558), (-0.74363,-0.39691,0.53803), (0.3103,-0.91769,-0.24811), 1.165, 1.6857, 2.6567, (gDx*7,gDy*3,gDz*0)),rgb(0,1,0.15625));
		draw(
			ellipsoid( (0.56179,0.25647,0.78652), (0.65698,0.43948,-0.61257), (-0.50277,0.86086,0.078402), 1.1624, 1.7349, 2.743, (gDx*8,gDy*3,gDz*0)),rgb(0,1,0.25));
		draw(
			ellipsoid( (-0.44164,-0.55461,-0.70524), (-0.36619,-0.60617,0.70602), (-0.81906,0.57006,0.064621), 1.1674, 1.7533, 2.6072, (gDx*9,gDy*3,gDz*0)),rgb(0,1,0.15625));
		draw(
			ellipsoid( (0.31416,0.83203,0.4572), (-0.10483,-0.44824,0.88775), (-0.94356,0.32682,0.053601), 1.0749, 1.694, 2.8411, (gDx*10,gDy*3,gDz*0)),rgb(0,1,0.4375));
		draw(
			ellipsoid( (0.16833,0.94662,0.27491), (-0.022802,-0.27507,0.96115), (-0.98547,0.16806,0.024717), 1.1478, 1.6499, 3.1839, (gDx*11,gDy*3,gDz*0)),rgb(0,1,0.53125));
		draw(
			ellipsoid( (0.049388,0.99741,0.052277), (-0.037425,-0.050456,0.99802), (0.99808,-0.051247,0.034837), 1.1165, 1.6718, 3.7651, (gDx*12,gDy*3,gDz*0)),rgb(0,1,0.71875));
		draw(
			ellipsoid( (-0.10301,0.994,0.03691), (-0.0076121,-0.037894,0.99925), (-0.99465,-0.10265,-0.01147), 1.1832, 1.7285, 4.1421, (gDx*13,gDy*3,gDz*0)),rgb(0,1,0.8125));
		draw(
			ellipsoid( (0.24362,-0.96629,-0.083231), (0.086143,-0.063919,0.99423), (-0.96604,-0.24939,0.067667), 1.2062, 1.8959, 4.2722, (gDx*14,gDy*3,gDz*0)),rgb(0,1,0.8125));
		draw(
			ellipsoid( (0.28758,-0.95769,0.011244), (0.18003,0.065584,0.98147), (-0.94068,-0.28023,0.19127), 1.1654, 2.0432, 4.3778, (gDx*15,gDy*3,gDz*0)),rgb(0,1,0.90625));
		draw(
			ellipsoid( (0.28227,-0.95464,0.094827), (0.2741,0.17498,0.94565), (-0.91934,-0.24094,0.31106), 1.1233, 2.1346, 4.435, (gDx*16,gDy*3,gDz*0)),rgb(0,1,0.90625));
		draw(
			ellipsoid( (-0.22927,0.92134,-0.31396), (-0.29094,-0.37267,-0.88118), (-0.92887,-0.11068,0.35349), 1.1129, 2.1674, 4.404, (gDx*17,gDy*3,gDz*0)),rgb(0,1,0.90625));
		draw(
			ellipsoid( (0.17003,-0.77063,0.61418), (0.25402,0.63647,0.72827), (-0.95214,0.032186,0.30397), 1.2019, 2.2352, 4.1904, (gDx*18,gDy*3,gDz*0)),rgb(0,1,0.8125));
		draw(
			ellipsoid( (0.076814,-0.58652,0.80628), (0.36835,0.76816,0.52369), (-0.92651,0.25677,0.27505), 1.1764, 2.5099, 4.1512, (gDx*19,gDy*3,gDz*0)),rgb(0,1,0.8125));
		draw(
			ellipsoid( (-0.013431,-0.52989,0.84796), (0.45433,0.7522,0.47725), (-0.89073,0.39166,0.23065), 1.1568, 2.6136, 4.2024, (gDx*20,gDy*3,gDz*0)),rgb(0,1,0.8125));
		draw(
			ellipsoid( (-0.082876,-0.48413,0.87106), (0.42961,0.77132,0.46957), (-0.8992,0.41313,0.14406), 1.4359, 2.6076, 3.9491, (gDx*21,gDy*3,gDz*0)),rgb(0,1,0.4375));
		draw(
			ellipsoid( (-0.19492,-0.38758,0.90099), (0.41642,0.79901,0.4338), (-0.88803,0.45975,0.0056525), 1.7277, 2.6025, 3.827, (gDx*22,gDy*3,gDz*0)),rgb(0,1,0.15625));
		draw(
			ellipsoid( (-0.32766,-0.17987,0.92752), (-0.46914,-0.82116,-0.32498), (0.82009,-0.54162,0.18468), 1.9323, 2.6109, 3.8457, (gDx*23,gDy*3,gDz*0)),rgb(0.03125,1,0));
		draw(
			ellipsoid( (-0.41059,0.069738,0.90915), (-0.63462,-0.7378,-0.23001), (0.65473,-0.6714,0.34719), 1.9324, 2.6556, 4.0813, (gDx*24,gDy*3,gDz*0)),rgb(0,1,0.0625));
		draw(
			ellipsoid( (0.21574,-0.19264,0.95726), (-0.67544,-0.7374,0.00383), (0.70515,-0.6474,-0.28921), 0.88515, 1.4417, 3.7389, (gDx*0,gDy*4,gDz*0)),rgb(0,1,1));
		draw(
			ellipsoid( (-0.23001,0.42329,-0.87631), (0.81902,0.57055,0.060617), (-0.52564,0.70378,0.47792), 0.89425, 1.3848, 3.0649, (gDx*1,gDy*4,gDz*0)),rgb(0,1,0.8125));
		draw(
			ellipsoid( (-0.28598,0.61662,-0.73348), (0.95248,0.2667,-0.14716), (-0.10487,0.74071,0.66359), 0.85726, 1.4967, 2.8899, (gDx*2,gDy*4,gDz*0)),rgb(0,1,0.71875));
		draw(
			ellipsoid( (-0.20574,0.75641,-0.6209), (0.94078,-0.021804,-0.33831), (0.26943,0.65374,0.70713), 0.9905, 1.4154, 3.3142, (gDx*3,gDy*4,gDz*0)),rgb(0,1,0.71875));
		draw(
			ellipsoid( (-0.29737,0.7982,-0.52387), (0.88579,0.025889,-0.46337), (0.3563,0.60183,0.71474), 1.0499, 1.5573, 3.3109, (gDx*4,gDy*4,gDz*0)),rgb(0,1,0.625));
		draw(
			ellipsoid( (-0.41818,0.79646,-0.43677), (-0.8006,-0.096013,0.59145), (0.42913,0.59701,0.6778), 1.1079, 1.7153, 3.2508, (gDx*5,gDy*4,gDz*0)),rgb(0,1,0.53125));
		draw(
			ellipsoid( (-0.55216,0.65055,-0.52144), (-0.75063,-0.11568,0.65052), (0.36287,0.7506,0.5522), 1.1142, 1.7251, 3.023, (gDx*6,gDy*4,gDz*0)),rgb(0,1,0.4375));
		draw(
			ellipsoid( (-0.66527,0.3714,-0.64767), (0.72871,0.13423,-0.67154), (-0.16247,-0.91872,-0.35995), 1.1603, 1.6743, 2.8473, (gDx*7,gDy*4,gDz*0)),rgb(0,1,0.34375));
		draw(
			ellipsoid( (-0.76665,0.10845,-0.63284), (0.64206,0.13117,-0.75535), (0.0010909,-0.98541,-0.17019), 1.101, 1.7101, 2.7766, (gDx*8,gDy*4,gDz*0)),rgb(0,1,0.34375));
		draw(
			ellipsoid( (0.74498,0.043642,0.66565), (-0.66373,-0.051413,0.7462), (-0.066789,0.99772,0.0093355), 1.1282, 1.8661, 2.541, (gDx*9,gDy*4,gDz*0)),rgb(0,1,0.15625));
		draw(
			ellipsoid( (0.56957,0.62699,0.53147), (-0.19075,-0.52812,0.82747), (-0.7995,0.57268,0.18121), 1.3281, 1.8503, 2.5146, (gDx*10,gDy*4,gDz*0)),rgb(0.125,1,0));
		draw(
			ellipsoid( (0.40391,0.88823,0.21888), (-0.027091,-0.22755,0.97339), (-0.9144,0.39909,0.067845), 1.1572, 1.8545, 3.4031, (gDx*11,gDy*4,gDz*0)),rgb(0,1,0.53125));
		draw(
			ellipsoid( (0.30096,0.94674,-0.11446), (0.029502,0.11072,0.99341), (-0.95318,0.30236,-0.0053926), 1.1017, 1.8454, 4.3122, (gDx*12,gDy*4,gDz*0)),rgb(0,1,0.90625));
		draw(
			ellipsoid( (0.18837,0.95536,-0.22759), (0.037025,0.22466,0.97373), (-0.9814,0.19185,-0.0069482), 1.192, 1.9706, 4.3496, (gDx*13,gDy*4,gDz*0)),rgb(0,1,0.8125));
		draw(
			ellipsoid( (0.060193,0.97211,-0.22665), (0.070034,0.22239,0.97244), (-0.99573,0.074408,0.054694), 1.2274, 2.0354, 4.0528, (gDx*14,gDy*4,gDz*0)),rgb(0,1,0.71875));
		draw(
			ellipsoid( (-0.054583,0.9884,-0.14173), (-0.20098,-0.14991,-0.96806), (-0.97807,-0.024355,0.20683), 1.0971, 2.1157, 3.8997, (gDx*15,gDy*4,gDz*0)),rgb(0,1,0.8125));
		draw(
			ellipsoid( (-0.13465,0.98375,-0.11875), (-0.35169,-0.15948,-0.92243), (-0.92638,-0.082443,0.36745), 0.9568, 2.1388, 4.0413, (gDx*16,gDy*4,gDz*0)),rgb(0,1,1));
		draw(
			ellipsoid( (-0.1597,0.94688,-0.27913), (-0.33347,-0.31788,-0.88755), (-0.92913,-0.04866,0.36653), 1.1038, 2.0767, 4.1213, (gDx*17,gDy*4,gDz*0)),rgb(0,1,0.8125));
		draw(
			ellipsoid( (0.14479,-0.8235,0.54853), (0.31518,0.56388,0.76335), (-0.93792,0.062358,0.3412), 1.2532, 2.1921, 4.1232, (gDx*18,gDy*4,gDz*0)),rgb(0,1,0.71875));
		draw(
			ellipsoid( (0.084133,-0.65526,0.7507), (0.41968,0.7066,0.56973), (-0.90376,0.26712,0.33445), 1.2611, 2.5262, 4.2324, (gDx*19,gDy*4,gDz*0)),rgb(0,1,0.71875));
		draw(
			ellipsoid( (0.0089344,-0.60937,0.79283), (0.53089,0.67479,0.51266), (-0.84739,0.41633,0.32954), 1.394, 2.6657, 4.0983, (gDx*20,gDy*4,gDz*0)),rgb(0,1,0.53125));
		draw(
			ellipsoid( (-0.049068,-0.53734,0.84194), (0.57899,0.67157,0.46235), (-0.81386,0.51016,0.27816), 1.5696, 2.7186, 3.9135, (gDx*21,gDy*4,gDz*0)),rgb(0,1,0.34375));
		draw(
			ellipsoid( (-0.092069,-0.38008,0.92036), (0.60326,0.71407,0.35523), (-0.79221,0.58792,0.16354), 1.7912, 2.7507, 3.8022, (gDx*22,gDy*4,gDz*0)),rgb(0,1,0.0625));
		draw(
			ellipsoid( (-0.12896,-0.11812,0.98459), (0.66983,0.72176,0.17432), (-0.73123,0.68199,-0.013956), 1.9254, 2.7792, 3.91, (gDx*23,gDy*4,gDz*0)),rgb(0.03125,1,0));
		draw(
			ellipsoid( (-0.15027,0.11084,0.98241), (-0.78351,-0.61937,-0.04997), (0.60293,-0.77724,0.17992), 1.893, 2.839, 4.3046, (gDx*24,gDy*4,gDz*0)),rgb(0,1,0.15625));
		draw(
			ellipsoid( (0.027316,-0.18052,0.98319), (0.8571,0.51039,0.069896), (-0.51443,0.84078,0.16866), 0.83335, 1.5106, 4.0024, (gDx*0,gDy*5,gDz*0)),rgb(0,0.90625,1));
		draw(
			ellipsoid( (0.14456,-0.31262,0.93881), (-0.93976,-0.34039,0.03136), (0.30976,-0.8868,-0.34299), 0.87122, 1.5308, 3.194, (gDx*1,gDy*5,gDz*0)),rgb(0,1,0.8125));
		draw(
			ellipsoid( (0.28429,-0.48317,0.82809), (-0.95863,-0.13035,0.25305), (-0.01432,-0.86577,-0.50024), 0.8038, 1.5044, 3.1518, (gDx*2,gDy*5,gDz*0)),rgb(0,1,0.90625));
		draw(
			ellipsoid( (-0.21316,0.63043,-0.7464), (0.9286,-0.10679,-0.35539), (0.30376,0.76886,0.56265), 0.88234, 1.4988, 3.2531, (gDx*3,gDy*5,gDz*0)),rgb(0,1,0.8125));
		draw(
			ellipsoid( (-0.2448,0.77675,-0.58028), (0.85198,-0.11336,-0.51116), (0.46283,0.61952,0.63403), 1.0228, 1.5952, 3.2304, (gDx*4,gDy*5,gDz*0)),rgb(0,1,0.625));
		draw(
			ellipsoid( (-0.26123,0.89351,-0.36523), (-0.77331,0.032735,0.63319), (0.57772,0.44784,0.68241), 1.0503, 1.7475, 3.3432, (gDx*5,gDy*5,gDz*0)),rgb(0,1,0.625));
		draw(
			ellipsoid( (-0.2422,0.86662,-0.43625), (-0.7765,0.096444,0.62269), (0.58171,0.48956,0.64957), 1.1253, 1.786, 2.9428, (gDx*6,gDy*5,gDz*0)),rgb(0,1,0.34375));
		draw(
			ellipsoid( (-0.32355,0.78705,-0.52524), (-0.76085,0.11359,0.63891), (0.56251,0.60635,0.56207), 1.2032, 1.765, 2.5872, (gDx*7,gDy*5,gDz*0)),rgb(0,1,0.0625));
		draw(
			ellipsoid( (-0.5053,0.64979,-0.56784), (0.7099,-0.061116,-0.70165), (-0.49063,-0.75765,-0.4304), 1.1999, 1.7284, 2.4458, (gDx*8,gDy*5,gDz*0)),rgb(0.03125,1,0));
		draw(
			ellipsoid( (-0.74831,0.46717,-0.47094), (0.51836,-0.031169,-0.85459), (-0.41392,-0.88362,-0.21884), 1.1296, 1.7854, 2.661, (gDx*9,gDy*5,gDz*0)),rgb(0,1,0.25));
		draw(
			ellipsoid( (0.66674,-0.17616,0.72418), (-0.74117,-0.25875,0.61944), (0.078264,-0.94974,-0.30308), 1.545, 2.02, 2.1773, (gDx*10,gDy*5,gDz*0)),rgb(0.78125,1,0));
		draw(
			ellipsoid( (-0.58206,-0.67449,-0.45416), (-0.12867,-0.47509,0.87048), (0.8029,-0.56511,-0.18974), 1.5008, 1.8205, 2.8347, (gDx*11,gDy*5,gDz*0)),rgb(0.125,1,0));
		draw(
			ellipsoid( (0.49857,0.85233,-0.15799), (0.13725,0.10235,0.98524), (-0.85592,0.51289,0.065951), 1.3248, 1.9784, 3.9927, (gDx*12,gDy*5,gDz*0)),rgb(0,1,0.625));
		draw(
			ellipsoid( (0.44024,0.84474,-0.3043), (0.18633,0.24558,0.9513), (-0.87834,0.4755,0.049288), 1.2019, 2.3126, 4.4395, (gDx*13,gDy*5,gDz*0)),rgb(0,1,0.8125));
		draw(
			ellipsoid( (0.33647,0.88083,-0.33305), (0.22886,0.26658,0.93625), (-0.91346,0.39124,0.11189), 1.2022, 2.4156, 4.1214, (gDx*14,gDy*5,gDz*0)),rgb(0,1,0.71875));
		draw(
			ellipsoid( (-0.16697,-0.95326,0.25183), (0.29885,0.19447,0.93428), (-0.93958,0.23126,0.25241), 1.0293, 2.3347, 3.7532, (gDx*15,gDy*5,gDz*0)),rgb(0,1,0.8125));
		draw(
			ellipsoid( (0.022692,0.98604,-0.16494), (-0.38592,-0.14356,-0.9113), (-0.92225,0.084333,0.37727), 0.68216, 2.212, 3.9219, (gDx*16,gDy*5,gDz*0)),rgb(0,0.71875,1));
		draw(
			ellipsoid( (-0.058205,0.95821,-0.28009), (-0.35473,-0.28211,-0.89139), (-0.93315,0.047475,0.35633), 1.0824, 2.0269, 3.9016, (gDx*17,gDy*5,gDz*0)),rgb(0,1,0.8125));
		draw(
			ellipsoid( (0.07215,-0.8803,0.4689), (0.38481,0.4583,0.80118), (-0.92017,0.12263,0.37182), 1.3219, 2.1822, 3.9787, (gDx*18,gDy*5,gDz*0)),rgb(0,1,0.625));
		draw(
			ellipsoid( (0.062285,-0.77106,0.6337), (0.48745,0.57756,0.65484), (-0.87093,0.26811,0.41183), 1.4753, 2.4518, 4.0854, (gDx*19,gDy*5,gDz*0)),rgb(0,1,0.4375));
		draw(
			ellipsoid( (0.02825,-0.70923,0.70441), (0.62963,0.55995,0.53853), (-0.77638,0.4283,0.46238), 1.6367, 2.7001, 4.1065, (gDx*20,gDy*5,gDz*0)),rgb(0,1,0.34375));
		draw(
			ellipsoid( (-0.03529,-0.59044,0.80631), (0.67642,0.5798,0.45418), (-0.73567,0.56143,0.37893), 1.7086, 2.7523, 3.8447, (gDx*21,gDy*5,gDz*0)),rgb(0,1,0.15625));
		draw(
			ellipsoid( (-0.10321,-0.44069,0.89171), (0.72109,0.58435,0.37225), (-0.68511,0.68142,0.25746), 1.7948, 2.8017, 3.699, (gDx*22,gDy*5,gDz*0)),rgb(0.03125,1,0));
		draw(
			ellipsoid( (-0.15405,-0.24253,0.95783), (0.76883,0.57947,0.27038), (-0.62062,0.77807,0.097199), 1.8588, 2.8915, 3.77, (gDx*23,gDy*5,gDz*0)),rgb(0.03125,1,0));
		draw(
			ellipsoid( (-0.2055,-0.072305,0.97598), (0.83996,0.49875,0.21381), (-0.50224,0.86372,-0.04176), 1.8139, 2.9898, 4.0712, (gDx*24,gDy*5,gDz*0)),rgb(0,1,0.15625));
		draw(
			ellipsoid( (-0.088897,-0.11129,0.9898), (0.98957,0.10323,0.10048), (-0.11336,0.98841,0.10096), 0.92393, 1.5364, 3.2728, (gDx*0,gDy*6,gDz*0)),rgb(0,1,0.8125));
		draw(
			ellipsoid( (0.027594,-0.22716,0.97347), (-0.99878,0.033546,0.03614), (-0.040866,-0.97328,-0.22596), 0.90533, 1.4956, 3.1866, (gDx*1,gDy*6,gDz*0)),rgb(0,1,0.8125));
		draw(
			ellipsoid( (0.14498,-0.38542,0.91128), (-0.97182,0.11755,0.20433), (-0.18587,-0.91522,-0.35752), 0.8999, 1.52, 3.1894, (gDx*2,gDy*6,gDz*0)),rgb(0,1,0.8125));
		draw(
			ellipsoid( (0.16929,-0.54879,0.81864), (-0.90339,0.24566,0.35149), (-0.394,-0.79905,-0.45418), 0.87175, 1.6036, 3.3189, (gDx*3,gDy*6,gDz*0)),rgb(0,1,0.90625));
		draw(
			ellipsoid( (-0.1952,0.72671,-0.65863), (0.81977,-0.24775,-0.51632), (0.53839,0.64071,0.54738), 0.9995, 1.6432, 3.2286, (gDx*4,gDy*6,gDz*0)),rgb(0,1,0.71875));
		draw(
			ellipsoid( (-0.16282,0.89205,-0.4216), (-0.7608,0.15856,0.62931), (0.62823,0.42322,0.65286), 1.0534, 1.737, 3.1074, (gDx*5,gDy*6,gDz*0)),rgb(0,1,0.53125));
		draw(
			ellipsoid( (-0.060728,0.94761,-0.31359), (-0.71413,0.17825,0.67694), (0.69737,0.26505,0.6659), 0.9968, 1.8872, 3.0731, (gDx*6,gDy*6,gDz*0)),rgb(0,1,0.625));
		draw(
			ellipsoid( (-0.058891,0.93587,-0.34739), (-0.60916,0.242,0.75522), (0.79086,0.25609,0.55585), 1.024, 1.9754, 2.9489, (gDx*7,gDy*6,gDz*0)),rgb(0,1,0.53125));
		draw(
			ellipsoid( (-0.19343,0.87832,-0.4372), (-0.50016,0.29509,0.8141), (-0.84405,-0.37614,-0.38222), 1.0278, 1.883, 2.7895, (gDx*8,gDy*6,gDz*0)),rgb(0,1,0.4375));
		draw(
			ellipsoid( (-0.44209,0.78054,-0.44195), (-0.44053,0.24025,0.86499), (-0.78134,-0.5771,-0.23764), 1.071, 1.86, 2.9, (gDx*9,gDy*6,gDz*0)),rgb(0,1,0.4375));
		draw(
			ellipsoid( (-0.55066,0.71879,-0.4244), (-0.37175,0.24405,0.89568), (-0.74738,-0.65098,-0.13282), 1.2211, 1.9291, 2.7748, (gDx*10,gDy*6,gDz*0)),rgb(0,1,0.15625));
		draw(
			ellipsoid( (-0.68056,0.60711,-0.4102), (-0.35127,0.22097,0.90983), (-0.64301,-0.76328,-0.062876), 1.465, 1.981, 2.5223, (gDx*11,gDy*6,gDz*0)),rgb(0.3125,1,0));
		draw(
			ellipsoid( (0.94463,0.18504,-0.27098), (-0.32082,0.34754,-0.88107), (-0.068854,0.91923,0.38766), 1.8193, 2.0291, 2.4507, (gDx*12,gDy*6,gDz*0)),rgb(0.96875,1,0));
		draw(
			ellipsoid( (0.82787,0.48537,-0.28116), (0.31308,0.016056,0.94959), (-0.46542,0.87416,0.13867), 1.4512, 2.32, 3.3282, (gDx*13,gDy*6,gDz*0)),rgb(0,1,0.15625));
		draw(
			ellipsoid( (-0.59399,-0.66542,0.4521), (0.43133,0.21095,0.87719), (0.67907,-0.71604,-0.16171), 1.3104, 2.6122, 3.5625, (gDx*14,gDy*6,gDz*0)),rgb(0,1,0.4375));
		draw(
			ellipsoid( (-0.39506,-0.7994,0.45265), (0.40762,0.28904,0.8662), (0.82327,-0.52671,-0.21166), 1.2878, 2.5598, 3.3111, (gDx*15,gDy*6,gDz*0)),rgb(0,1,0.4375));
		draw(
			ellipsoid( (-0.20185,-0.88302,0.42372), (0.37216,0.33103,0.86713), (0.90596,-0.33272,-0.2618), 1.1763, 2.4629, 3.3984, (gDx*16,gDy*6,gDz*0)),rgb(0,1,0.53125));
		draw(
			ellipsoid( (-0.11882,-0.89995,0.4195), (0.45046,0.32765,0.8305), (-0.88485,0.28765,0.36646), 1.3939, 2.2121, 3.4219, (gDx*17,gDy*6,gDz*0)),rgb(0,1,0.25));
		draw(
			ellipsoid( (-0.051275,-0.91583,0.39827), (0.47578,0.32823,0.81603), (-0.87807,0.23133,0.4189), 1.5002, 2.2558, 3.7103, (gDx*18,gDy*6,gDz*0)),rgb(0,1,0.34375));
		draw(
			ellipsoid( (-0.03041,-0.90182,0.43105), (0.57921,0.33556,0.74291), (-0.81461,0.27226,0.51214), 1.576, 2.412, 3.9407, (gDx*19,gDy*6,gDz*0)),rgb(0,1,0.34375));
		draw(
			ellipsoid( (-0.045713,-0.82208,0.56754), (0.6637,0.39962,0.6323), (-0.7466,0.40558,0.52735), 1.7422, 2.6087, 3.9511, (gDx*20,gDy*6,gDz*0)),rgb(0,1,0.15625));
		draw(
			ellipsoid( (-0.076475,-0.68188,0.72746), (0.75658,0.43551,0.48776), (-0.64941,0.58768,0.48259), 1.8112, 2.72, 3.7556, (gDx*21,gDy*6,gDz*0)),rgb(0.03125,1,0));
		draw(
			ellipsoid( (-0.12751,-0.50002,0.85658), (0.84268,0.40087,0.35945), (-0.5231,0.76765,0.37024), 1.7991, 2.8043, 3.6527, (gDx*22,gDy*6,gDz*0)),rgb(0.03125,1,0));
		draw(
			ellipsoid( (-0.16866,-0.33076,0.92852), (0.90121,0.32979,0.28118), (-0.39922,0.88422,0.24246), 1.7809, 2.9398, 3.7302, (gDx*23,gDy*6,gDz*0)),rgb(0,1,0.0625));
		draw(
			ellipsoid( (-0.21663,-0.19174,0.95724), (0.94327,0.21161,0.25586), (-0.25162,0.95836,0.13503), 1.717, 3.0699, 4.0293, (gDx*24,gDy*6,gDz*0)),rgb(0,1,0.25));
		draw(
			ellipsoid( (0.036089,0.060889,0.99749), (-0.8984,0.43915,0.0056973), (-0.4377,-0.89635,0.070551), 0.84375, 1.4923, 3.0169, (gDx*0,gDy*7,gDz*0)),rgb(0,1,0.8125));
		draw(
			ellipsoid( (0.075089,-0.1044,0.9917), (-0.89192,0.43768,0.11361), (-0.44591,-0.89305,-0.060253), 0.92705, 1.563, 2.9719, (gDx*1,gDy*7,gDz*0)),rgb(0,1,0.625));
		draw(
			ellipsoid( (0.11107,-0.29645,0.94857), (-0.8808,0.4127,0.23211), (-0.46029,-0.86127,-0.21528), 0.98112, 1.6359, 3.0824, (gDx*2,gDy*7,gDz*0)),rgb(0,1,0.625));
		draw(
			ellipsoid( (0.16146,-0.49753,0.85229), (-0.84755,0.37252,0.37802), (-0.50557,-0.78339,-0.36153), 0.99535, 1.6647, 3.3151, (gDx*3,gDy*7,gDz*0)),rgb(0,1,0.71875));
		draw(
			ellipsoid( (-0.17394,0.66771,-0.72381), (0.79349,-0.34026,-0.50458), (-0.58319,-0.6621,-0.47064), 1.0122, 1.7292, 3.2384, (gDx*4,gDy*7,gDz*0)),rgb(0,1,0.625));
		draw(
			ellipsoid( (-0.10843,0.82797,-0.55019), (-0.69731,0.33111,0.63571), (0.70852,0.45258,0.54145), 1.0592, 1.8269, 2.909, (gDx*5,gDy*7,gDz*0)),rgb(0,1,0.4375));
		draw(
			ellipsoid( (-0.023753,0.94139,-0.33649), (-0.63549,0.24562,0.732), (0.77174,0.23122,0.59241), 0.95787, 1.9517, 2.9613, (gDx*6,gDy*7,gDz*0)),rgb(0,1,0.625));
		draw(
			ellipsoid( (0.037662,0.96044,-0.27592), (-0.61064,0.24069,0.75444), (0.79101,0.14008,0.59555), 0.96128, 2.0341, 2.9277, (gDx*7,gDy*7,gDz*0)),rgb(0,1,0.625));
		draw(
			ellipsoid( (-0.0083993,0.95148,-0.30761), (-0.37978,0.28154,0.88119), (0.92504,0.12423,0.35899), 0.99501, 1.9247, 2.7725, (gDx*8,gDy*7,gDz*0)),rgb(0,1,0.53125));
		draw(
			ellipsoid( (-0.17994,0.89223,-0.41419), (-0.27931,0.35739,0.89121), (-0.94319,-0.27605,-0.18491), 1.0541, 1.7626, 2.8395, (gDx*9,gDy*7,gDz*0)),rgb(0,1,0.4375));
		draw(
			ellipsoid( (-0.40028,0.83108,-0.38612), (-0.26907,0.29619,0.91645), (-0.876,-0.47073,-0.10506), 1.0823, 1.6767, 2.8316, (gDx*10,gDy*7,gDz*0)),rgb(0,1,0.4375));
		draw(
			ellipsoid( (-0.61242,0.77367,-0.16241), (-0.14403,0.092807,0.98521), (-0.7773,-0.62676,-0.054596), 0.99031, 1.7972, 2.8596, (gDx*11,gDy*7,gDz*0)),rgb(0,1,0.53125));
		draw(
			ellipsoid( (0.72773,-0.6806,0.084797), (0.14154,0.028057,-0.98953), (0.6711,0.73212,0.11675), 1.0543, 2.1241, 2.9574, (gDx*12,gDy*7,gDz*0)),rgb(0,1,0.53125));
		draw(
			ellipsoid( (0.86793,-0.49581,0.029563), (0.17896,0.25664,-0.94979), (0.46333,0.82965,0.31147), 1.252, 2.3668, 2.9915, (gDx*13,gDy*7,gDz*0)),rgb(0,1,0.34375));
		draw(
			ellipsoid( (0.96542,0.02608,-0.2594), (-0.25245,0.34193,-0.90518), (0.06509,0.93936,0.33669), 1.1987, 2.4081, 3.1579, (gDx*14,gDy*7,gDz*0)),rgb(0,1,0.4375));
		draw(
			ellipsoid( (-0.69681,-0.39739,0.59711), (-0.6925,0.15588,-0.70438), (-0.18683,0.90431,0.38381), 1.4595, 2.591, 3.0722, (gDx*15,gDy*7,gDz*0)),rgb(0,1,0.0625));
		draw(
			ellipsoid( (-0.51688,-0.59819,0.61238), (0.64518,0.19796,0.73794), (0.56265,-0.77652,-0.28361), 1.5583, 2.677, 3.525, (gDx*16,gDy*7,gDz*0)),rgb(0,1,0.15625));
		draw(
			ellipsoid( (-0.45285,-0.72778,0.51503), (0.61838,0.15975,0.76947), (-0.64229,0.66694,0.3777), 1.728, 2.3894, 3.4536, (gDx*17,gDy*7,gDz*0)),rgb(0.03125,1,0));
		draw(
			ellipsoid( (0.26706,0.91197,-0.31142), (-0.55408,-0.11909,-0.8239), (-0.78846,0.39258,0.4735), 1.6525, 2.3846, 3.4674, (gDx*18,gDy*7,gDz*0)),rgb(0,1,0.0625));
		draw(
			ellipsoid( (0.19439,0.94412,-0.26617), (-0.63289,-0.086601,-0.76938), (-0.74944,0.31802,0.58069), 1.6328, 2.5633, 3.6433, (gDx*19,gDy*7,gDz*0)),rgb(0,1,0.15625));
		draw(
			ellipsoid( (-0.19175,-0.88908,0.41565), (0.74707,0.14244,0.64931), (-0.63649,0.43503,0.63689), 1.7503, 2.698, 3.6366, (gDx*20,gDy*7,gDz*0)),rgb(0,1,0.0625));
		draw(
			ellipsoid( (-0.2402,-0.78456,0.57163), (0.82838,0.14132,0.54205), (0.50605,-0.60373,-0.61597), 1.8525, 2.7844, 3.646, (gDx*21,gDy*7,gDz*0)),rgb(0.125,1,0));
		draw(
			ellipsoid( (-0.27432,-0.64805,0.71048), (0.85932,0.16642,0.4836), (-0.43163,0.74319,0.51123), 1.9199, 2.832, 3.5816, (gDx*22,gDy*7,gDz*0)),rgb(0.21875,1,0));
		draw(
			ellipsoid( (-0.28001,-0.47333,0.8352), (0.90339,0.16441,0.39605), (-0.32477,0.86541,0.38156), 1.9258, 2.9307, 3.6195, (gDx*23,gDy*7,gDz*0)),rgb(0.125,1,0));
		draw(
			ellipsoid( (-0.28767,-0.30801,0.90685), (0.93977,0.091727,0.32927), (-0.1846,0.94695,0.26308), 1.8634, 3.0444, 3.8622, (gDx*24,gDy*7,gDz*0)),rgb(0,1,0.0625));
		draw(
			ellipsoid( (-0.026875,0.35764,0.93347), (-0.79916,0.55328,-0.23499), (-0.60052,-0.75231,0.27095), 0.86859, 1.2068, 3.4054, (gDx*0,gDy*8,gDz*0)),rgb(0,1,1));
		draw(
			ellipsoid( (0.049444,0.11,0.9927), (-0.74666,0.66421,-0.036414), (-0.66336,-0.73941,0.11498), 0.95847, 1.4416, 3.3085, (gDx*1,gDy*8,gDz*0)),rgb(0,1,0.8125));
		draw(
			ellipsoid( (0.044543,-0.11645,0.9922), (-0.72922,0.67506,0.11196), (-0.68283,-0.72852,-0.054845), 1.0029, 1.7279, 3.3904, (gDx*2,gDy*8,gDz*0)),rgb(0,1,0.71875));
		draw(
			ellipsoid( (0.10681,-0.36995,0.92289), (-0.75135,0.57789,0.31861), (-0.6512,-0.72745,-0.21624), 1.088, 1.7671, 3.3192, (gDx*3,gDy*8,gDz*0)),rgb(0,1,0.625));
		draw(
			ellipsoid( (0.14418,-0.56845,0.80998), (-0.7351,0.48643,0.47224), (-0.66244,-0.66351,-0.34774), 1.085, 1.9043, 3.2121, (gDx*4,gDy*8,gDz*0)),rgb(0,1,0.53125));
		draw(
			ellipsoid( (-0.085703,0.73642,-0.67107), (0.62825,-0.48282,-0.61007), (-0.77328,-0.47389,-0.42128), 1.0906, 1.9456, 2.8802, (gDx*5,gDy*8,gDz*0)),rgb(0,1,0.4375));
		draw(
			ellipsoid( (-0.00080097,-0.89506,0.44594), (-0.56811,0.3674,0.73639), (-0.82295,-0.25275,-0.50878), 0.99781, 2.0079, 2.8266, (gDx*6,gDy*8,gDz*0)),rgb(0,1,0.53125));
		draw(
			ellipsoid( (0.10001,0.9446,-0.31263), (-0.59987,0.30792,0.73847), (0.79382,0.11368,0.59743), 0.9857, 2.0429, 2.7863, (gDx*7,gDy*8,gDz*0)),rgb(0,1,0.53125));
		draw(
			ellipsoid( (0.14357,0.95799,-0.24829), (-0.47592,0.2868,0.83141), (0.86769,-0.001197,0.4971), 1.0529, 2.0095, 2.6036, (gDx*8,gDy*8,gDz*0)),rgb(0,1,0.34375));
		draw(
			ellipsoid( (0.076156,0.97576,-0.20515), (-0.18585,0.21603,0.95854), (-0.97962,0.034873,-0.19779), 1.1944, 1.9508, 2.4131, (gDx*9,gDy*8,gDz*0)),rgb(0.03125,1,0));
		draw(
			ellipsoid( (-0.11181,0.97873,-0.17203), (-0.046103,0.16782,0.98474), (-0.99266,-0.11803,-0.026359), 1.2396, 1.8891, 2.4229, (gDx*10,gDy*8,gDz*0)),rgb(0.125,1,0));
		draw(
			ellipsoid( (-0.29891,0.94961,-0.094312), (-0.014151,0.094408,0.99543), (-0.95418,-0.29888,0.014782), 1.181, 1.9548, 2.5273, (gDx*11,gDy*8,gDz*0)),rgb(0,1,0.0625));
		draw(
			ellipsoid( (-0.42495,0.90491,-0.023491), (0.012557,0.031841,0.99941), (-0.90513,-0.42441,0.024894), 1.1396, 2.1071, 2.8253, (gDx*12,gDy*8,gDz*0)),rgb(0,1,0.34375));
		draw(
			ellipsoid( (-0.50855,0.86069,0.024236), (0.038093,-0.0056298,0.99926), (0.86019,0.50909,-0.029923), 1.1069, 2.2663, 3.1885, (gDx*13,gDy*8,gDz*0)),rgb(0,1,0.53125));
		draw(
			ellipsoid( (0.60113,-0.79187,-0.10765), (0.081051,0.19443,-0.97756), (0.79503,0.57892,0.18106), 1.3396, 2.3567, 3.2242, (gDx*14,gDy*8,gDz*0)),rgb(0,1,0.25));
		draw(
			ellipsoid( (-0.75121,0.53194,0.3908), (0.029989,-0.56395,0.82527), (0.65939,0.63166,0.40769), 1.7352, 2.418, 3.2779, (gDx*15,gDy*8,gDz*0)),rgb(0.125,1,0));
		draw(
			ellipsoid( (-0.69626,-0.1019,0.71052), (0.69656,-0.33491,0.63454), (0.1733,0.93672,0.30416), 1.9041, 2.5545, 3.2961, (gDx*16,gDy*8,gDz*0)),rgb(0.3125,1,0));
		draw(
			ellipsoid( (-0.69675,-0.30333,0.65002), (0.70345,-0.11163,0.70193), (-0.14035,0.94633,0.29115), 1.886, 2.3597, 3.4056, (gDx*17,gDy*8,gDz*0)),rgb(0.21875,1,0));
		draw(
			ellipsoid( (-0.69581,-0.53707,0.47687), (0.6921,-0.32393,0.64503), (-0.19195,0.77886,0.5971), 1.946, 2.4848, 3.049, (gDx*18,gDy*8,gDz*0)),rgb(0.59375,1,0));
		draw(
			ellipsoid( (0.48462,0.80119,-0.35105), (0.85479,-0.34857,0.38449), (-0.18568,0.48641,0.85377), 1.89, 2.6559, 3.1741, (gDx*19,gDy*8,gDz*0)),rgb(0.40625,1,0));
		draw(
			ellipsoid( (-0.39792,-0.83703,0.37555), (0.87622,-0.22544,0.42594), (0.27186,-0.49855,-0.82313), 1.8025, 2.7819, 3.4661, (gDx*20,gDy*8,gDz*0)),rgb(0.125,1,0));
		draw(
			ellipsoid( (-0.38278,-0.81304,0.43869), (0.88964,-0.1964,0.41227), (0.24903,-0.54808,-0.79849), 1.8244, 2.8841, 3.6523, (gDx*21,gDy*8,gDz*0)),rgb(0.03125,1,0));
		draw(
			ellipsoid( (0.42317,0.73754,-0.52628), (0.88241,-0.20366,0.42412), (-0.20563,0.64387,0.73699), 1.9366, 2.9134, 3.6327, (gDx*22,gDy*8,gDz*0)),rgb(0.125,1,0));
		draw(
			ellipsoid( (-0.42652,-0.60567,0.67175), (0.88661,-0.13306,0.44297), (-0.17891,0.78451,0.59374), 2.0046, 2.9581, 3.6186, (gDx*23,gDy*8,gDz*0)),rgb(0.21875,1,0));
		draw(
			ellipsoid( (-0.40306,-0.43947,0.80275), (0.90597,-0.067535,0.41791), (-0.12944,0.89572,0.42537), 1.9676, 3.0032, 3.7622, (gDx*24,gDy*8,gDz*0)),rgb(0.125,1,0));
		draw(
			ellipsoid( (0.39011,0.29393,0.87259), (0.69567,-0.71492,-0.070195), (-0.6032,-0.63442,0.48338), 0.89068, 1.1848, 3.3409, (gDx*0,gDy*9,gDz*0)),rgb(0,1,0.90625));
		draw(
			ellipsoid( (0.14874,0.21311,0.96564), (-0.67394,0.73644,-0.058721), (-0.72365,-0.64205,0.25316), 1.002, 1.4837, 3.2565, (gDx*1,gDy*9,gDz*0)),rgb(0,1,0.71875));
		draw(
			ellipsoid( (0.020401,0.030815,0.99932), (-0.58354,0.81198,-0.013125), (-0.81183,-0.58287,0.034547), 0.94817, 1.825, 3.8736, (gDx*2,gDy*9,gDz*0)),rgb(0,1,0.90625));
		draw(
			ellipsoid( (0.083937,-0.20906,0.97429), (-0.57299,0.78981,0.21884), (-0.81526,-0.57663,-0.053494), 1.0848, 1.8951, 3.5015, (gDx*3,gDy*9,gDz*0)),rgb(0,1,0.71875));
		draw(
			ellipsoid( (0.12377,-0.44549,0.88669), (-0.6397,0.64728,0.4145), (-0.75859,-0.61852,-0.20487), 1.1205, 2.1008, 3.2823, (gDx*4,gDy*9,gDz*0)),rgb(0,1,0.53125));
		draw(
