	import three;
	import settings;

	surface ellipsoid(triple v1,triple v2,triple v3,real l1,real l2, real l3, triple pos=O) {
		transform3 T = identity(4);
		T[0][0] = l1*v1.x;
		T[1][0] = l1*v1.y;
		T[2][0] = l1*v1.z;
		T[0][1] = l2*v2.x;
		T[1][1] = l2*v2.y;
		T[2][1] = l2*v2.z;
		T[0][2] = l3*v3.x;
		T[1][2] = l3*v3.y;
		T[2][2] = l3*v3.z;
		T[0][3] = pos.x;
		T[1][3] = pos.y;
		T[2][3] = pos.z;
		return T*unitsphere;
	}

	size(200);

	real gDx=4;
	real gDy=4;
	real gDz=4;

	currentprojection=perspective( camera=(gDx*12,gDy*12,25),up=Y, target=(gDx*12,gDy*12,gDz*-0.5));
		draw(
			ellipsoid( (0.9503,0.30953,-0.033348), (0.3099,-0.95075,0.0063558), (0.029738,0.016374,0.99942), 1.1878, 0.90834, 3.4117, (gDx*0,gDy*0,gDz*0)),rgb(0,1,0.90625));
		draw(
			ellipsoid( (0.26559,-0.06255,-0.96206), (-0.96405,-0.025687,-0.26447), (0.0081698,-0.99771,0.067123), 3.4278, 1.6422, 1.0405, (gDx*1,gDy*0,gDz*0)),rgb(0,1,0.71875));
		draw(
			ellipsoid( (0.76379,-0.20344,-0.61256), (-0.64414,-0.17948,-0.74356), (-0.041326,-0.9625,0.26813), 3.5855, 1.4301, 0.92796, (gDx*2,gDy*0,gDz*0)),rgb(0,1,0.90625));
		draw(
			ellipsoid( (-0.89591,0.23197,0.37885), (0.33002,0.91844,0.21806), (0.29737,-0.32039,0.8994), 3.4884, 1.0182, 1.1421, (gDx*3,gDy*0,gDz*0)),rgb(0,1,0.90625));
		draw(
			ellipsoid( (0.93165,-0.19494,-0.30663), (-0.35509,-0.66738,-0.65461), (0.07703,-0.71875,0.69099), 3.3073, 1.1462, 1.294, (gDx*4,gDy*0,gDz*0)),rgb(0,1,0.625));
		draw(
			ellipsoid( (0.99516,-0.05269,-0.082891), (-0.098004,-0.58863,-0.80244), (0.0065114,-0.80668,0.59095), 3.4249, 1.0592, 1.4957, (gDx*5,gDy*0,gDz*0)),rgb(0,1,0.71875));
		draw(
			ellipsoid( (0.99947,0.0068954,-0.031855), (0.020521,0.62619,0.7794), (-0.025322,0.77964,-0.62571), 3.6233, 0.96059, 1.5742, (gDx*6,gDy*0,gDz*0)),rgb(0,1,0.90625));
		draw(
			ellipsoid( (0.99484,0.094866,0.036087), (0.084992,-0.58428,-0.80709), (0.055481,-0.80599,0.58932), 3.7047, 0.85944, 1.3927, (gDx*7,gDy*0,gDz*0)),rgb(0,1,1));
		draw(
			ellipsoid( (0.98985,0.10325,0.097648), (0.14049,-0.81434,-0.56312), (-0.021379,-0.57113,0.82058), 3.0107, 0.71622, 1.4487, (gDx*8,gDy*0,gDz*0)),rgb(0,1,1));
		draw(
			ellipsoid( (0.98965,0.11753,0.082304), (0.14348,-0.814,-0.56286), (-0.00084347,-0.56885,0.82244), 2.8444, 0.70523, 1.3892, (gDx*9,gDy*0,gDz*0)),rgb(0,1,0.90625));
		draw(
			ellipsoid( (-0.88042,-0.47391,-0.016679), (-0.40738,0.73789,0.5381), (0.2427,-0.48055,0.84271), 2.9396, 0.98826, 1.6875, (gDx*10,gDy*0,gDz*0)),rgb(0,1,0.53125));
		draw(
			ellipsoid( (0.78764,-0.58744,-0.18585), (-0.58862,-0.80655,0.054807), (0.18209,-0.066225,0.98105), 1.3074, 2.7404, 2.142, (gDx*11,gDy*0,gDz*0)),rgb(0,1,0.0625));
		draw(
			ellipsoid( (0.20931,0.97616,0.057499), (0.97227,-0.21403,0.094294), (-0.10435,-0.036168,0.99388), 4.1582, 0.60701, 1.9126, (gDx*12,gDy*0,gDz*0)),rgb(0,0.625,1));
		draw(
			ellipsoid( (0.33889,0.94081,0.0053375), (0.92361,-0.3316,-0.19233), (0.17918,-0.070109,0.98132), 5.0868, 1.1422, 1.5139, (gDx*13,gDy*0,gDz*0)),rgb(0,0.90625,1));
		draw(
			ellipsoid( (0.73435,0.6731,-0.087524), (0.67869,-0.7262,0.10963), (-0.010233,0.13991,0.99011), 4.1784, 0.98815, 1.9695, (gDx*14,gDy*0,gDz*0)),rgb(0,1,1));
		draw(
			ellipsoid( (0.83581,0.52236,-0.16901), (0.54766,-0.81495,0.18954), (0.038724,0.25098,0.96722), 4.3449, 0.95379, 1.9643, (gDx*15,gDy*0,gDz*0)),rgb(0,0.90625,1));
		draw(
			ellipsoid( (0.91146,0.37955,-0.15867), (0.41138,-0.84256,0.34765), (0.001742,0.38214,0.9241), 4.3969, 1.0315, 1.9502, (gDx*16,gDy*0,gDz*0)),rgb(0,1,1));
		draw(
			ellipsoid( (0.98757,0.10214,-0.11948), (0.15635,-0.71686,0.67946), (0.01625,0.6897,0.72392), 4.3692, 0.90053, 1.722, (gDx*17,gDy*0,gDz*0)),rgb(0,0.90625,1));
		draw(
			ellipsoid( (0.99497,0.055116,-0.083653), (0.099298,-0.65306,0.75077), (0.013251,0.7553,0.65524), 4.5379, 0.92293, 1.8725, (gDx*18,gDy*0,gDz*0)),rgb(0,0.90625,1));
		draw(
			ellipsoid( (0.99456,-0.10295,0.016102), (-0.064194,-0.48364,0.87291), (0.082076,0.86919,0.48761), 4.2042, 1.1889, 2.1364, (gDx*19,gDy*0,gDz*0)),rgb(0,1,0.8125));
		draw(
			ellipsoid( (0.95011,-0.21397,0.22693), (-0.29583,-0.38772,0.87302), (0.098817,0.8966,0.43168), 3.5747, 1.0261, 2.195, (gDx*20,gDy*0,gDz*0)),rgb(0,1,0.8125));
		draw(
			ellipsoid( (0.92578,-0.25807,0.27627), (-0.35019,-0.31007,0.88387), (0.14244,0.91502,0.37743), 3.7798, 1.1932, 2.2627, (gDx*21,gDy*0,gDz*0)),rgb(0,1,0.625));
		draw(
			ellipsoid( (0.9349,-0.18541,0.30264), (-0.32914,-0.13388,0.93474), (0.13279,0.9735,0.18619), 4.2174, 1.0894, 2.1091, (gDx*22,gDy*0,gDz*0)),rgb(0,1,0.90625));
		draw(
			ellipsoid( (0.80066,-0.20465,0.56308), (-0.59775,-0.20945,0.77384), (0.040428,0.95616,0.29003), 3.6332, 1.4742, 2.5719, (gDx*23,gDy*0,gDz*0)),rgb(0,1,0.34375));
		draw(
			ellipsoid( (-0.87911,-0.21677,0.42447), (-0.47388,0.30226,-0.82709), (-0.05099,0.92825,0.36844), 1.839, 3.3425, 2.5994, (gDx*24,gDy*0,gDz*0)),rgb(0.21875,1,0));
		draw(
			ellipsoid( (0.31075,-0.33294,-0.89027), (-0.94158,0.020123,-0.33619), (-0.12985,-0.94273,0.30724), 3.7387, 1.3442, 0.92082, (gDx*0,gDy*1,gDz*0)),rgb(0,1,1));
		draw(
			ellipsoid( (0.10081,-0.36601,-0.92513), (-0.96278,-0.27028,0.0020176), (0.25079,-0.89049,0.37964), 3.6195, 1.0407, 1.2265, (gDx*1,gDy*1,gDz*0)),rgb(0,1,0.90625));
		draw(
			ellipsoid( (-0.32976,0.37766,0.86523), (0.76434,0.64473,0.0098934), (0.55411,-0.6646,0.50127), 3.2325, 1.5351, 1.1373, (gDx*2,gDy*1,gDz*0)),rgb(0,1,0.53125));
		draw(
			ellipsoid( (0.75989,-0.34105,-0.55341), (-0.64375,-0.51306,-0.56776), (0.090295,-0.78769,0.60942), 3.4226, 1.1598, 1.2293, (gDx*3,gDy*1,gDz*0)),rgb(0,1,0.71875));
		draw(
			ellipsoid( (0.8106,-0.38694,-0.43956), (-0.58515,-0.50554,-0.63406), (-0.02313,-0.77117,0.6362), 3.2612, 1.096, 1.3747, (gDx*4,gDy*1,gDz*0)),rgb(0,1,0.625));
		draw(
			ellipsoid( (0.82906,-0.44461,-0.33908), (-0.54494,-0.50657,-0.66816), (-0.1253,-0.73872,0.66226), 2.9969, 1.0918, 1.4226, (gDx*5,gDy*1,gDz*0)),rgb(0,1,0.53125));
		draw(
			ellipsoid( (0.97589,-0.10554,-0.19104), (-0.19741,-0.80016,-0.56637), (0.093085,-0.59043,0.8017), 3.1676, 0.8878, 1.6707, (gDx*6,gDy*1,gDz*0)),rgb(0,1,0.8125));
		draw(
			ellipsoid( (0.99625,-0.073028,-0.046394), (-0.085159,-0.92239,-0.37675), (0.015281,-0.37928,0.92515), 3.1613, 0.61362, 1.4623, (gDx*7,gDy*1,gDz*0)),rgb(0,0.8125,1));
		draw(
			ellipsoid( (0.99936,-0.0038596,0.035495), (0.033367,0.45472,-0.89001), (0.012705,-0.89062,-0.45456), 2.8117, 1.4408, 0.76062, (gDx*8,gDy*1,gDz*0)),rgb(0,1,0.8125));
		draw(
			ellipsoid( (0.99923,0.014241,0.036602), (0.030799,-0.86241,-0.50527), (-0.024371,-0.506,0.86219), 2.8262, 0.77867, 1.3984, (gDx*9,gDy*1,gDz*0)),rgb(0,1,0.8125));
		draw(
			ellipsoid( (0.95994,0.27836,0.032278), (0.21982,-0.67656,-0.70282), (0.1738,-0.68176,0.71064), 2.7552, 0.95401, 1.4666, (gDx*10,gDy*1,gDz*0)),rgb(0,1,0.53125));
		draw(
			ellipsoid( (0.87637,0.47287,0.09151), (0.47263,-0.88089,0.025685), (-0.092756,-0.020741,0.99547), 2.8287, 0.9367, 1.2739, (gDx*11,gDy*1,gDz*0)),rgb(0,1,0.625));
		draw(
			ellipsoid( (0.84138,0.53931,0.035046), (0.53292,-0.8387,0.11215), (-0.089877,0.075684,0.99307), 3.4819, 0.95305, 1.4721, (gDx*12,gDy*1,gDz*0)),rgb(0,1,0.8125));
		draw(
			ellipsoid( (0.73922,0.66851,-0.081476), (0.67337,-0.73171,0.10569), (-0.011038,0.13299,0.99106), 4.1605, 0.99385, 1.9691, (gDx*13,gDy*1,gDz*0)),rgb(0,1,1));
		draw(
			ellipsoid( (0.73922,0.66851,-0.081476), (0.67337,-0.73171,0.10569), (-0.011038,0.13299,0.99106), 4.1605, 0.99385, 1.9691, (gDx*14,gDy*1,gDz*0)),rgb(0,1,1));
		draw(
			ellipsoid( (0.85135,0.50594,-0.13866), (0.52456,-0.82435,0.21282), (0.0066288,0.25391,0.9672), 4.1199, 1.0324, 2.0023, (gDx*15,gDy*1,gDz*0)),rgb(0,1,0.90625));
		draw(
			ellipsoid( (0.91161,0.37865,-0.15999), (0.41104,-0.84329,0.34628), (0.003804,0.38143,0.92439), 4.3756, 1.0414, 1.9457, (gDx*16,gDy*1,gDz*0)),rgb(0,1,1));
		draw(
			ellipsoid( (0.98002,0.1076,-0.1673), (0.1923,-0.72766,0.65843), (0.050889,0.67744,0.73381), 4.186, 1.0164, 1.899, (gDx*17,gDy*1,gDz*0)),rgb(0,1,1));
		draw(
			ellipsoid( (0.98984,0.017164,-0.14114), (0.11759,-0.65682,0.74482), (0.079918,0.75385,0.65216), 4.4986, 1.0473, 2.0429, (gDx*18,gDy*1,gDz*0)),rgb(0,1,1));
		draw(
			ellipsoid( (0.99109,-0.12963,-0.030695), (-0.12345,-0.80713,-0.57732), (-0.050063,-0.57597,0.81594), 4.2196, 2.3012, 1.2953, (gDx*19,gDy*1,gDz*0)),rgb(0,1,0.71875));
		draw(
			ellipsoid( (0.96965,-0.24369,0.019929), (-0.20859,-0.86698,-0.45258), (-0.12757,-0.43469,0.8915), 4.223, 2.4974, 1.2001, (gDx*20,gDy*1,gDz*0)),rgb(0,1,0.8125));
		draw(
			ellipsoid( (0.95302,-0.26879,0.13967), (-0.23941,-0.38589,0.89094), (0.18558,0.88252,0.43211), 4.0999, 1.263, 2.4517, (gDx*21,gDy*1,gDz*0)),rgb(0,1,0.71875));
		draw(
			ellipsoid( (0.90064,-0.2613,0.34724), (-0.43031,-0.42466,0.79655), (0.060682,0.86683,0.4949), 4.0298, 1.527, 2.2364, (gDx*22,gDy*1,gDz*0)),rgb(0,1,0.4375));
		draw(
			ellipsoid( (0.86437,-0.28711,0.41283), (-0.49943,-0.39459,0.77127), (0.058542,0.87285,0.48447), 3.8791, 1.6511, 2.3129, (gDx*23,gDy*1,gDz*0)),rgb(0,1,0.25));
		draw(
			ellipsoid( (-0.7169,0.42393,-0.55348), (0.64584,0.10484,-0.75624), (0.26256,0.89961,0.34895), 3.7957, 1.8162, 2.582, (gDx*24,gDy*1,gDz*0)),rgb(0,1,0.0625));
		draw(
			ellipsoid( (0.55639,-0.37517,-0.7414), (-0.82949,-0.19854,-0.52204), (-0.048656,-0.90544,0.42167), 3.3571, 1.0549, 1.23, (gDx*0,gDy*2,gDz*0)),rgb(0,1,0.8125));
		draw(
			ellipsoid( (-0.19236,0.44766,0.87327), (0.93173,-0.19601,0.30572), (-0.30803,-0.87245,0.3794), 3.4211, 0.67593, 1.3658, (gDx*1,gDy*2,gDz*0)),rgb(0,0.8125,1));
		draw(
			ellipsoid( (-0.78013,0.5206,-0.34696), (0.62388,0.68871,-0.3694), (-0.04665,0.50464,0.86207), 1.0198, 1.4251, 3.2035, (gDx*2,gDy*2,gDz*0)),rgb(0,1,0.71875));
		draw(
			ellipsoid( (-0.37469,0.80352,-0.46256), (0.92714,0.3228,-0.19028), (0.0035844,0.50015,0.86593), 1.0641, 1.7104, 3.4521, (gDx*3,gDy*2,gDz*0)),rgb(0,1,0.71875));
		draw(
			ellipsoid( (0.51785,-0.48279,-0.70622), (-0.84604,-0.4113,-0.33919), (0.12671,-0.77314,0.62145), 3.3376, 1.7618, 1.3394, (gDx*4,gDy*2,gDz*0)),rgb(0,1,0.34375));
		draw(
			ellipsoid( (-0.59465,0.64963,0.47368), (0.66899,0.073029,0.73968), (-0.44593,-0.75673,0.47802), 2.7496, 1.3032, 1.5636, (gDx*5,gDy*2,gDz*0)),rgb(0,1,0.0625));
		draw(
			ellipsoid( (-0.73203,0.62419,0.27297), (0.51711,0.24823,0.81913), (-0.44353,-0.74079,0.50449), 2.6799, 1.2635, 1.5292, (gDx*6,gDy*2,gDz*0)),rgb(0,1,0.0625));
		draw(
			ellipsoid( (0.79307,-0.60554,-0.066001), (-0.55904,-0.7666,0.31592), (0.2419,0.21365,0.94649), 2.7397, 1.5741, 1.1615, (gDx*7,gDy*2,gDz*0)),rgb(0,1,0.25));
		draw(
			ellipsoid( (0.86303,-0.50511,-0.0061816), (-0.49768,-0.85231,0.16089), (0.086534,0.13577,0.98695), 2.7002, 1.5049, 0.92942, (gDx*8,gDy*2,gDz*0)),rgb(0,1,0.53125));
		draw(
			ellipsoid( (0.99178,-0.12794,0.0028361), (-0.10693,-0.84066,-0.5309), (-0.070309,-0.52623,0.84743), 2.8012, 0.87624, 1.3538, (gDx*9,gDy*2,gDz*0)),rgb(0,1,0.71875));
		draw(
			ellipsoid( (0.99876,0.023757,-0.043727), (0.049696,-0.43019,0.90137), (-0.0026026,0.90242,0.43084), 2.6607, 1.4247, 0.88248, (gDx*10,gDy*2,gDz*0)),rgb(0,1,0.625));
		draw(
			ellipsoid( (0.99189,0.12651,-0.012529), (0.11235,-0.91848,-0.37918), (0.059476,-0.3747,0.92524), 3.2077, 1.1663, 1.4076, (gDx*11,gDy*2,gDz*0)),rgb(0,1,0.53125));
		draw(
			ellipsoid( (0.98154,0.18046,0.063306), (0.18236,-0.9829,-0.025698), (-0.057586,-0.036769,0.99766), 3.6131, 1.1283, 1.6164, (gDx*12,gDy*2,gDz*0)),rgb(0,1,0.71875));
		draw(
			ellipsoid( (0.91137,0.41009,-0.035203), (0.40465,-0.90835,-0.10562), (0.075288,-0.08201,0.99378), 4.453, 1.2047, 1.9927, (gDx*13,gDy*2,gDz*0)),rgb(0,1,0.8125));
		draw(
			ellipsoid( (-0.87567,-0.4713,0.10523), (-0.46308,0.88134,0.093763), (0.13694,-0.033374,0.99002), 4.3418, 1.0748, 2.0217, (gDx*14,gDy*2,gDz*0)),rgb(0,1,0.90625));
		draw(
			ellipsoid( (-0.89832,-0.39664,0.18893), (-0.41067,0.91089,-0.04035), (0.15609,0.11384,0.98116), 4.417, 1.1424, 2.0692, (gDx*15,gDy*2,gDz*0)),rgb(0,1,0.90625));
		draw(
			ellipsoid( (-0.92548,-0.27375,0.2618), (-0.30383,0.94924,-0.081484), (0.22621,0.15496,0.96168), 4.3835, 1.1579, 2.0799, (gDx*16,gDy*2,gDz*0)),rgb(0,1,0.90625));
		draw(
			ellipsoid( (-0.94209,-0.090635,0.32288), (-0.26177,-0.40311,-0.87692), (-0.20964,0.91065,-0.35604), 4.351, 2.2258, 1.1052, (gDx*17,gDy*2,gDz*0)),rgb(0,1,0.90625));
		draw(
			ellipsoid( (-0.96463,0.0022017,0.26358), (-0.16747,0.76708,-0.61931), (0.20355,0.64155,0.73958), 4.2407, 1.0672, 2.1898, (gDx*18,gDy*2,gDz*0)),rgb(0,1,0.90625));
		draw(
			ellipsoid( (0.96017,-0.2347,-0.15163), (-0.27917,-0.82885,-0.48485), (0.011884,-0.50787,0.86135), 4.053, 2.5339, 1.3019, (gDx*19,gDy*2,gDz*0)),rgb(0,1,0.625));
		draw(
			ellipsoid( (0.9456,-0.31173,-0.093091), (-0.32108,-0.84817,-0.42133), (-0.052384,-0.4283,0.90212), 4.1231, 2.5296, 1.198, (gDx*20,gDy*2,gDz*0)),rgb(0,1,0.71875));
		draw(
			ellipsoid( (0.94379,-0.3288,0.033945), (-0.27554,-0.83929,-0.46869), (-0.1826,-0.43299,0.88271), 3.9298, 2.3893, 1.3522, (gDx*21,gDy*2,gDz*0)),rgb(0,1,0.53125));
		draw(
			ellipsoid( (0.89842,-0.33181,0.28767), (-0.4174,-0.44163,0.79419), (0.13648,0.83359,0.53526), 3.9271, 1.6005, 2.3489, (gDx*22,gDy*2,gDz*0)),rgb(0,1,0.34375));
		draw(
			ellipsoid( (0.87397,-0.33165,0.35522), (-0.47138,-0.40072,0.78564), (0.11821,0.85407,0.50655), 3.9221, 1.6772, 2.403, (gDx*23,gDy*2,gDz*0)),rgb(0,1,0.25));
		draw(
			ellipsoid( (-0.70648,0.47719,-0.52265), (0.64146,0.11973,-0.75776), (0.29902,0.87061,0.39068), 3.7292, 1.7451, 2.5632, (gDx*24,gDy*2,gDz*0)),rgb(0,1,0.0625));
		draw(
			ellipsoid( (-0.69232,0.43238,0.5777), (0.5342,-0.2311,0.81316), (-0.4851,-0.87157,0.070981), 3.1857, 1.017, 1.3641, (gDx*0,gDy*3,gDz*0)),rgb(0,1,0.71875));
		draw(
			ellipsoid( (-0.37775,0.47833,0.79278), (0.79616,0.60492,0.014378), (0.47269,-0.63661,0.60933), 3.1618, 1.271, 0.99037, (gDx*1,gDy*3,gDz*0)),rgb(0,1,0.71875));
		draw(
			ellipsoid( (-0.43434,0.75321,-0.49399), (0.89889,0.32727,-0.29136), (0.057783,0.57059,0.8192), 1.0367, 1.6008, 3.3089, (gDx*2,gDy*3,gDz*0)),rgb(0,1,0.71875));
		draw(
			ellipsoid( (-0.20655,-0.58107,-0.78721), (-0.92383,-0.1492,0.35253), (0.3223,-0.80006,0.50599), 3.354, 1.581, 1.0331, (gDx*3,gDy*3,gDz*0)),rgb(0,1,0.71875));
		draw(
			ellipsoid( (-0.20129,-0.60523,-0.77019), (-0.92249,-0.14727,0.35682), (0.32938,-0.78231,0.52867), 3.1695, 1.6669, 1.0703, (gDx*4,gDy*3,gDz*0)),rgb(0,1,0.53125));
		draw(
			ellipsoid( (-0.20887,-0.76428,-0.61013), (-0.90359,-0.08779,0.41931), (0.37403,-0.63889,0.67226), 2.8696, 1.7485, 1.2076, (gDx*5,gDy*3,gDz*0)),rgb(0,1,0.25));
		draw(
			ellipsoid( (-0.60096,0.3075,-0.73776), (0.79184,0.35467,-0.49719), (-0.10877,0.88298,0.45663), 1.0347, 1.7459, 2.8187, (gDx*6,gDy*3,gDz*0)),rgb(0,1,0.4375));
		draw(
			ellipsoid( (-0.42803,0.88155,0.19915), (0.63591,0.13719,0.75948), (-0.64219,-0.45172,0.6193), 2.5935, 1.1854, 1.6947, (gDx*7,gDy*3,gDz*0)),rgb(0,1,0.0625));
		draw(
			ellipsoid( (-0.46782,0.87293,0.13831), (0.64244,0.22839,0.73151), (-0.60697,-0.43107,0.66765), 2.7159, 1.223, 1.7661, (gDx*8,gDy*3,gDz*0)),rgb(0,1,0.15625));
		draw(
			ellipsoid( (-0.87486,0.48354,0.028318), (0.38957,0.66768,0.63438), (-0.28784,-0.56603,0.7725), 2.7659, 1.1849, 1.8412, (gDx*9,gDy*3,gDz*0)),rgb(0,1,0.25));
		draw(
			ellipsoid( (0.94116,-0.33433,-0.049446), (-0.32388,-0.85041,-0.41462), (-0.09657,-0.40623,0.90865), 2.853, 1.1404, 1.7685, (gDx*10,gDy*3,gDz*0)),rgb(0,1,0.34375));
		draw(
			ellipsoid( (0.97314,-0.22526,-0.04755), (-0.22792,-0.9135,-0.337), (-0.032476,-0.33879,0.9403), 2.9587, 1.2397, 1.7176, (gDx*11,gDy*3,gDz*0)),rgb(0,1,0.25));
		draw(
			ellipsoid( (0.99929,-0.030877,0.021487), (-0.028215,-0.99299,-0.11477), (-0.02488,-0.11408,0.99316), 3.4953, 1.101, 1.6592, (gDx*12,gDy*3,gDz*0)),rgb(0,1,0.71875));
		draw(
			ellipsoid( (0.99434,0.10553,-0.012422), (0.10472,-0.99306,-0.053575), (0.017989,-0.051971,0.99849), 4.084, 1.1893, 1.631, (gDx*13,gDy*3,gDz*0)),rgb(0,1,0.8125));
		draw(
			ellipsoid( (0.95123,0.29309,-0.096171), (0.27338,-0.94543,-0.17727), (0.14288,-0.14233,0.97945), 4.1669, 1.2449, 1.8842, (gDx*14,gDy*3,gDz*0)),rgb(0,1,0.71875));
		draw(
			ellipsoid( (-0.92655,-0.3147,0.20606), (-0.32865,0.94375,-0.036467), (0.18299,0.10151,0.97786), 4.3721, 1.2009, 2.025, (gDx*15,gDy*3,gDz*0)),rgb(0,1,0.8125));
		draw(
			ellipsoid( (-0.9255,-0.27368,0.26182), (-0.30374,0.94927,-0.08141), (0.22625,0.15487,0.96168), 4.3833, 1.1579, 2.0799, (gDx*16,gDy*3,gDz*0)),rgb(0,1,0.90625));
		draw(
			ellipsoid( (-0.94207,-0.090602,0.32296), (-0.26186,-0.40304,-0.87692), (-0.20962,0.91069,-0.35597), 4.3508, 2.2258, 1.1053, (gDx*17,gDy*3,gDz*0)),rgb(0,1,0.90625));
		draw(
			ellipsoid( (0.95242,-0.0066078,-0.30473), (0.244,0.6157,0.74925), (-0.18267,0.78795,-0.58801), 4.1966, 2.2058, 1.1337, (gDx*18,gDy*3,gDz*0)),rgb(0,1,0.8125));
		draw(
			ellipsoid( (0.9179,-0.32016,-0.23443), (-0.39587,-0.77953,-0.48541), (0.027338,-0.53836,0.84227), 3.9608, 2.5198, 1.1877, (gDx*19,gDy*3,gDz*0)),rgb(0,1,0.71875));
		draw(
			ellipsoid( (0.91661,-0.34499,-0.20203), (-0.3995,-0.77134,-0.49541), (-0.015075,-0.5348,0.84484), 3.9723, 2.52, 1.1601, (gDx*20,gDy*3,gDz*0)),rgb(0,1,0.71875));
		draw(
			ellipsoid( (0.92664,-0.3653,-0.088832), (-0.36605,-0.8228,-0.43475), (-0.085726,-0.43538,0.89616), 3.7757, 2.4669, 1.3656, (gDx*21,gDy*3,gDz*0)),rgb(0,1,0.4375));
		draw(
			ellipsoid( (0.89718,-0.44158,-0.0090439), (-0.41385,-0.83334,-0.36644), (-0.15428,-0.33251,0.9304), 3.7486, 2.6662, 1.8181, (gDx*22,gDy*3,gDz*0)),rgb(0.03125,1,0));
		draw(
			ellipsoid( (-0.83481,0.51818,-0.18597), (0.46384,0.84396,0.2694), (-0.29655,-0.13863,0.9449), 3.8651, 2.6528, 2.0575, (gDx*23,gDy*3,gDz*0)),rgb(0.125,1,0));
		draw(
			ellipsoid( (-0.7257,0.63657,-0.26102), (0.63102,0.76702,0.11618), (-0.27417,0.0804,0.95832), 3.8782, 2.6905, 2.0207, (gDx*24,gDy*3,gDz*0)),rgb(0.125,1,0));
		draw(
			ellipsoid( (0.69066,-0.65557,-0.30532), (-0.71149,-0.69158,-0.1245), (0.12954,-0.30322,0.94408), 3.3962, 1.4943, 0.90792, (gDx*0,gDy*4,gDz*0)),rgb(0,1,0.90625));
		draw(
			ellipsoid( (0.5642,-0.7192,-0.40549), (-0.79594,-0.60432,-0.035624), (0.21943,-0.34285,0.9134), 3.1425, 1.3213, 0.88589, (gDx*1,gDy*4,gDz*0)),rgb(0,1,0.8125));
		draw(
			ellipsoid( (-0.33195,0.57277,-0.7495), (0.93064,0.32857,-0.16108), (-0.154,0.75098,0.64211), 0.77596, 1.5751, 2.797, (gDx*2,gDy*4,gDz*0)),rgb(0,1,0.8125));
		draw(
			ellipsoid( (0.28981,0.61857,0.73033), (0.9506,-0.097377,-0.29474), (0.1112,-0.77967,0.61623), 3.2085, 1.4214, 1.0913, (gDx*3,gDy*4,gDz*0)),rgb(0,1,0.625));
		draw(
			ellipsoid( (0.3164,0.59391,0.7397), (0.91202,0.024081,-0.40944), (0.26099,-0.80417,0.53404), 3.166, 1.5819, 1.0814, (gDx*4,gDy*4,gDz*0)),rgb(0,1,0.53125));
		draw(
			ellipsoid( (-0.42681,-0.59922,-0.67732), (-0.79933,-0.10032,0.59245), (0.42296,-0.79427,0.43616), 3.1399, 1.7149, 1.1392, (gDx*5,gDy*4,gDz*0)),rgb(0,1,0.4375));
		draw(
			ellipsoid( (-0.37855,-0.72279,-0.57816), (-0.71879,-0.16396,0.67561), (0.58312,-0.67134,0.45747), 3.1466, 1.7511, 0.99912, (gDx*6,gDy*4,gDz*0)),rgb(0,1,0.625));
		draw(
			ellipsoid( (-0.63087,0.29515,-0.71756), (0.76827,0.10833,-0.63089), (0.10848,0.94929,0.2951), 1.1604, 1.6742, 2.9173, (gDx*7,gDy*4,gDz*0)),rgb(0,1,0.34375));
		draw(
			ellipsoid( (-0.74917,0.064246,-0.65925), (0.66191,0.1098,-0.7415), (-0.024751,0.99187,0.12479), 1.0724, 1.7432, 2.7121, (gDx*8,gDy*4,gDz*0)),rgb(0,1,0.34375));
		draw(
			ellipsoid( (-0.73749,0.054775,-0.67313), (0.67451,0.0099052,-0.7382), (0.033767,0.99845,0.044251), 1.0465, 1.8112, 2.6723, (gDx*9,gDy*4,gDz*0)),rgb(0,1,0.34375));
		draw(
			ellipsoid( (0.88451,-0.45677,-0.094888), (-0.45985,-0.81937,-0.34229), (-0.0786,-0.34639,0.93479), 2.7492, 1.2404, 1.8249, (gDx*10,gDy*4,gDz*0)),rgb(0,1,0.15625));
		draw(
			ellipsoid( (0.9088,-0.40025,-0.1178), (-0.41654,-0.85414,-0.31136), (-0.024009,-0.33203,0.94296), 2.9603, 1.2113, 1.8429, (gDx*11,gDy*4,gDz*0)),rgb(0,1,0.25));
		draw(
			ellipsoid( (0.95563,-0.29456,0.0010972), (-0.28665,-0.92908,0.23375), (0.067835,0.22369,0.9723), 4.1206, 1.1143, 1.9131, (gDx*12,gDy*4,gDz*0)),rgb(0,1,0.8125));
		draw(
			ellipsoid( (0.9825,-0.18578,-0.013231), (-0.17463,-0.94357,0.28138), (0.064759,0.27415,0.95951), 4.2097, 1.2037, 2.0704, (gDx*13,gDy*4,gDz*0)),rgb(0,1,0.8125));
		draw(
			ellipsoid( (0.98852,-0.13959,-0.057907), (-0.11087,-0.93025,0.34978), (0.10269,0.33934,0.93504), 3.9853, 1.2597, 2.0573, (gDx*14,gDy*4,gDz*0)),rgb(0,1,0.625));
		draw(
			ellipsoid( (0.9605,0.05045,-0.27366), (0.26125,0.17526,0.94923), (-0.095852,0.98323,-0.15516), 3.7591, 2.0427, 1.0792, (gDx*15,gDy*4,gDz*0)),rgb(0,1,0.8125));
		draw(
			ellipsoid( (0.93906,0.072969,-0.33591), (0.31699,0.1942,0.92833), (-0.13298,0.97824,-0.15924), 3.8992, 2.0673, 1.0922, (gDx*16,gDy*4,gDz*0)),rgb(0,1,0.8125));
		draw(
			ellipsoid( (0.93807,0.049907,-0.34284), (0.30286,0.36246,0.88142), (-0.16826,0.93066,-0.3249), 4.0023, 2.076, 1.1889, (gDx*17,gDy*4,gDz*0)),rgb(0,1,0.71875));
		draw(
			ellipsoid( (0.93767,-0.010614,-0.34736), (0.31107,0.47129,0.8253), (-0.15495,0.88192,-0.44521), 4.156, 2.1108, 1.2294, (gDx*18,gDy*4,gDz*0)),rgb(0,1,0.71875));
		draw(
			ellipsoid( (0.91772,-0.29027,-0.27119), (-0.3955,-0.7314,-0.55555), (0.037091,-0.61709,0.78602), 4.2481, 2.5826, 1.1709, (gDx*19,gDy*4,gDz*0)),rgb(0,1,0.8125));
		draw(
			ellipsoid( (0.7998,-0.47705,-0.36433), (-0.59922,-0.59877,-0.53142), (-0.035365,-0.64334,0.76476), 3.9075, 2.744, 1.5242, (gDx*20,gDy*4,gDz*0)),rgb(0,1,0.34375));
		draw(
			ellipsoid( (0.76986,-0.55927,-0.30747), (-0.63122,-0.5961,-0.49621), (-0.094231,-0.5761,0.81193), 3.7857, 2.7289, 1.6254, (gDx*21,gDy*4,gDz*0)),rgb(0,1,0.25));
		draw(
			ellipsoid( (0.71869,-0.66124,-0.21504), (-0.6877,-0.63027,-0.36031), (-0.10272,-0.40684,0.90771), 3.6096, 2.8084, 1.8053, (gDx*22,gDy*4,gDz*0)),rgb(0.03125,1,0));
		draw(
			ellipsoid( (0.73063,-0.6817,0.038299), (-0.65757,-0.71765,-0.22931), (-0.18381,-0.14236,0.9726), 3.9035, 2.81, 2.0136, (gDx*23,gDy*4,gDz*0)),rgb(0.125,1,0));
		draw(
			ellipsoid( (0.67159,-0.73035,0.12469), (-0.72874,-0.68152,-0.066855), (-0.13381,0.045969,0.98994), 3.9639, 2.7824, 1.9742, (gDx*24,gDy*4,gDz*0)),rgb(0.03125,1,0));
		draw(
			ellipsoid( (0.49438,-0.84234,-0.21459), (-0.86742,-0.49408,-0.058946), (0.056371,-0.21528,0.97492), 3.6905, 1.5348, 0.85972, (gDx*0,gDy*5,gDz*0)),rgb(0,1,1));
		draw(
			ellipsoid( (0.41778,-0.85558,-0.30567), (-0.88872,-0.45474,0.058157), (0.18876,-0.24736,0.95036), 3.3999, 1.4855, 0.88691, (gDx*1,gDy*5,gDz*0)),rgb(0,1,0.90625));
		draw(
			ellipsoid( (-0.35908,0.49734,-0.78975), (0.93294,0.16765,-0.31861), (0.026058,0.8512,0.52419), 0.76734, 1.5832, 3.2054, (gDx*2,gDy*5,gDz*0)),rgb(0,1,1));
		draw(
			ellipsoid( (0.32616,0.79285,0.51479), (0.91751,-0.13441,-0.3743), (0.22757,-0.59441,0.77129), 3.2506, 1.5878, 0.82667, (gDx*3,gDy*5,gDz*0)),rgb(0,1,0.90625));
		draw(
			ellipsoid( (-0.44895,-0.6074,-0.65537), (-0.84591,0.052601,0.53073), (0.28789,-0.79265,0.53742), 3.1286, 1.6662, 1.0649, (gDx*4,gDy*5,gDz*0)),rgb(0,1,0.53125));
		draw(
			ellipsoid( (0.61086,0.43589,0.66094), (0.76497,-0.1097,-0.63466), (0.20414,-0.89329,0.40045), 3.0469, 1.7882, 1.0945, (gDx*5,gDy*5,gDz*0)),rgb(0,1,0.4375));
		draw(
			ellipsoid( (0.61453,0.44199,0.65345), (0.76642,-0.13819,-0.6273), (0.18696,-0.88631,0.42368), 3.0106, 1.805, 1.0861, (gDx*6,gDy*5,gDz*0)),rgb(0,1,0.4375));
		draw(
			ellipsoid( (-0.62531,-0.6006,-0.49826), (-0.7124,0.17871,0.67864), (0.31855,-0.77932,0.53962), 2.5101, 1.697, 1.1782, (gDx*7,gDy*5,gDz*0)),rgb(0,1,0.0625));
		draw(
			ellipsoid( (-0.61788,-0.61405,-0.49109), (-0.7125,0.17314,0.67997), (0.33251,-0.77004,0.54449), 2.4612, 1.6883, 1.1631, (gDx*8,gDy*5,gDz*0)),rgb(0,1,0.0625));
		draw(
			ellipsoid( (-0.40383,-0.88303,-0.23912), (-0.78457,0.46872,-0.40589), (-0.4705,-0.0237,0.88208), 2.7805, 1.083, 1.7411, (gDx*9,gDy*5,gDz*0)),rgb(0,1,0.34375));
		draw(
			ellipsoid( (-0.76582,0.077143,-0.63841), (-0.63839,-0.21054,0.74036), (0.077295,-0.97454,-0.21048), 1.6448, 2.0267, 2.3337, (gDx*10,gDy*5,gDz*0)),rgb(0.78125,1,0));
		draw(
			ellipsoid( (-0.81655,0.54298,0.19602), (0.5418,0.60362,0.5849), (-0.19926,-0.5838,0.78707), 2.7737, 1.3137, 1.7233, (gDx*11,gDy*5,gDz*0)),rgb(0,1,0.0625));
		draw(
			ellipsoid( (-0.88985,0.45232,0.059793), (0.42797,0.87292,-0.23422), (0.15814,0.18283,0.97034), 4.1041, 1.274, 2.0566, (gDx*12,gDy*5,gDz*0)),rgb(0,1,0.71875));
		draw(
			ellipsoid( (-0.89725,0.43573,0.071294), (0.39933,0.86974,-0.28998), (0.18836,0.23172,0.95437), 4.1192, 1.2241, 2.3043, (gDx*13,gDy*5,gDz*0)),rgb(0,1,0.71875));
		draw(
			ellipsoid( (-0.91236,0.39208,0.11776), (0.33693,0.88254,-0.32802), (0.23254,0.25959,0.9373), 3.949, 1.2586, 2.3942, (gDx*14,gDy*5,gDz*0)),rgb(0,1,0.625));
		draw(
			ellipsoid( (-0.91776,0.31095,0.24703), (0.23533,0.92688,-0.29242), (0.3199,0.21024,0.92383), 3.6332, 1.2055, 2.3536, (gDx*15,gDy*5,gDz*0)),rgb(0,1,0.625));
		draw(
			ellipsoid( (0.90704,-0.087273,-0.4119), (-0.4196,-0.10654,-0.90143), (-0.034788,-0.99047,0.13325), 4.0838, 2.3489, 0.48969, (gDx*16,gDy*5,gDz*0)),rgb(0,0.4375,1));
		draw(
			ellipsoid( (0.93977,-0.031843,-0.34033), (0.32698,0.37396,0.86789), (-0.099634,0.9269,-0.36185), 3.883, 2.0807, 1.2297, (gDx*17,gDy*5,gDz*0)),rgb(0,1,0.625));
		draw(
			ellipsoid( (0.93756,-0.05621,-0.34324), (-0.33536,-0.40782,-0.84925), (0.092245,-0.91133,0.40121), 3.9492, 2.1319, 1.2916, (gDx*18,gDy*5,gDz*0)),rgb(0,1,0.625));
		draw(
			ellipsoid( (0.86581,-0.30503,-0.39666), (-0.50005,-0.55602,-0.66392), (0.018034,-0.77318,0.63393), 4.0002, 2.5208, 1.5705, (gDx*19,gDy*5,gDz*0)),rgb(0,1,0.34375));
		draw(
			ellipsoid( (0.76931,-0.41805,-0.48312), (-0.6386,-0.48088,-0.60079), (-0.018838,-0.77071,0.63691), 4.0083, 2.7195, 1.8042, (gDx*20,gDy*5,gDz*0)),rgb(0,1,0.15625));
		draw(
			ellipsoid( (0.74831,-0.57874,-0.3242), (-0.65883,-0.59139,-0.46498), (-0.077377,-0.56154,0.82382), 3.7456, 2.7697, 1.7173, (gDx*21,gDy*5,gDz*0)),rgb(0,1,0.15625));
		draw(
			ellipsoid( (0.71831,-0.66158,-0.21527), (-0.68809,-0.62988,-0.36025), (-0.10274,-0.4069,0.90768), 3.6094, 2.8085, 1.8053, (gDx*22,gDy*5,gDz*0)),rgb(0.03125,1,0));
		draw(
			ellipsoid( (0.64269,-0.75814,-0.11034), (-0.74449,-0.58403,-0.32349), (-0.18081,-0.29006,0.93977), 3.7522, 2.8409, 1.8602, (gDx*23,gDy*5,gDz*0)),rgb(0.03125,1,0));
		draw(
			ellipsoid( (0.57237,-0.81834,-0.052051), (-0.79288,-0.53614,-0.28966), (-0.20914,-0.20707,0.95571), 3.8172, 2.9645, 1.8505, (gDx*24,gDy*5,gDz*0)),rgb(0,1,0.0625));
		draw(
			ellipsoid( (0.04161,-0.9849,-0.16808), (-0.99072,-0.018885,-0.13461), (-0.1294,-0.17212,0.97654), 3.113, 1.4657, 1.0282, (gDx*0,gDy*6,gDz*0)),rgb(0,1,0.625));
		draw(
			ellipsoid( (0.013835,0.97898,0.20351), (0.99934,-0.02036,0.030006), (-0.033518,-0.20296,0.97861), 3.1465, 1.4363, 0.9693, (gDx*1,gDy*6,gDz*0)),rgb(0,1,0.71875));
		draw(
			ellipsoid( (0.10195,0.94179,0.32038), (0.99194,-0.07189,-0.10434), (0.07523,-0.32843,0.94153), 3.1251, 1.4986, 0.99821, (gDx*2,gDy*6,gDz*0)),rgb(0,1,0.625));
		draw(
			ellipsoid( (0.45364,0.7781,0.43448), (0.88157,-0.3204,-0.34666), (0.13052,-0.54028,0.8313), 3.2131, 1.6975, 0.84623, (gDx*3,gDy*6,gDz*0)),rgb(0,1,0.90625));
		draw(
			ellipsoid( (0.55266,0.6718,0.49321), (0.81142,-0.29871,-0.50237), (0.19016,-0.67784,0.71019), 3.2116, 1.7378, 0.96881, (gDx*4,gDy*6,gDz*0)),rgb(0,1,0.71875));
		draw(
			ellipsoid( (0.61853,0.41104,0.66968), (0.76655,-0.12833,-0.62923), (0.1727,-0.90254,0.39446), 3.0035, 1.7522, 1.1176, (gDx*5,gDy*6,gDz*0)),rgb(0,1,0.4375));
		draw(
			ellipsoid( (0.7077,0.27947,0.64889), (0.70486,-0.21639,-0.67554), (0.04838,-0.93545,0.35012), 2.8898, 1.9184, 1.0444, (gDx*6,gDy*6,gDz*0)),rgb(0,1,0.4375));
		draw(
			ellipsoid( (0.78391,0.25347,0.56678), (0.62012,-0.27471,-0.73483), (0.030558,-0.92752,0.37253), 2.8762, 2.016, 1.083, (gDx*7,gDy*6,gDz*0)),rgb(0,1,0.4375));
		draw(
			ellipsoid( (0.86304,0.33143,0.3812), (0.48816,-0.35329,-0.79805), (0.12983,-0.87484,0.4667), 2.7505, 1.8925, 1.0058, (gDx*8,gDy*6,gDz*0)),rgb(0,1,0.4375));
		draw(
			ellipsoid( (0.50619,-0.76893,0.39053), (-0.76433,-0.60973,-0.20982), (-0.39945,0.19228,0.89636), 1.1544, 2.9228, 1.9986, (gDx*9,gDy*6,gDz*0)),rgb(0,1,0.34375));
		draw(
			ellipsoid( (0.51736,-0.76117,0.3911), (-0.76812,-0.61452,-0.17989), (-0.37726,0.20734,0.9026), 1.2052, 2.8756, 2.0405, (gDx*10,gDy*6,gDz*0)),rgb(0,1,0.25));
		draw(
			ellipsoid( (0.66619,-0.64328,0.37733), (-0.67093,-0.73788,-0.073403), (-0.32564,0.20426,0.92316), 1.3687, 2.5989, 2.0471, (gDx*11,gDy*6,gDz*0)),rgb(0.125,1,0));
		draw(
			ellipsoid( (-0.86779,-0.04811,0.4946), (0.46797,-0.41392,0.78081), (-0.16716,-0.90904,-0.38171), 1.6847, 2.2214, 2.4584, (gDx*12,gDy*6,gDz*0)),rgb(0.6875,1,0));
		draw(
			ellipsoid( (0.444,-0.88928,-0.10977), (-0.87574,-0.4566,0.15685), (0.1896,-0.026484,0.9815), 3.5404, 1.3842, 2.1812, (gDx*13,gDy*6,gDz*0)),rgb(0,1,0.34375));
		draw(
			ellipsoid( (0.50083,0.70514,-0.50195), (0.77723,-0.62158,-0.097705), (0.3809,0.3412,0.85936), 1.3078, 3.7173, 2.6488, (gDx*14,gDy*6,gDz*0)),rgb(0,1,0.53125));
		draw(
			ellipsoid( (0.36706,0.80094,-0.47304), (0.86862,-0.47708,-0.13376), (0.33281,0.3618,0.87083), 1.2946, 3.4979, 2.5746, (gDx*15,gDy*6,gDz*0)),rgb(0,1,0.4375));
		draw(
			ellipsoid( (0.20774,0.83963,-0.50186), (0.8788,-0.38552,-0.28123), (0.4296,0.38261,0.81796), 1.2149, 3.4903, 2.6165, (gDx*16,gDy*6,gDz*0)),rgb(0,1,0.53125));
		draw(
			ellipsoid( (0.82596,-0.4031,-0.39409), (-0.54681,-0.4029,-0.73394), (-0.13707,-0.8217,0.5532), 3.2541, 2.1651, 1.4889, (gDx*17,gDy*6,gDz*0)),rgb(0,1,0.0625));
		draw(
			ellipsoid( (0.9138,-0.17883,-0.36469), (-0.4053,-0.3425,-0.8476), (-0.026672,-0.92234,0.38546), 3.74, 2.2501, 1.5329, (gDx*18,gDy*6,gDz*0)),rgb(0,1,0.25));
		draw(
			ellipsoid( (0.82852,-0.2609,-0.49547), (-0.55946,-0.34822,-0.75216), (-0.023709,-0.90037,0.43447), 3.7873, 2.3415, 1.5312, (gDx*19,gDy*6,gDz*0)),rgb(0,1,0.34375));
		draw(
			ellipsoid( (0.7739,-0.40678,-0.4854), (-0.63257,-0.45948,-0.62348), (-0.030593,-0.78956,0.61291), 3.9793, 2.6493, 1.813, (gDx*20,gDy*6,gDz*0)),rgb(0,1,0.15625));
		draw(
			ellipsoid( (0.66453,-0.61252,-0.42805), (-0.7436,-0.48534,-0.45991), (-0.073953,-0.62391,0.77799), 3.6968, 2.7368, 1.7935, (gDx*21,gDy*6,gDz*0)),rgb(0.03125,1,0));
		draw(
			ellipsoid( (0.50798,-0.8057,-0.30465), (-0.84548,-0.39876,-0.35517), (-0.16468,-0.43799,0.88377), 3.5193, 2.7946, 1.7915, (gDx*22,gDy*6,gDz*0)),rgb(0.03125,1,0));
		draw(
			ellipsoid( (0.47301,-0.84957,-0.23345), (-0.86019,-0.38796,-0.33101), (-0.19064,-0.35738,0.9143), 3.5389, 2.8772, 1.7711, (gDx*23,gDy*6,gDz*0)),rgb(0.03125,1,0));
		draw(
			ellipsoid( (0.37672,-0.91435,-0.1485), (-0.89835,-0.32151,-0.29934), (-0.22595,-0.24617,0.94252), 3.75, 2.9953, 1.8534, (gDx*24,gDy*6,gDz*0)),rgb(0.03125,1,0));
		draw(
			ellipsoid( (0.51951,0.85441,-0.009466), (0.84998,-0.51788,-0.096573), (0.087416,-0.042125,0.99528), 2.9341, 1.5266, 0.84849, (gDx*0,gDy*7,gDz*0)),rgb(0,1,0.71875));
		draw(
			ellipsoid( (0.51291,0.85823,0.018922), (0.8536,-0.50756,-0.1172), (0.090983,-0.076267,0.99293), 2.919, 1.5457, 0.85829, (gDx*1,gDy*7,gDz*0)),rgb(0,1,0.71875));
		draw(
			ellipsoid( (0.47264,0.84748,0.24165), (0.87021,-0.40554,-0.27978), (0.13911,-0.34252,0.92915), 2.886, 1.6267, 1.0173, (gDx*2,gDy*7,gDz*0)),rgb(0,1,0.53125));
		draw(
			ellipsoid( (0.50799,0.75776,0.40958), (0.83306,-0.3113,-0.45728), (0.21901,-0.5735,0.78939), 3.2446, 1.6294, 1.0313, (gDx*3,gDy*7,gDz*0)),rgb(0,1,0.625));
		draw(
			ellipsoid( (0.55275,0.67181,0.4931), (0.81136,-0.29883,-0.50239), (0.19016,-0.67777,0.71025), 3.2115, 1.7379, 0.96887, (gDx*4,gDy*7,gDz*0)),rgb(0,1,0.71875));
		draw(
			ellipsoid( (0.74311,0.49285,0.45265), (0.65631,-0.40483,-0.63668), (0.13054,-0.77021,0.62429), 2.906, 1.8083, 1.0481, (gDx*5,gDy*7,gDz*0)),rgb(0,1,0.4375));
		draw(
			ellipsoid( (0.82392,0.20717,0.52748), (0.5664,-0.27029,-0.77855), (0.018718,-0.94023,0.34004), 2.8041, 1.9523, 0.96776, (gDx*6,gDy*7,gDz*0)),rgb(0,1,0.53125));
		draw(
			ellipsoid( (0.80009,0.13832,0.58371), (0.59784,-0.26395,-0.75691), (-0.049373,-0.95457,0.29388), 2.742, 1.9927, 1.0303, (gDx*7,gDy*7,gDz*0)),rgb(0,1,0.4375));
		draw(
			ellipsoid( (0.90995,0.076475,0.40761), (0.4114,-0.29053,-0.86391), (-0.052353,-0.95381,0.29583), 2.6526, 1.9044, 1.0094, (gDx*8,gDy*7,gDz*0)),rgb(0,1,0.4375));
		draw(
			ellipsoid( (0.94175,0.29465,0.16216), (0.27842,-0.41253,-0.86735), (0.18867,-0.86197,0.47054), 2.7727, 1.7648, 1.1202, (gDx*9,gDy*7,gDz*0)),rgb(0,1,0.34375));
		draw(
			ellipsoid( (-0.9028,-0.40937,-0.13178), (-0.31683,0.42594,0.84746), (0.2908,-0.80684,0.51424), 2.7368, 1.7165, 1.1508, (gDx*10,gDy*7,gDz*0)),rgb(0,1,0.25));
		draw(
			ellipsoid( (-0.60195,0.79216,-0.10071), (0.79127,0.60869,0.05832), (-0.1075,0.044579,0.99321), 1.0141, 2.5094, 1.8231, (gDx*11,gDy*7,gDz*0)),rgb(0,1,0.34375));
		draw(
			ellipsoid( (0.70308,-0.70955,0.047215), (-0.69059,-0.69712,-0.19264), (-0.1696,-0.10283,0.98013), 1.0949, 2.8529, 2.1633, (gDx*12,gDy*7,gDz*0)),rgb(0,1,0.4375));
		draw(
			ellipsoid( (0.79091,-0.6068,0.079108), (-0.58563,-0.78805,-0.18978), (-0.1775,-0.10377,0.97863), 1.2297, 2.9999, 2.3901, (gDx*13,gDy*7,gDz*0)),rgb(0,1,0.34375));
		draw(
			ellipsoid( (-0.97919,-0.046486,0.19756), (-0.20205,0.1317,-0.97048), (-0.019096,0.9902,0.13835), 0.9336, 2.45, 3.403, (gDx*14,gDy*7,gDz*0)),rgb(0,1,0.90625));
		draw(
			ellipsoid( (0.63748,0.42741,-0.64105), (0.61659,0.21588,0.7571), (-0.46198,0.8779,0.12592), 1.4098, 2.5945, 2.9649, (gDx*15,gDy*7,gDz*0)),rgb(0,1,0.15625));
		draw(
			ellipsoid( (0.5026,0.65296,-0.5666), (0.63336,-0.72419,-0.27277), (0.58843,0.22177,0.77754), 1.5869, 3.5703, 2.6878, (gDx*16,gDy*7,gDz*0)),rgb(0,1,0.15625));
		draw(
			ellipsoid( (-0.55604,0.74418,0.37016), (0.60587,0.058032,0.79344), (-0.56898,-0.66545,0.48315), 3.5215, 2.3797, 1.8281, (gDx*17,gDy*7,gDz*0)),rgb(0.125,1,0));
		draw(
			ellipsoid( (0.86897,-0.28445,-0.40494), (-0.46786,-0.20566,-0.85954), (-0.16121,-0.93637,0.3118), 3.592, 2.4319, 1.5802, (gDx*18,gDy*7,gDz*0)),rgb(0,1,0.15625));
		draw(
			ellipsoid( (0.86122,-0.28399,-0.42147), (-0.48334,-0.20136,-0.85196), (-0.15708,-0.93744,0.31068), 3.6116, 2.4653, 1.5985, (gDx*19,gDy*7,gDz*0)),rgb(0,1,0.15625));
		draw(
			ellipsoid( (0.71445,-0.403,-0.57198), (-0.68857,-0.2598,-0.67704), (-0.12425,-0.87755,0.46311), 3.556, 2.715, 1.72, (gDx*20,gDy*7,gDz*0)),rgb(0,1,0.0625));
		draw(
			ellipsoid( (0.50126,-0.65275,-0.56803), (-0.8471,-0.23625,-0.47604), (-0.17654,-0.71979,0.67137), 3.6464, 2.7926, 1.8106, (gDx*21,gDy*7,gDz*0)),rgb(0.03125,1,0));
		draw(
			ellipsoid( (0.46191,-0.75651,-0.46296), (-0.86454,-0.26751,-0.42545), (-0.19801,-0.59676,0.7776), 3.5538, 2.8002, 1.8702, (gDx*22,gDy*7,gDz*0)),rgb(0.125,1,0));
		draw(
			ellipsoid( (0.21271,0.46618,-0.85874), (0.92017,0.20009,0.33654), (-0.32871,0.86177,0.3864), 1.8244, 2.9236, 3.4245, (gDx*23,gDy*7,gDz*0)),rgb(0.125,1,0));
		draw(
			ellipsoid( (0.25177,0.32593,-0.91125), (0.92355,0.20051,0.32689), (-0.28926,0.92389,0.25053), 1.9783, 3.0461, 3.6341, (gDx*24,gDy*7,gDz*0)),rgb(0.21875,1,0));
		draw(
			ellipsoid( (0.59622,0.7668,-0.23778), (0.79299,-0.5163,0.32341), (-0.12522,0.38139,0.9159), 3.2684, 1.2906, 0.96649, (gDx*0,gDy*8,gDz*0)),rgb(0,1,0.8125));
		draw(
			ellipsoid( (0.67769,0.72419,-0.12762), (0.73172,-0.68133,0.019296), (0.072978,0.10646,0.99164), 3.3242, 1.4611, 0.93908, (gDx*1,gDy*8,gDz*0)),rgb(0,1,0.8125));
		draw(
			ellipsoid( (0.71417,0.69996,-0.0043474), (0.69936,-0.71379,-0.037463), (0.029326,-0.023715,0.99929), 3.3756, 1.7894, 1.0249, (gDx*2,gDy*8,gDz*0)),rgb(0,1,0.71875));
		draw(
			ellipsoid( (0.57542,0.76332,0.29365), (0.80157,-0.45506,-0.38781), (0.1624,-0.45854,0.87371), 3.1155, 1.6223, 1.179, (gDx*3,gDy*8,gDz*0)),rgb(0,1,0.4375));
		draw(
			ellipsoid( (0.63638,0.6802,0.3638), (0.75093,-0.43839,-0.49389), (0.17646,-0.58749,0.78976), 3.0928, 1.8606, 1.1547, (gDx*4,gDy*8,gDz*0)),rgb(0,1,0.4375));
		draw(
			ellipsoid( (0.76308,0.50549,0.40273), (0.63401,-0.46451,-0.61827), (0.12546,-0.72713,0.67494), 2.8599, 1.8621, 1.0576, (gDx*5,gDy*8,gDz*0)),rgb(0,1,0.4375));
		draw(
			ellipsoid( (0.83749,0.21117,0.50401), (0.54637,-0.30697,-0.77926), (0.0098399,-0.928,0.37246), 2.7886, 1.9773, 0.94482, (gDx*6,gDy*8,gDz*0)),rgb(0,1,0.625));
		draw(
			ellipsoid( (0.80874,0.11813,0.57618), (-0.58328,0.28709,0.75985), (0.075651,0.95059,-0.30108), 2.6892, 1.9875, 1.0133, (gDx*7,gDy*8,gDz*0)),rgb(0,1,0.4375));
		draw(
			ellipsoid( (0.84539,0.072464,0.52921), (-0.52627,0.28245,0.80203), (0.091358,0.95654,-0.27692), 2.6265, 1.9523, 1.022, (gDx*8,gDy*8,gDz*0)),rgb(0,1,0.4375));
		draw(
			ellipsoid( (0.98677,0.11034,0.11882), (0.14402,-0.25971,-0.95489), (0.074508,-0.95936,0.27216), 2.5481, 1.8761, 1.2447, (gDx*9,gDy*8,gDz*0)),rgb(0.03125,1,0));
		draw(
			ellipsoid( (0.98767,0.15634,-0.0078861), (0.15379,-0.95963,0.23551), (-0.029253,0.23382,0.97184), 2.5603, 1.2946, 1.822, (gDx*10,gDy*8,gDz*0)),rgb(0.125,1,0));
		draw(
			ellipsoid( (-0.38005,0.90241,-0.20304), (0.92023,0.39107,0.015624), (-0.0935,0.1809,0.97905), 1.1395, 2.4159, 1.9698, (gDx*11,gDy*8,gDz*0)),rgb(0,1,0.0625));
		draw(
			ellipsoid( (-0.485,0.87277,-0.055148), (0.87208,0.48739,0.043854), (-0.065153,0.026824,0.99751), 1.1847, 3.0259, 2.2232, (gDx*12,gDy*8,gDz*0)),rgb(0,1,0.34375));
		draw(
			ellipsoid( (0.85291,0.52117,0.030332), (0.52076,-0.85345,0.020969), (-0.036815,0.0020896,0.99932), 3.2195, 1.2178, 2.2678, (gDx*13,gDy*8,gDz*0)),rgb(0,1,0.4375));
		draw(
			ellipsoid( (0.84542,0.53131,0.05461), (0.53194,-0.84678,0.0034082), (-0.048053,-0.026168,0.9985), 3.2485, 1.2633, 2.2879, (gDx*14,gDy*8,gDz*0)),rgb(0,1,0.34375));
		draw(
			ellipsoid( (-0.70591,0.61226,0.35613), (0.70579,0.56571,0.42642), (-0.05961,-0.55237,0.83147), 1.665, 3.3518, 2.5206, (gDx*15,gDy*8,gDz*0)),rgb(0.03125,1,0));
		draw(
			ellipsoid( (-0.65248,-0.22262,0.72437), (-0.75732,0.15742,-0.63379), (-0.027063,0.96211,0.27131), 1.9396, 2.4399, 3.2613, (gDx*16,gDy*8,gDz*0)),rgb(0.40625,1,0));
		draw(
			ellipsoid( (-0.62909,-0.30916,0.71321), (-0.7639,0.076043,-0.64084), (-0.14389,0.94797,0.284), 1.9338, 2.2894, 3.3689, (gDx*17,gDy*8,gDz*0)),rgb(0.3125,1,0));
		draw(
			ellipsoid( (-0.77541,-0.48648,0.4026), (-0.6248,0.49873,-0.60074), (-0.091459,0.71736,0.69068), 1.7826, 2.3274, 3.1344, (gDx*18,gDy*8,gDz*0)),rgb(0.3125,1,0));
		draw(
			ellipsoid( (-0.4665,-0.8234,0.3231), (-0.85666,0.32961,-0.39686), (-0.22027,0.46192,0.85913), 1.8694, 2.8057, 3.3245, (gDx*19,gDy*8,gDz*0)),rgb(0.21875,1,0));
		draw(
			ellipsoid( (0.43217,0.82758,-0.35825), (0.85453,-0.24889,0.45588), (-0.28811,0.50315,0.81476), 1.8402, 2.8305, 3.4093, (gDx*20,gDy*8,gDz*0)),rgb(0.21875,1,0));
		draw(
			ellipsoid( (-0.43399,-0.78012,0.45063), (-0.89189,0.30138,-0.33721), (-0.12725,0.54826,0.82657), 1.8878, 2.9228, 3.5097, (gDx*21,gDy*8,gDz*0)),rgb(0.125,1,0));
		draw(
			ellipsoid( (-0.53811,-0.69936,0.47045), (-0.84151,0.41408,-0.34697), (-0.047857,0.5826,0.81135), 1.9838, 2.8687, 3.5067, (gDx*22,gDy*8,gDz*0)),rgb(0.3125,1,0));
		draw(
			ellipsoid( (-0.496,-0.64715,0.57895), (-0.86393,0.30078,-0.40393), (-0.087265,0.70052,0.70828), 2.0262, 2.9155, 3.5986, (gDx*23,gDy*8,gDz*0)),rgb(0.3125,1,0));
		draw(
			ellipsoid( (-0.44019,-0.47039,0.76483), (-0.86844,0.0066089,-0.49576), (-0.22815,0.88243,0.41141), 2.0185, 2.9478, 3.632, (gDx*24,gDy*8,gDz*0)),rgb(0.21875,1,0));
		draw(
			ellipsoid( (-0.62793,-0.61787,0.47323), (-0.62546,0.76248,0.1656), (0.46314,0.192,0.86524), 3.2532, 1.2738, 0.87867, (gDx*0,gDy*9,gDz*0)),rgb(0,1,0.90625));
		draw(
			ellipsoid( (0.72917,0.6291,-0.26934), (0.6653,-0.74386,0.063677), (0.16029,0.22562,0.96094), 3.0971, 1.4382, 0.99294, (gDx*1,gDy*9,gDz*0)),rgb(0,1,0.625));
		draw(
			ellipsoid( (0.81363,0.57912,-0.051311), (0.57951,-0.81492,-0.0082875), (0.046614,0.022992,0.99865), 3.5651, 1.8033, 0.98981, (gDx*2,gDy*9,gDz*0)),rgb(0,1,0.8125));
		draw(
			ellipsoid( (0.86425,0.50301,-0.0072544), (0.49361,-0.8507,-0.18071), (0.097069,-0.15259,0.98351), 3.3901, 1.8503, 1.0252, (gDx*3,gDy*9,gDz*0)),rgb(0,1,0.71875));
		draw(
			ellipsoid( (0.79715,0.56891,0.20222), (0.59161,-0.66908,-0.44981), (0.1206,-0.4782,0.86993), 3.127, 2.0442, 1.1711, (gDx*4,gDy*9,gDz*0)),rgb(0,1,0.4375));
		draw(
