	import three;
	import settings;

	surface ellipsoid(triple v1,triple v2,triple v3,real l1,real l2, real l3, triple pos=O) {
		transform3 T = identity(4);
		T[0][0] = l1*v1.x;
		T[1][0] = l1*v1.y;
		T[2][0] = l1*v1.z;
		T[0][1] = l2*v2.x;
		T[1][1] = l2*v2.y;
		T[2][1] = l2*v2.z;
		T[0][2] = l3*v3.x;
		T[1][2] = l3*v3.y;
		T[2][2] = l3*v3.z;
		T[0][3] = pos.x;
		T[1][3] = pos.y;
		T[2][3] = pos.z;
		return T*unitsphere;
	}

	size(200);

	real gDx=4;
	real gDy=4;
	real gDz=4;

	currentprojection=perspective( camera=(gDx*12,gDy*12,25),up=Y, target=(gDx*12,gDy*12,gDz*0));
		draw(
			ellipsoid( (-0.58653,0.80579,0.081719), (0.80402,0.59145,-0.061206), (0.097652,-0.029804,0.99477), 0.7857, 1.0858, 3.6206, (gDx*0,gDy*0,gDz*0)),rgb(0,0.8125,1));
		draw(
			ellipsoid( (-0.023193,0.99969,-0.0091503), (-0.94257,-0.024917,-0.33308), (-0.33321,0.00089959,0.94285), 1.0243, 1.8361, 3.9205, (gDx*1,gDy*0,gDz*0)),rgb(0,1,0.90625));
		draw(
			ellipsoid( (0.019988,0.95199,-0.30548), (-0.61872,-0.22823,-0.75173), (-0.78536,0.20403,0.58445), 0.79843, 1.3559, 4.2643, (gDx*2,gDy*0,gDz*0)),rgb(0,0.71875,1));
		draw(
			ellipsoid( (-0.36765,-0.79123,-0.48866), (0.12686,-0.56322,0.81651), (-0.92127,0.23819,0.30744), 0.83725, 0.98581, 3.808, (gDx*3,gDy*0,gDz*0)),rgb(0,0.8125,1));
		draw(
			ellipsoid( (-0.30174,-0.65807,-0.68986), (0.090623,-0.7401,0.66636), (-0.94907,0.13855,0.28295), 1.2017, 1.339, 3.3848, (gDx*4,gDy*0,gDz*0)),rgb(0,1,0.625));
		draw(
			ellipsoid( (0.036617,0.57847,0.81488), (-0.010596,0.8156,-0.57851), (-0.99927,0.012549,0.035994), 1.0191, 1.5022, 3.7188, (gDx*5,gDy*0,gDz*0)),rgb(0,1,0.90625));
		draw(
			ellipsoid( (-0.020079,0.60456,0.79631), (-0.033464,0.79562,-0.60487), (-0.99924,-0.038793,0.0042552), 0.9092, 1.7577, 4.0737, (gDx*6,gDy*0,gDz*0)),rgb(0,1,1));
		draw(
			ellipsoid( (-0.10802,0.29949,0.94797), (-0.15678,0.93648,-0.31372), (-0.98171,-0.18251,-0.054206), 0.78688, 1.4427, 4.3121, (gDx*7,gDy*0,gDz*0)),rgb(0,0.71875,1));
		draw(
			ellipsoid( (-0.20142,0.81412,0.54465), (0.091993,0.56931,-0.81696), (-0.97517,-0.11445,-0.18957), 0.64579, 1.688, 3.2879, (gDx*8,gDy*0,gDz*0)),rgb(0,0.8125,1));
		draw(
			ellipsoid( (-0.15179,0.80062,0.57962), (-0.022512,0.58347,-0.81183), (-0.98816,-0.13628,-0.070542), 0.56867, 1.1735, 2.6317, (gDx*9,gDy*0,gDz*0)),rgb(0,0.90625,1));
		draw(
			ellipsoid( (-0.48961,0.73637,0.46694), (0.2401,-0.40096,0.88407), (-0.83823,-0.54496,-0.019511), 0.91833, 1.7819, 3.4433, (gDx*10,gDy*0,gDz*0)),rgb(0,1,0.8125));
		draw(
			ellipsoid( (-0.83417,0.52592,0.16605), (0.23464,0.065964,0.96984), (-0.4991,-0.84798,0.17843), 1.4148, 2.5973, 2.9035, (gDx*11,gDy*0,gDz*0)),rgb(0,1,0.0625));
		draw(
			ellipsoid( (0.97856,-0.17646,0.10618), (0.1199,0.068955,-0.99039), (0.16745,0.98189,0.088635), 0.42297, 2.0218, 4.7123, (gDx*12,gDy*0,gDz*0)),rgb(0,0.25,1));
		draw(
			ellipsoid( (-0.78047,0.22949,0.58156), (0.55838,-0.16257,0.8135), (-0.28123,-0.95964,0.001263), 1.0987, 1.4554, 6.3116, (gDx*13,gDy*0,gDz*0)),rgb(0,0.625,1));
		draw(
			ellipsoid( (0.72324,-0.68158,0.11124), (0.017386,0.179,0.9837), (-0.69038,-0.70951,0.14131), 0.87479, 1.9994, 4.477, (gDx*14,gDy*0,gDz*0)),rgb(0,0.8125,1));
		draw(
			ellipsoid( (0.55869,-0.81997,0.12454), (0.1335,0.23711,0.96227), (-0.81856,-0.52098,0.24194), 0.77882, 1.915, 4.9744, (gDx*15,gDy*0,gDz*0)),rgb(0,0.625,1));
		draw(
			ellipsoid( (-0.40418,0.85026,-0.33718), (0.01933,0.37649,0.92622), (-0.91448,-0.36784,0.16861), 0.89509, 2.1283, 5.0577, (gDx*16,gDy*0,gDz*0)),rgb(0,0.71875,1));
		draw(
			ellipsoid( (0.13489,-0.74255,0.65607), (0.043147,0.66589,0.7448), (-0.98992,-0.072163,0.12186), 0.73394, 1.4544, 4.5437, (gDx*17,gDy*0,gDz*0)),rgb(0,0.625,1));
		draw(
			ellipsoid( (0.081796,-0.64215,0.76221), (-0.027795,0.763,0.6458), (-0.99626,-0.074009,0.044562), 0.75611, 1.8114, 4.962, (gDx*18,gDy*0,gDz*0)),rgb(0,0.625,1));
		draw(
			ellipsoid( (-0.059187,-0.34383,0.93716), (0.11978,0.92958,0.34861), (-0.99103,0.13288,-0.013836), 1.1543, 2.1314, 4.5274, (gDx*19,gDy*0,gDz*0)),rgb(0,1,0.90625));
		draw(
			ellipsoid( (-0.36995,-0.38208,0.84685), (0.045693,0.90293,0.42735), (-0.92793,0.19679,-0.31658), 0.77229, 2.0491, 3.2536, (gDx*20,gDy*0,gDz*0)),rgb(0,1,1));
		draw(
			ellipsoid( (-0.50435,-0.31505,0.80398), (0.18022,0.87215,0.45483), (-0.84449,0.37428,-0.38309), 1.3476, 2.3625, 3.6306, (gDx*21,gDy*0,gDz*0)),rgb(0,1,0.4375));
		draw(
			ellipsoid( (-0.26345,-0.014294,0.96457), (-0.11079,-0.99283,-0.044973), (0.95829,-0.11871,0.25998), 0.78504, 1.9697, 4.9288, (gDx*22,gDy*0,gDz*0)),rgb(0,0.625,1));
		draw(
			ellipsoid( (-0.65658,-0.15572,0.73801), (-0.074329,0.98705,0.14214), (-0.75059,0.038468,-0.65965), 1.2584, 2.9103, 3.8073, (gDx*23,gDy*0,gDz*0)),rgb(0,1,0.625));
		draw(
			ellipsoid( (-0.96726,-0.18951,0.16878), (-0.155,0.96779,0.19838), (0.20094,-0.16572,0.96548), 1.7008, 2.5776, 3.5782, (gDx*24,gDy*0,gDz*0)),rgb(0,1,0.0625));
		draw(
			ellipsoid( (-0.072867,-0.93537,0.34609), (0.92955,0.062061,0.36343), (-0.36142,0.34819,0.86495), 0.76115, 1.4608, 4.4238, (gDx*0,gDy*1,gDz*0)),rgb(0,0.71875,1));
		draw(
			ellipsoid( (0.93583,0.31986,-0.14801), (-0.35195,0.8703,-0.34453), (0.018614,0.37452,0.92703), 0.7947, 1.3752, 4.1816, (gDx*1,gDy*1,gDz*0)),rgb(0,0.8125,1));
		draw(
			ellipsoid( (-0.642,0.58156,-0.49962), (0.68408,0.72875,-0.03075), (-0.34622,0.36152,0.8657), 1.0605, 1.8083, 3.6409, (gDx*2,gDy*1,gDz*0)),rgb(0,1,0.71875));
		draw(
			ellipsoid( (-0.67208,-0.37642,-0.63766), (0.011076,0.85594,-0.51695), (-0.7404,0.3545,0.57109), 0.97124, 1.1858, 4.2164, (gDx*3,gDy*1,gDz*0)),rgb(0,0.90625,1));
		draw(
			ellipsoid( (-0.59791,-0.49252,-0.6324), (-0.067364,-0.75529,0.65192), (-0.79873,0.43239,0.41842), 0.86771, 1.4486, 3.6745, (gDx*4,gDy*1,gDz*0)),rgb(0,1,1));
		draw(
			ellipsoid( (-0.60268,-0.52454,-0.60136), (-0.205,-0.62653,0.75195), (-0.7712,0.57647,0.27007), 0.92512, 1.3029, 3.2539, (gDx*5,gDy*1,gDz*0)),rgb(0,1,0.8125));
		draw(
			ellipsoid( (-0.19525,-0.81166,-0.55053), (0.19993,-0.58249,0.78786), (-0.96016,0.043766,0.27601), 0.75054, 1.9308, 3.5545, (gDx*6,gDy*1,gDz*0)),rgb(0,0.90625,1));
		draw(
			ellipsoid( (0.097324,0.95072,0.29438), (0.03562,-0.29892,0.95361), (-0.99462,0.082324,0.062957), 0.37421, 1.5083, 3.4658, (gDx*7,gDy*1,gDz*0)),rgb(0,0.34375,1));
		draw(
			ellipsoid( (-0.0015563,0.95241,0.30481), (-0.02305,-0.30476,0.95215), (-0.99973,0.005544,-0.022428), 0.71031, 1.698, 2.6573, (gDx*8,gDy*1,gDz*0)),rgb(0,1,0.90625));
		draw(
			ellipsoid( (-0.0049005,0.86249,0.50606), (-0.009231,-0.50608,0.86244), (-0.99995,0.00044506,-0.010442), 0.7186, 1.3333, 3.0932, (gDx*9,gDy*1,gDz*0)),rgb(0,1,1));
		draw(
			ellipsoid( (-0.19347,0.46871,0.8619), (-0.25199,0.82529,-0.50537), (-0.94819,-0.31496,-0.041562), 0.85184, 1.6826, 2.9716, (gDx*10,gDy*1,gDz*0)),rgb(0,1,0.8125));
		draw(
			ellipsoid( (0.46236,-0.8666,0.18771), (0.25262,-0.074185,-0.96472), (0.84995,0.49346,0.18462), 0.67822, 1.0743, 2.6821, (gDx*11,gDy*1,gDz*0)),rgb(0,1,0.90625));
		draw(
			ellipsoid( (-0.51528,0.84338,-0.15227), (-0.10514,0.11412,0.98789), (-0.85055,-0.52505,-0.029868), 0.81014, 1.3917, 4.3386, (gDx*12,gDy*1,gDz*0)),rgb(0,0.71875,1));
		draw(
			ellipsoid( (0.69854,-0.71216,0.069826), (-0.002021,0.095616,0.99542), (-0.71557,-0.69548,0.065352), 0.79461, 2.2915, 4.6634, (gDx*13,gDy*1,gDz*0)),rgb(0,0.71875,1));
		draw(
			ellipsoid( (-0.71787,0.67836,-0.15651), (-0.072198,0.15106,0.98588), (-0.69243,-0.71903,0.059467), 0.96474, 1.9696, 4.284, (gDx*14,gDy*1,gDz*0)),rgb(0,1,1));
		draw(
			ellipsoid( (-0.53123,0.79777,-0.28522), (-0.12378,0.25996,0.95765), (-0.83813,-0.54404,0.039355), 1.0298, 2.0715, 3.758, (gDx*15,gDy*1,gDz*0)),rgb(0,1,0.8125));
		draw(
			ellipsoid( (-0.42505,0.80207,-0.41955), (-0.054055,0.44019,0.89628), (-0.90356,-0.40364,0.14374), 1.0485, 1.887, 4.4536, (gDx*16,gDy*1,gDz*0)),rgb(0,1,1));
		draw(
			ellipsoid( (0.21209,-0.64728,0.73215), (0.077545,0.75798,0.64765), (-0.97417,-0.080583,0.21095), 0.96594, 1.9237, 3.896, (gDx*17,gDy*1,gDz*0)),rgb(0,1,0.90625));
		draw(
			ellipsoid( (0.10392,-0.54444,0.83234), (0.12492,0.83739,0.53214), (-0.98671,0.048674,0.15503), 1.0318, 2.1782, 5.2722, (gDx*18,gDy*1,gDz*0)),rgb(0,0.8125,1));
		draw(
			ellipsoid( (0.11229,0.83957,-0.53152), (0.029228,0.53189,0.84631), (-0.99325,0.11057,-0.035187), 1.4222, 2.4836, 4.4739, (gDx*19,gDy*1,gDz*0)),rgb(0,1,0.625));
		draw(
			ellipsoid( (-0.10376,-0.41309,0.90476), (0.21708,0.87833,0.42592), (-0.97062,0.24059,-0.0014652), 1.0985, 2.7692, 5.056, (gDx*20,gDy*1,gDz*0)),rgb(0,0.90625,1));
		draw(
			ellipsoid( (-0.23659,-0.33767,0.91104), (0.14949,0.91385,0.37754), (-0.96004,0.22552,-0.16573), 1.0847, 2.7676, 4.8039, (gDx*21,gDy*1,gDz*0)),rgb(0,1,1));
		draw(
			ellipsoid( (0.46384,0.65279,-0.59893), (-0.1932,0.73432,0.65073), (0.8646,-0.18611,0.46673), 1.4451, 1.9882, 4.4994, (gDx*22,gDy*1,gDz*0)),rgb(0,1,0.71875));
		draw(
			ellipsoid( (0.45562,0.74269,-0.49074), (-0.22448,0.62933,0.74401), (0.86141,-0.22883,0.45345), 1.6225, 2.0489, 4.0007, (gDx*23,gDy*1,gDz*0)),rgb(0,1,0.34375));
		draw(
			ellipsoid( (-0.56589,0.13284,0.81371), (-0.39819,-0.90824,-0.12864), (0.72196,-0.3968,0.56686), 1.9505, 2.9165, 4.459, (gDx*24,gDy*1,gDz*0)),rgb(0,1,0.15625));
		draw(
			ellipsoid( (-0.79274,-0.36314,-0.48958), (0.083917,-0.86055,0.50241), (-0.60375,0.3572,0.71266), 0.94038, 1.3118, 3.6721, (gDx*0,gDy*2,gDz*0)),rgb(0,1,1));
		draw(
			ellipsoid( (-0.94153,0.17888,-0.28553), (-0.28604,-0.8722,0.3968), (-0.17805,0.45527,0.87237), 0.41038, 1.5038, 3.7176, (gDx*1,gDy*2,gDz*0)),rgb(0,0.4375,1));
		draw(
			ellipsoid( (0.96428,-0.24036,0.11133), (0.26286,0.81635,-0.51427), (0.032725,0.52517,0.85037), 0.87409, 1.4205, 3.0601, (gDx*2,gDy*2,gDz*0)),rgb(0,1,0.8125));
		draw(
			ellipsoid( (-0.40562,0.82387,-0.39587), (0.91117,0.33013,-0.24655), (0.072435,0.46071,0.88459), 0.93327, 1.8606, 4.4064, (gDx*3,gDy*2,gDz*0)),rgb(0,0.90625,1));
		draw(
			ellipsoid( (-0.064119,0.80667,-0.58751), (0.82337,0.37541,0.42559), (-0.56387,0.45645,0.68826), 1.3743, 1.8799, 4.4174, (gDx*4,gDy*2,gDz*0)),rgb(0,1,0.71875));
		draw(
			ellipsoid( (-0.8088,-0.15283,-0.56787), (-0.37154,-0.61571,0.69488), (-0.45584,0.77301,0.4412), 1.0819, 1.6467, 3.0315, (gDx*5,gDy*2,gDz*0)),rgb(0,1,0.53125));
		draw(
			ellipsoid( (-0.64764,-0.51579,-0.56083), (-0.23819,-0.5621,0.79203), (-0.72376,0.64653,0.24118), 1.1719, 1.4374, 3.0418, (gDx*6,gDy*2,gDz*0)),rgb(0,1,0.4375));
		draw(
			ellipsoid( (0.14971,0.20569,0.9671), (0.62847,0.7353,-0.25368), (-0.76329,0.64577,-0.019188), 1.1719, 1.6589, 3.2699, (gDx*7,gDy*2,gDz*0)),rgb(0,1,0.53125));
		draw(
			ellipsoid( (0.0051874,0.020912,0.99977), (0.59653,0.80234,-0.019878), (-0.80257,0.5965,-0.0083125), 0.65134, 1.5388, 3.0588, (gDx*8,gDy*2,gDz*0)),rgb(0,0.90625,1));
		draw(
			ellipsoid( (0.16908,0.88929,0.42495), (-0.094226,-0.41459,0.90512), (-0.98109,0.19308,-0.013695), 0.7412, 1.2387, 3.2349, (gDx*9,gDy*2,gDz*0)),rgb(0,1,1));
		draw(
			ellipsoid( (-0.045099,0.95159,0.30403), (0.17041,-0.29255,0.94094), (-0.98434,-0.094246,0.14897), 0.63095, 1.4243, 2.4826, (gDx*10,gDy*2,gDz*0)),rgb(0,1,0.90625));
		draw(
			ellipsoid( (-0.022706,0.42459,0.9051), (-0.13133,0.89622,-0.42372), (-0.99108,-0.12849,0.035411), 1.1472, 1.408, 3.7531, (gDx*11,gDy*2,gDz*0)),rgb(0,1,0.8125));
		draw(
			ellipsoid( (0.12993,-0.98687,0.095928), (0.17225,-0.072811,-0.98236), (0.97645,0.14416,0.16053), 0.98941, 1.7078, 4.2039, (gDx*12,gDy*2,gDz*0)),rgb(0,1,1));
		draw(
			ellipsoid( (-0.39886,0.90605,0.14137), (0.066039,-0.12538,0.98991), (-0.91463,-0.40417,0.0098231), 1.2808, 2.2309, 5.682, (gDx*13,gDy*2,gDz*0)),rgb(0,1,1));
		draw(
			ellipsoid( (-0.51275,0.84106,0.17236), (0.18358,-0.088709,0.97899), (-0.83868,-0.53362,0.10891), 0.80537, 2.1079, 4.6201, (gDx*14,gDy*2,gDz*0)),rgb(0,0.71875,1));
		draw(
			ellipsoid( (0.4331,-0.90114,0.019447), (0.16763,0.10173,0.98059), (-0.88562,-0.42143,0.19512), 1.1285, 2.1918, 4.965, (gDx*15,gDy*2,gDz*0)),rgb(0,1,1));
		draw(
			ellipsoid( (0.24943,-0.96792,-0.030353), (0.35132,0.061237,0.93425), (-0.90242,-0.2437,0.35532), 1.1506, 2.1478, 4.7714, (gDx*16,gDy*2,gDz*0)),rgb(0,1,1));
		draw(
			ellipsoid( (-0.18171,0.93159,-0.31482), (-0.43997,-0.36334,-0.82122), (-0.87943,-0.010709,0.4759), 0.98612, 2.6767, 4.9045, (gDx*17,gDy*2,gDz*0)),rgb(0,0.8125,1));
		draw(
			ellipsoid( (0.17051,-0.76456,0.62159), (0.26197,0.6433,0.7194), (-0.94989,0.04017,0.30998), 0.79515, 2.2476, 4.338, (gDx*18,gDy*2,gDz*0)),rgb(0,0.8125,1));
		draw(
			ellipsoid( (0.065797,-0.38813,0.91925), (0.3897,0.85808,0.33441), (-0.91859,0.33623,0.20771), 1.6027, 2.9348, 4.1195, (gDx*19,gDy*2,gDz*0)),rgb(0,1,0.34375));
		draw(
			ellipsoid( (0.02082,-0.28766,0.95751), (0.43383,0.86545,0.25057), (-0.90075,0.41018,0.14281), 0.97209, 2.7249, 4.6061, (gDx*20,gDy*2,gDz*0)),rgb(0,0.90625,1));
		draw(
			ellipsoid( (-0.23075,-0.4889,0.84127), (0.28379,0.79319,0.53881), (-0.93071,0.36307,-0.044284), 1.3872, 2.135, 3.9922, (gDx*21,gDy*2,gDz*0)),rgb(0,1,0.53125));
		draw(
			ellipsoid( (0.47392,0.53631,-0.69841), (-0.13251,-0.74066,-0.65868), (-0.87054,0.40471,-0.27995), 1.492, 2.3059, 4.1639, (gDx*22,gDy*2,gDz*0)),rgb(0,1,0.53125));
		draw(
			ellipsoid( (0.46056,0.50085,-0.73283), (-0.083042,-0.79766,-0.59736), (-0.88374,0.33597,-0.32578), 1.5479, 2.5606, 4.3495, (gDx*23,gDy*2,gDz*0)),rgb(0,1,0.53125));
		draw(
			ellipsoid( (0.75872,0.10094,-0.64354), (0.31413,0.80877,0.4972), (0.57067,-0.57939,0.58193), 1.3193, 2.5648, 3.6397, (gDx*24,gDy*2,gDz*0)),rgb(0,1,0.53125));
		draw(
			ellipsoid( (-0.51949,0.14667,-0.8418), (0.37615,0.92382,-0.071171), (-0.76723,0.35362,0.53508), 0.90357, 1.4393, 3.4658, (gDx*0,gDy*3,gDz*0)),rgb(0,1,0.90625));
		draw(
			ellipsoid( (-0.33158,0.76482,-0.55237), (0.859,0.48685,0.15845), (-0.39011,0.42194,0.8184), 0.88942, 1.1672, 3.6869, (gDx*1,gDy*3,gDz*0)),rgb(0,0.90625,1));
		draw(
			ellipsoid( (-0.4573,0.77845,-0.43), (0.87699,0.31452,-0.36327), (0.14754,0.54322,0.82652), 1.0621, 1.8331, 3.9627, (gDx*2,gDy*3,gDz*0)),rgb(0,1,0.8125));
		draw(
			ellipsoid( (-0.27578,0.83458,-0.47688), (0.89473,0.04157,-0.44468), (0.3513,0.54931,0.75819), 0.88171, 1.3998, 4.0558, (gDx*3,gDy*3,gDz*0)),rgb(0,0.90625,1));
		draw(
			ellipsoid( (-0.42959,0.75374,-0.49733), (0.8956,0.28517,-0.34143), (0.11553,0.59208,0.79755), 0.94381, 1.7566, 3.2831, (gDx*4,gDy*3,gDz*0)),rgb(0,1,0.8125));
		draw(
			ellipsoid( (-0.30225,0.58823,-0.75009), (0.89938,-0.084749,-0.42887), (0.31584,0.80424,0.50342), 1.1746, 1.7146, 3.3285, (gDx*5,gDy*3,gDz*0)),rgb(0,1,0.53125));
		draw(
			ellipsoid( (-0.65637,0.25694,-0.70934), (0.74879,0.33664,-0.57095), (0.09209,-0.9059,-0.41335), 0.75578, 1.7601, 3.497, (gDx*6,gDy*3,gDz*0)),rgb(0,0.90625,1));
		draw(
			ellipsoid( (-0.72258,-0.24993,-0.64453), (0.52383,0.41044,-0.74642), (0.45109,-0.87697,-0.16565), 0.9919, 1.6382, 2.5782, (gDx*7,gDy*3,gDz*0)),rgb(0,1,0.34375));
		draw(
			ellipsoid( (0.77746,0.34006,0.52906), (-0.43315,-0.3204,0.84245), (-0.456,0.88414,0.1018), 1.2059, 2.0162, 3.4281, (gDx*8,gDy*3,gDz*0)),rgb(0,1,0.53125));
		draw(
			ellipsoid( (0.40482,0.67656,0.61514), (-0.40945,-0.46739,0.78352), (-0.8176,0.56905,-0.087811), 1.0916, 2.0455, 3.419, (gDx*9,gDy*3,gDz*0)),rgb(0,1,0.625));
		draw(
			ellipsoid( (0.33972,0.87739,0.3388), (-0.1115,-0.32011,0.9408), (-0.9339,0.35738,0.01092), 0.93363, 1.8526, 3.1916, (gDx*10,gDy*3,gDz*0)),rgb(0,1,0.71875));
		draw(
			ellipsoid( (0.2294,0.91435,0.33369), (-0.05514,-0.33007,0.94234), (-0.97177,0.23457,0.025302), 1.3463, 1.7496, 3.0259, (gDx*11,gDy*3,gDz*0)),rgb(0,1,0.15625));
		draw(
			ellipsoid( (0.043577,0.98259,0.18059), (-0.056761,-0.17803,0.98239), (-0.99744,0.053059,-0.048014), 0.86917, 1.6525, 3.4781, (gDx*12,gDy*3,gDz*0)),rgb(0,1,0.90625));
		draw(
			ellipsoid( (0.095295,-0.99535,0.014132), (0.0191,0.016022,0.99969), (-0.99527,-0.094996,0.020538), 1.0627, 1.3611, 4.7528, (gDx*13,gDy*3,gDz*0)),rgb(0,0.8125,1));
		draw(
			ellipsoid( (-0.25483,0.85453,0.45258), (0.22439,-0.40301,0.88726), (-0.94059,-0.32765,0.089049), 1.16, 1.9312, 4.4613, (gDx*14,gDy*3,gDz*0)),rgb(0,1,0.90625));
		draw(
			ellipsoid( (0.38536,-0.92213,0.034235), (0.17336,0.10879,0.97883), (-0.90634,-0.37127,0.20178), 1.248, 2.0163, 5.0426, (gDx*15,gDy*3,gDz*0)),rgb(0,1,1));
		draw(
			ellipsoid( (0.27782,-0.95133,-0.13338), (0.32595,-0.037256,0.94465), (-0.90365,-0.30591,0.29973), 1.035, 2.225, 4.7385, (gDx*16,gDy*3,gDz*0)),rgb(0,0.90625,1));
		draw(
			ellipsoid( (-0.21093,0.93752,-0.2767), (-0.32916,-0.33466,-0.88298), (-0.92041,-0.095168,0.37919), 0.9581, 2.5056, 4.8208, (gDx*17,gDy*3,gDz*0)),rgb(0,0.8125,1));
		draw(
			ellipsoid( (0.23638,-0.7274,0.64421), (0.29384,0.68547,0.66617), (-0.92616,0.031829,0.37578), 1.0688, 2.3705, 4.2806, (gDx*18,gDy*3,gDz*0)),rgb(0,1,0.90625));
		draw(
			ellipsoid( (0.083246,-0.4108,0.90792), (0.68327,0.68673,0.24807), (-0.7254,0.5997,0.33786), 1.1244, 2.4481, 3.7476, (gDx*19,gDy*3,gDz*0)),rgb(0,1,0.71875));
		draw(
			ellipsoid( (-0.03045,-0.60315,0.79704), (0.40984,0.71976,0.56033), (-0.91165,0.34372,0.22528), 0.78572, 2.4326, 4.1808, (gDx*20,gDy*3,gDz*0)),rgb(0,0.8125,1));
		draw(
			ellipsoid( (-0.0098544,-0.30197,0.95327), (0.31084,0.90516,0.28995), (-0.95041,0.29917,0.084947), 1.1318, 2.2735, 3.6623, (gDx*21,gDy*3,gDz*0)),rgb(0,1,0.71875));
		draw(
			ellipsoid( (0.01428,-0.16314,0.9865), (0.32335,0.93434,0.14983), (-0.94617,0.31684,0.066094), 1.8929, 2.8226, 4.076, (gDx*22,gDy*3,gDz*0)),rgb(0,1,0.0625));
		draw(
			ellipsoid( (-0.37171,-0.088297,0.92414), (-0.34484,-0.91111,-0.22575), (0.86193,-0.40259,0.30822), 2.3912, 2.5806, 4.2675, (gDx*23,gDy*3,gDz*0)),rgb(0.21875,1,0));
		draw(
			ellipsoid( (-0.19386,0.3375,0.92115), (0.74749,0.65892,-0.08411), (-0.63535,0.67224,-0.38002), 1.9395, 2.8032, 4.0863, (gDx*24,gDy*3,gDz*0)),rgb(0,1,0.0625));
		draw(
			ellipsoid( (0.044382,-0.32873,0.94338), (0.60431,0.76078,0.23668), (-0.79551,0.55959,0.23242), 0.85846, 1.5646, 3.8433, (gDx*0,gDy*4,gDz*0)),rgb(0,0.90625,1));
		draw(
			ellipsoid( (-0.28127,0.26123,-0.92339), (0.74883,0.6615,-0.040959), (-0.60012,0.70298,0.38168), 0.7907, 1.0809, 3.4664, (gDx*1,gDy*4,gDz*0)),rgb(0,0.90625,1));
		draw(
			ellipsoid( (-0.36662,0.55983,-0.74309), (0.87775,0.47294,-0.076748), (-0.30847,0.68038,0.66478), 0.59329, 1.553, 2.7897, (gDx*2,gDy*4,gDz*0)),rgb(0,0.90625,1));
		draw(
			ellipsoid( (0.70983,0.36932,-0.59979), (0.59898,-0.76455,0.2381), (0.37063,0.52827,0.76391), 0.96496, 1.4156, 3.5301, (gDx*3,gDy*4,gDz*0)),rgb(0,1,0.90625));
		draw(
			ellipsoid( (-0.032721,0.84105,-0.53997), (0.96865,-0.10644,-0.22449), (0.24628,0.53039,0.81119), 0.99799, 1.4716, 3.2773, (gDx*4,gDy*4,gDz*0)),rgb(0,1,0.71875));
		draw(
			ellipsoid( (0.54697,-0.80491,0.23009), (0.65276,0.23799,-0.71921), (0.52414,0.54358,0.65559), 1.1345, 1.8298, 3.5794, (gDx*5,gDy*4,gDz*0)),rgb(0,1,0.625));
		draw(
			ellipsoid( (-0.64771,0.6555,-0.38833), (-0.64489,-0.20028,0.73757), (0.4057,0.72816,0.55244), 0.72868, 1.8029, 3.8769, (gDx*6,gDy*4,gDz*0)),rgb(0,0.8125,1));
		draw(
			ellipsoid( (-0.60502,0.2956,-0.7393), (0.78461,0.063445,-0.61673), (-0.1354,-0.9532,-0.27031), 1.032, 1.6021, 3.8803, (gDx*7,gDy*4,gDz*0)),rgb(0,1,0.90625));
		draw(
			ellipsoid( (-0.83526,-0.0043874,-0.54983), (0.54395,0.13947,-0.82744), (0.080317,-0.99022,-0.11411), 0.89089, 1.6433, 3.1412, (gDx*8,gDy*4,gDz*0)),rgb(0,1,0.8125));
		draw(
			ellipsoid( (0.74769,-0.050724,0.66211), (0.64934,-0.15287,-0.74497), (0.139,0.98694,-0.08136), 0.76971, 1.8423, 3.311, (gDx*9,gDy*4,gDz*0)),rgb(0,1,1));
		draw(
			ellipsoid( (0.55611,0.8086,0.19214), (-0.12359,-0.14815,0.98121), (-0.82187,0.56941,-0.017549), 1.0745, 1.8603, 2.9459, (gDx*10,gDy*4,gDz*0)),rgb(0,1,0.4375));
		draw(
			ellipsoid( (0.42534,0.84614,0.32113), (0.03658,-0.37061,0.92807), (-0.90429,0.383,0.18859), 1.0142, 2.1569, 3.2489, (gDx*11,gDy*4,gDz*0)),rgb(0,1,0.71875));
		draw(
			ellipsoid( (0.31039,0.89792,-0.31208), (0.064312,0.30771,0.9493), (-0.94843,0.31472,-0.037763), 0.86381, 1.9415, 5.0139, (gDx*12,gDy*4,gDz*0)),rgb(0,0.71875,1));
		draw(
			ellipsoid( (0.15069,0.95637,-0.25028), (0.016518,0.2507,0.96792), (-0.98844,0.14999,-0.021981), 1.0973, 2.2975, 5.0182, (gDx*13,gDy*4,gDz*0)),rgb(0,0.90625,1));
		draw(
			ellipsoid( (-0.081782,-0.82085,0.56526), (0.14343,0.55157,0.82171), (-0.98628,0.14828,0.072629), 1.198, 2.0541, 4.222, (gDx*14,gDy*4,gDz*0)),rgb(0,1,0.8125));
		draw(
			ellipsoid( (-0.083414,0.98818,-0.12864), (-0.26693,-0.14653,-0.95251), (-0.9601,-0.045115,0.27599), 0.82289, 1.8932, 3.7479, (gDx*15,gDy*4,gDz*0)),rgb(0,0.90625,1));
		draw(
			ellipsoid( (0.14372,-0.98756,0.063751), (0.43616,0.12104,0.89169), (-0.88832,-0.10035,0.44813), 1.1143, 2.0606, 3.9923, (gDx*16,gDy*4,gDz*0)),rgb(0,1,0.8125));
		draw(
			ellipsoid( (-0.25006,0.93367,-0.25637), (-0.31105,-0.32821,-0.89192), (-0.9169,-0.14329,0.3725), 1.2403, 1.935, 3.7726, (gDx*17,gDy*4,gDz*0)),rgb(0,1,0.625));
		draw(
			ellipsoid( (-0.18848,0.91851,-0.34758), (-0.38938,-0.3948,-0.83217), (-0.90159,-0.021505,0.43206), 1.1709, 2.0574, 4.8703, (gDx*18,gDy*4,gDz*0)),rgb(0,1,1));
		draw(
			ellipsoid( (0.026737,-0.5984,0.80075), (0.35449,0.75466,0.55212), (-0.93468,0.26909,0.2323), 0.80874, 2.7765, 5.2661, (gDx*19,gDy*4,gDz*0)),rgb(0,0.625,1));
		draw(
			ellipsoid( (-0.079915,-0.72676,0.68222), (0.80178,0.35978,0.47719), (-0.59225,0.58513,0.55395), 1.6043, 2.8798, 4.0372, (gDx*20,gDy*4,gDz*0)),rgb(0,1,0.34375));
		draw(
			ellipsoid( (-0.22005,-0.68181,0.69765), (0.71833,0.37061,0.58877), (-0.65999,0.6307,0.40821), 1.424, 2.675, 4.1258, (gDx*21,gDy*4,gDz*0)),rgb(0,1,0.53125));
		draw(
			ellipsoid( (0.14297,-0.32619,0.93443), (-0.90316,-0.42915,-0.01162), (0.4048,-0.84228,-0.35596), 1.7795, 2.953, 3.5696, (gDx*22,gDy*4,gDz*0)),rgb(0.03125,1,0));
		draw(
			ellipsoid( (-0.11844,-0.044842,0.99195), (-0.74229,-0.65952,-0.11845), (0.65952,-0.75035,0.04483), 2.1905, 2.9899, 4.5734, (gDx*23,gDy*4,gDz*0)),rgb(0,1,0.0625));
		draw(
			ellipsoid( (0.10776,0.29732,0.94868), (0.83864,0.48528,-0.24735), (-0.53392,0.82225,-0.19705), 1.7095, 2.9224, 4.4654, (gDx*24,gDy*4,gDz*0)),rgb(0,1,0.4375));
		draw(
			ellipsoid( (-0.014667,-0.19107,0.98147), (0.84725,0.51889,0.11368), (-0.53099,0.83321,0.15427), 0.76089, 1.5045, 4.5953, (gDx*0,gDy*5,gDz*0)),rgb(0,0.71875,1));
		draw(
			ellipsoid( (0.29632,-0.16943,0.93994), (-0.84609,-0.50313,0.17604), (0.44308,-0.84744,-0.29244), 0.84984, 1.4309, 4.0111, (gDx*1,gDy*5,gDz*0)),rgb(0,0.90625,1));
		draw(
			ellipsoid( (-0.47173,0.48526,-0.7362), (0.88124,0.23123,-0.41225), (0.02982,0.84324,0.5367), 0.606, 1.598, 3.9146, (gDx*2,gDy*5,gDz*0)),rgb(0,0.625,1));
		draw(
			ellipsoid( (-0.2712,0.57702,-0.77039), (0.90453,-0.12083,-0.40893), (0.32905,0.80774,0.48916), 0.67483, 1.5023, 3.6931, (gDx*3,gDy*5,gDz*0)),rgb(0,0.8125,1));
		draw(
			ellipsoid( (-0.44724,0.81295,-0.37294), (-0.76467,-0.13125,0.63092), (0.46396,0.56735,0.68034), 1.0638, 1.7137, 3.3363, (gDx*4,gDy*5,gDz*0)),rgb(0,1,0.625));
		draw(
			ellipsoid( (0.25205,-0.94885,0.19015), (0.63573,0.014205,-0.77178), (0.7296,0.31542,0.60679), 0.96281, 1.9703, 3.6017, (gDx*5,gDy*5,gDz*0)),rgb(0,1,0.8125));
		draw(
			ellipsoid( (-0.066283,0.85704,-0.51097), (-0.75641,0.29081,0.58589), (0.65073,0.42534,0.62899), 0.93343, 1.9435, 3.4004, (gDx*6,gDy*5,gDz*0)),rgb(0,1,0.8125));
		draw(
			ellipsoid( (-0.41136,0.74765,-0.52135), (-0.62234,0.18752,0.75996), (0.66594,0.63707,0.38816), 1.2033, 1.5824, 2.771, (gDx*7,gDy*5,gDz*0)),rgb(0,1,0.25));
		draw(
			ellipsoid( (-0.32939,0.80085,-0.50014), (-0.70404,0.14463,0.69527), (0.62915,0.58114,0.51619), 0.97123, 1.5384, 2.3922, (gDx*8,gDy*5,gDz*0)),rgb(0,1,0.34375));
		draw(
			ellipsoid( (0.84694,-0.4419,0.29567), (0.3646,0.077962,-0.92789), (0.38698,0.89367,0.22715), 0.78809, 1.656, 3.4843, (gDx*9,gDy*5,gDz*0)),rgb(0,1,1));
		draw(
			ellipsoid( (-0.93731,-0.029137,-0.34729), (-0.34425,-0.077944,0.93564), (0.054331,-0.99653,-0.063027), 1.5869, 2.1255, 2.9757, (gDx*10,gDy*5,gDz*0)),rgb(0.21875,1,0));
		draw(
			ellipsoid( (-0.54774,-0.4811,-0.68449), (-0.36625,-0.5977,0.71318), (-0.75222,0.64133,0.15118), 0.95837, 1.6399, 3.0004, (gDx*11,gDy*5,gDz*0)),rgb(0,1,0.625));
		draw(
			ellipsoid( (0.4865,0.85894,-0.15978), (0.12642,0.11175,0.98566), (-0.86448,0.49973,0.054219), 1.2215, 1.9811, 5.2871, (gDx*12,gDy*5,gDz*0)),rgb(0,1,1));
		draw(
			ellipsoid( (0.44513,0.85286,-0.27292), (0.15844,0.22496,0.9614), (-0.88134,0.47119,0.034989), 0.98965, 2.6685, 4.89, (gDx*13,gDy*5,gDz*0)),rgb(0,0.8125,1));
		draw(
			ellipsoid( (0.33861,0.88609,-0.31652), (0.27383,0.22903,0.93411), (-0.9002,0.40297,0.16508), 1.2372, 2.571, 4.3278, (gDx*14,gDy*5,gDz*0)),rgb(0,1,0.8125));
		draw(
			ellipsoid( (0.24702,0.93213,-0.26479), (-0.43674,-0.13683,-0.88912), (-0.86501,0.33527,0.3733), 1.2037, 2.2879, 3.8104, (gDx*15,gDy*5,gDz*0)),rgb(0,1,0.625));
		draw(
			ellipsoid( (0.035609,0.99329,-0.11005), (-0.47483,-0.080078,-0.87643), (-0.87936,0.083463,0.46879), 0.27973, 2.4407, 4.4796, (gDx*16,gDy*5,gDz*0)),rgb(0,0.0625,1));
		draw(
			ellipsoid( (-0.12232,0.91659,-0.38066), (-0.27604,-0.39982,-0.87404), (-0.95333,-0.001831,0.30192), 1.1649, 1.9417, 3.8776, (gDx*17,gDy*5,gDz*0)),rgb(0,1,0.71875));
		draw(
			ellipsoid( (-0.062042,0.93731,-0.34292), (-0.29825,-0.34529,-0.88984), (-0.95247,0.047066,0.30097), 1.2279, 2.1002, 4.1149, (gDx*18,gDy*5,gDz*0)),rgb(0,1,0.71875));
		draw(
			ellipsoid( (-0.028405,-0.69701,0.7165), (0.53106,0.59674,0.60156), (-0.84686,0.39759,0.3532), 1.6271, 2.6723, 4.2435, (gDx*19,gDy*5,gDz*0)),rgb(0,1,0.34375));
		draw(
			ellipsoid( (-0.013475,0.87617,-0.48181), (0.86644,0.25075,0.43175), (-0.4991,0.41164,0.76253), 2.2189, 3.2096, 4.8961, (gDx*20,gDy*5,gDz*0)),rgb(0,1,0.15625));
		draw(
			ellipsoid( (-0.077404,-0.43186,0.89861), (0.60031,0.69943,0.38785), (-0.79602,0.56946,0.20511), 1.5721, 2.949, 3.9086, (gDx*21,gDy*5,gDz*0)),rgb(0,1,0.34375));
		draw(
			ellipsoid( (-0.072536,-0.40273,0.91244), (0.64308,0.68039,0.35144), (-0.76235,0.61227,0.20964), 1.6786, 2.7969, 3.6761, (gDx*22,gDy*5,gDz*0)),rgb(0,1,0.15625));
		draw(
			ellipsoid( (-0.20817,-0.35519,0.91132), (0.70386,0.59256,0.39174), (-0.67915,0.72299,0.12665), 1.8301, 2.6041, 4.213, (gDx*23,gDy*5,gDz*0)),rgb(0,1,0.15625));
		draw(
			ellipsoid( (-0.24285,-0.17209,0.95468), (0.74287,0.59989,0.2971), (-0.62383,0.78136,-0.017839), 1.6951, 3.1592, 4.1622, (gDx*24,gDy*5,gDz*0)),rgb(0,1,0.34375));
		draw(
			ellipsoid( (-0.65124,-0.14852,0.7442), (0.75484,-0.025816,0.6554), (-0.07813,0.98857,0.12892), 1.0978, 1.4958, 3.2944, (gDx*0,gDy*6,gDz*0)),rgb(0,1,0.625));
		draw(
			ellipsoid( (-0.20448,-0.16246,0.9653), (0.97804,-0.074616,0.19462), (0.040409,0.98389,0.17415), 0.86443, 1.223, 3.6471, (gDx*1,gDy*6,gDz*0)),rgb(0,1,1));
		draw(
			ellipsoid( (-0.089587,-0.2824,0.95511), (0.99583,-0.0085506,0.090878), (-0.017497,0.95926,0.28198), 1.0663, 1.3598, 3.6247, (gDx*2,gDy*6,gDz*0)),rgb(0,1,0.8125));
		draw(
			ellipsoid( (0.054243,-0.47632,0.8776), (-0.81854,0.48215,0.31228), (-0.57188,-0.73529,-0.36373), 0.62016, 1.8969, 3.4291, (gDx*3,gDy*6,gDz*0)),rgb(0,0.71875,1));
		draw(
			ellipsoid( (-0.15227,0.65689,-0.73845), (0.81045,-0.34465,-0.47369), (-0.56567,-0.67061,-0.47989), 0.83098, 1.725, 3.8308, (gDx*4,gDy*6,gDz*0)),rgb(0,0.90625,1));
		draw(
			ellipsoid( (0.28071,-0.95108,0.12902), (0.81392,0.16464,-0.55717), (0.50867,0.26141,0.82032), 1.2081, 1.4863, 3.3002, (gDx*5,gDy*6,gDz*0)),rgb(0,1,0.53125));
		draw(
			ellipsoid( (-0.046436,-0.96723,0.24963), (0.79958,-0.18578,-0.57111), (0.59877,0.17308,0.782), 0.93795, 1.8297, 3.0595, (gDx*6,gDy*6,gDz*0)),rgb(0,1,0.71875));
		draw(
			ellipsoid( (0.040815,0.91851,-0.39328), (0.48368,-0.36258,-0.79661), (-0.87429,-0.15771,-0.45907), 1.1822, 2.4419, 3.5438, (gDx*7,gDy*6,gDz*0)),rgb(0,1,0.625));
		draw(
			ellipsoid( (-0.11316,0.8387,-0.53271), (0.38914,-0.45591,-0.80045), (-0.9142,-0.29788,-0.27478), 0.76204, 1.8389, 3.1683, (gDx*8,gDy*6,gDz*0)),rgb(0,1,1));
		draw(
			ellipsoid( (-0.56985,0.76407,-0.30243), (-0.32996,0.12432,0.93578), (-0.7526,-0.63304,-0.18127), 0.95146, 2.0998, 3.6474, (gDx*9,gDy*6,gDz*0)),rgb(0,1,0.90625));
		draw(
			ellipsoid( (-0.5387,0.77759,-0.32427), (-0.32789,0.16104,0.93089), (-0.77608,-0.60779,-0.16821), 1.1151, 2.3944, 3.3702, (gDx*10,gDy*6,gDz*0)),rgb(0,1,0.625));
		draw(
			ellipsoid( (-0.73967,0.5231,-0.42339), (-0.34555,0.24465,0.90595), (-0.57749,-0.8164,0.00020563), 1.2371, 2.2599, 3.048, (gDx*11,gDy*6,gDz*0)),rgb(0,1,0.34375));
		draw(
			ellipsoid( (-0.84623,0.0057377,0.53279), (0.53279,0.019912,0.84601), (0.0057547,-0.99979,0.019907), 1.4107, 2.5215, 2.7518, (gDx*12,gDy*6,gDz*0)),rgb(0.03125,1,0));
		draw(
			ellipsoid( (0.91637,0.40025,-0.0087481), (-0.022221,0.029033,-0.99933), (-0.39972,0.91595,0.035499), 1.0245, 2.125, 4.848, (gDx*13,gDy*6,gDz*0)),rgb(0,0.90625,1));
		draw(
			ellipsoid( (0.50673,0.65878,-0.55609), (0.34669,0.43486,0.83109), (-0.78932,0.61393,0.0080412), 1.1151, 2.9951, 4.7153, (gDx*14,gDy*6,gDz*0)),rgb(0,1,1));
		draw(
			ellipsoid( (0.3903,0.80722,-0.44279), (0.27961,0.3543,0.89235), (-0.87721,0.47209,0.087421), 1.2209, 2.5985, 3.8282, (gDx*15,gDy*6,gDz*0)),rgb(0,1,0.625));
		draw(
			ellipsoid( (0.12548,0.83528,-0.53532), (0.38366,0.45675,0.80261), (-0.91491,0.30609,0.26315), 0.97374, 3.0082, 3.8773, (gDx*16,gDy*6,gDz*0)),rgb(0,1,1));
		draw(
			ellipsoid( (0.17235,0.69592,-0.69713), (0.70202,0.40967,0.58252), (-0.69098,0.5898,0.41794), 1.4378, 1.8212, 3.0839, (gDx*17,gDy*6,gDz*0)),rgb(0,1,0.0625));
		draw(
			ellipsoid( (0.0058166,0.98828,-0.15254), (-0.21953,-0.14756,-0.96438), (-0.97559,0.039097,0.2161), 1.6726, 2.0847, 4.4279, (gDx*18,gDy*6,gDz*0)),rgb(0,1,0.4375));
		draw(
			ellipsoid( (0.101,-0.90999,0.40214), (0.74133,0.33841,0.57958), (-0.6635,0.23958,0.70878), 1.174, 1.9437, 4.0643, (gDx*19,gDy*6,gDz*0)),rgb(0,1,0.8125));
		draw(
			ellipsoid( (-0.088345,0.70294,-0.70574), (0.58452,0.61029,0.53469), (-0.80656,0.36528,0.46479), 2.0223, 2.4071, 4.8188, (gDx*20,gDy*6,gDz*0)),rgb(0,1,0.34375));
		draw(
			ellipsoid( (0.063367,-0.58727,0.80691), (0.78621,0.52738,0.32208), (-0.6147,0.61399,0.49513), 1.7368, 2.6104, 3.9682, (gDx*21,gDy*6,gDz*0)),rgb(0,1,0.15625));
		draw(
			ellipsoid( (-0.32266,-0.34038,0.88319), (0.92812,0.069265,0.36577), (-0.18567,0.93773,0.29356), 1.5784, 2.4554, 3.6521, (gDx*22,gDy*6,gDz*0)),rgb(0,1,0.15625));
		draw(
			ellipsoid( (-0.19649,-0.29181,0.93608), (0.94929,0.18236,0.25611), (-0.24544,0.93893,0.24118), 1.4, 2.7605, 3.4191, (gDx*23,gDy*6,gDz*0)),rgb(0,1,0.34375));
		draw(
			ellipsoid( (-0.27321,-0.12816,0.95338), (0.9575,0.05902,0.28233), (-0.092452,0.99,0.10659), 1.7206, 2.9261, 4.419, (gDx*24,gDy*6,gDz*0)),rgb(0,1,0.34375));
		draw(
			ellipsoid( (0.086996,-0.00090512,0.99621), (0.80533,-0.58858,-0.070862), (0.58641,0.80844,-0.050475), 0.71786, 1.4983, 3.1501, (gDx*0,gDy*7,gDz*0)),rgb(0,1,1));
		draw(
			ellipsoid( (0.076917,-0.10489,0.9915), (-0.8595,0.49702,0.11926), (-0.50531,-0.86137,-0.051927), 0.72408, 1.5412, 3.0125, (gDx*1,gDy*7,gDz*0)),rgb(0,1,1));
		draw(
			ellipsoid( (0.1794,-0.43408,0.88283), (-0.86884,0.35101,0.34915), (-0.46145,-0.82968,-0.31418), 0.98605, 1.602, 2.8501, (gDx*2,gDy*7,gDz*0)),rgb(0,1,0.53125));
		draw(
			ellipsoid( (-0.43427,0.65676,-0.6165), (-0.7784,0.07083,0.62376), (0.45333,0.75076,0.48047), 1.036, 1.5796, 3.7575, (gDx*3,gDy*7,gDz*0)),rgb(0,1,0.8125));
		draw(
			ellipsoid( (-0.23189,0.70515,-0.67007), (0.84874,-0.18989,-0.49354), (0.47526,0.68316,0.55445), 0.78871, 1.8008, 3.363, (gDx*4,gDy*7,gDz*0)),rgb(0,1,1));
		draw(
			ellipsoid( (-0.13526,0.76508,-0.62957), (0.59952,-0.44269,-0.66678), (-0.78885,-0.46763,-0.3988), 0.9734, 1.702, 3.0963, (gDx*5,gDy*7,gDz*0)),rgb(0,1,0.625));
		draw(
			ellipsoid( (0.04491,-0.98096,0.18897), (0.39313,-0.15654,-0.90606), (0.91839,0.11498,0.37861), 0.80777, 1.8762, 2.9918, (gDx*6,gDy*7,gDz*0)),rgb(0,1,0.90625));
		draw(
			ellipsoid( (-0.10909,-0.98355,0.14398), (0.83732,-0.16898,-0.51994), (0.53572,0.063835,0.84198), 1.1932, 2.0377, 3.2793, (gDx*7,gDy*7,gDz*0)),rgb(0,1,0.4375));
		draw(
			ellipsoid( (-0.1366,-0.97035,0.19941), (0.17751,-0.22202,-0.95875), (0.97459,-0.095571,0.20258), 0.85487, 1.6282, 2.9032, (gDx*8,gDy*7,gDz*0)),rgb(0,1,0.71875));
		draw(
			ellipsoid( (-0.12675,0.81201,-0.56971), (0.26845,-0.52483,-0.80777), (-0.95492,-0.25532,-0.15147), 0.93684, 1.6629, 3.2816, (gDx*9,gDy*7,gDz*0)),rgb(0,1,0.8125));
		draw(
			ellipsoid( (-0.18625,0.61247,-0.76824), (0.42198,-0.65626,-0.62551), (-0.88727,-0.44068,-0.13622), 0.95513, 1.6213, 3.0358, (gDx*10,gDy*7,gDz*0)),rgb(0,1,0.625));
		draw(
			ellipsoid( (0.62736,-0.77821,-0.028436), (-0.078864,-0.027165,-0.99652), (0.77472,0.62742,-0.078415), 0.69859, 1.6329, 2.3978, (gDx*11,gDy*7,gDz*0)),rgb(0,1,0.8125));
		draw(
			ellipsoid( (0.73258,-0.68045,0.017538), (0.1689,0.15676,-0.97309), (0.65939,0.71583,0.22977), 0.85632, 2.2366, 3.2322, (gDx*12,gDy*7,gDz*0)),rgb(0,1,0.90625));
		draw(
			ellipsoid( (0.8077,-0.57471,0.13165), (-0.14658,0.020544,0.98899), (0.57109,0.8181,0.067649), 1.0651, 2.6714, 3.6932, (gDx*13,gDy*7,gDz*0)),rgb(0,1,0.8125));
		draw(
			ellipsoid( (-0.98544,-0.050396,0.16236), (0.16134,0.023723,0.98661), (0.053573,-0.99845,0.015247), 0.5929, 2.56, 4.3796, (gDx*14,gDy*7,gDz*0)),rgb(0,0.53125,1));
		draw(
			ellipsoid( (0.63861,0.34605,-0.68733), (0.58743,0.35775,0.72591), (-0.49709,0.86733,-0.02518), 1.1139, 2.5137, 3.2698, (gDx*15,gDy*7,gDz*0)),rgb(0,1,0.625));
		draw(
			ellipsoid( (0.49748,0.70065,-0.51147), (0.46845,0.27926,0.83819), (-0.73011,0.65659,0.18929), 1.3708, 3.0679, 4.6215, (gDx*16,gDy*7,gDz*0)),rgb(0,1,0.71875));
		draw(
			ellipsoid( (0.84649,0.52457,-0.091014), (-0.24224,0.22725,-0.94323), (-0.4741,0.82048,0.31943), 1.7413, 2.4684, 4.2908, (gDx*17,gDy*7,gDz*0)),rgb(0,1,0.34375));
		draw(
			ellipsoid( (0.19998,0.9571,-0.2097), (-0.3125,-0.14054,-0.93947), (-0.92863,0.25341,0.27098), 1.221, 2.3051, 4.1188, (gDx*18,gDy*7,gDz*0)),rgb(0,1,0.71875));
		draw(
			ellipsoid( (0.19302,0.98039,-0.039611), (-0.30315,0.021193,-0.95271), (-0.93319,0.1959,0.30129), 1.4992, 2.5507, 4.0722, (gDx*19,gDy*7,gDz*0)),rgb(0,1,0.4375));
		draw(
			ellipsoid( (0.0097099,-0.91159,0.41099), (0.78733,0.26035,0.55887), (0.61646,-0.31816,-0.72024), 1.4476, 2.8669, 3.4746, (gDx*20,gDy*7,gDz*0)),rgb(0,1,0.34375));
		draw(
			ellipsoid( (0.13681,0.72698,-0.67289), (0.93789,0.12356,0.32419), (-0.31882,0.67545,0.66492), 1.6041, 2.7969, 4.3207, (gDx*21,gDy*7,gDz*0)),rgb(0,1,0.4375));
		draw(
			ellipsoid( (-0.099092,-0.60016,0.79372), (0.86006,0.34952,0.37166), (-0.50048,0.71947,0.48154), 1.8197, 2.706, 4.0132, (gDx*22,gDy*7,gDz*0)),rgb(0,1,0.15625));
		draw(
			ellipsoid( (-0.12296,-0.48926,0.86343), (-0.87048,0.471,0.14292), (-0.4766,-0.73402,-0.48381), 1.4494, 2.8836, 3.2628, (gDx*23,gDy*7,gDz*0)),rgb(0,1,0.25));
		draw(
			ellipsoid( (-0.16148,-0.16085,0.97368), (0.98469,-0.09188,0.14813), (0.065634,0.98269,0.17323), 2.2375, 3.4183, 3.8131, (gDx*24,gDy*7,gDz*0)),rgb(0.3125,1,0));
		draw(
			ellipsoid( (0.43363,-0.56723,-0.70015), (0.71784,-0.25221,0.64892), (-0.54468,-0.78399,0.29781), 0.84367, 1.3666, 3.5886, (gDx*0,gDy*8,gDz*0)),rgb(0,1,1));
		draw(
			ellipsoid( (0.073712,0.098301,0.99242), (-0.70692,0.70708,-0.017531), (-0.70344,-0.70027,0.12161), 0.83038, 1.3857, 3.9183, (gDx*1,gDy*8,gDz*0)),rgb(0,0.90625,1));
		draw(
			ellipsoid( (-0.038352,0.044021,0.99829), (-0.72544,0.68582,-0.058112), (-0.68721,-0.72644,0.0056326), 0.97737, 2.1355, 3.7933, (gDx*2,gDy*8,gDz*0)),rgb(0,1,0.90625));
		draw(
			ellipsoid( (-0.78867,0.19442,0.58326), (0.42319,-0.5165,0.7444), (0.44598,0.83392,0.32507), 1.2787, 1.3291, 3.2562, (gDx*3,gDy*8,gDz*0)),rgb(0,1,0.53125));
		draw(
			ellipsoid( (-0.25397,0.5863,-0.76925), (0.79958,-0.32024,-0.50805), (-0.54422,-0.74411,-0.38747), 1.2667, 2.003, 3.3259, (gDx*4,gDy*8,gDz*0)),rgb(0,1,0.4375));
		draw(
			ellipsoid( (-0.1283,0.70564,-0.69686), (0.62546,-0.48773,-0.60903), (-0.76964,-0.514,-0.37877), 0.91523, 1.9034, 2.783, (gDx*5,gDy*8,gDz*0)),rgb(0,1,0.625));
		draw(
			ellipsoid( (0.024035,-0.92736,0.37339), (-0.50038,0.31218,0.80756), (0.86547,0.20625,0.45653), 0.65745, 2.0493, 2.9799, (gDx*6,gDy*8,gDz*0)),rgb(0,0.90625,1));
		draw(
			ellipsoid( (0.14634,0.95312,-0.26485), (0.77552,-0.27675,-0.56744), (0.61413,0.12236,0.77966), 0.8348, 2.005, 2.7108, (gDx*7,gDy*8,gDz*0)),rgb(0,1,0.71875));
		draw(
			ellipsoid( (-0.16534,-0.97669,0.13692), (0.76634,-0.21462,-0.60552), (0.62079,0.0048146,0.78396), 0.84673, 1.8706, 2.7453, (gDx*8,gDy*8,gDz*0)),rgb(0,1,0.71875));
		draw(
			ellipsoid( (-0.068515,0.95054,-0.30296), (-0.18822,0.2859,0.93959), (-0.97973,-0.1214,-0.15932), 1.2754, 1.91, 2.7299, (gDx*9,gDy*8,gDz*0)),rgb(0,1,0.0625));
		draw(
			ellipsoid( (0.12603,-0.98454,-0.12161), (0.17206,-0.099039,0.9801), (-0.97699,-0.14444,0.15692), 1.4609, 1.6531, 2.9236, (gDx*10,gDy*8,gDz*0)),rgb(0,1,0.0625));
		draw(
			ellipsoid( (-0.402,0.85332,-0.33203), (-0.15443,0.29424,0.94317), (-0.90252,-0.43043,-0.013493), 0.97062, 2.0553, 2.1303, (gDx*11,gDy*8,gDz*0)),rgb(0,1,0.25));
		draw(
			ellipsoid( (-0.45122,0.88879,-0.080349), (-0.058617,0.060324,0.99646), (-0.89049,-0.45433,-0.024879), 1.1155, 2.3648, 3.3803, (gDx*12,gDy*8,gDz*0)),rgb(0,1,0.625));
		draw(
			ellipsoid( (-0.53064,0.84469,-0.070149), (-0.028462,0.064957,0.99748), (-0.84712,-0.53131,0.010427), 1.0765, 2.2514, 3.862, (gDx*13,gDy*8,gDz*0)),rgb(0,1,0.8125));
		draw(
			ellipsoid( (-0.5494,0.83235,-0.07321), (-0.066301,0.043915,0.99683), (-0.83293,-0.55251,-0.031059), 1.1105, 2.2517, 3.8376, (gDx*14,gDy*8,gDz*0)),rgb(0,1,0.71875));
		draw(
			ellipsoid( (-0.73166,0.58759,0.34556), (-0.14225,-0.62738,0.76561), (0.66666,0.51101,0.54262), 1.2674, 3.0374, 4.0655, (gDx*15,gDy*8,gDz*0)),rgb(0,1,0.71875));
		draw(
			ellipsoid( (-0.77676,-0.1489,0.61194), (0.62708,-0.092792,0.77341), (-0.058378,0.98449,0.16545), 1.7334, 2.4503, 3.8651, (gDx*16,gDy*8,gDz*0)),rgb(0,1,0.15625));
		draw(
			ellipsoid( (-0.13538,-0.23056,0.96359), (0.97282,0.15347,0.1734), (-0.18786,0.96088,0.20352), 1.7671, 1.9098, 4.3047, (gDx*17,gDy*8,gDz*0)),rgb(0,1,0.4375));
		draw(
			ellipsoid( (-0.84866,-0.43586,0.29968), (0.52454,-0.62055,0.5829), (-0.068101,0.65188,0.75526), 1.4287, 2.1106, 3.4557, (gDx*18,gDy*8,gDz*0)),rgb(0,1,0.25));
		draw(
			ellipsoid( (0.53637,0.83857,-0.095408), (0.8434,-0.53677,0.023675), (0.031359,0.093166,0.99516), 1.8386, 3.0262, 3.7959, (gDx*19,gDy*8,gDz*0)),rgb(0,1,0.0625));
		draw(
			ellipsoid( (0.49968,0.8482,-0.17571), (-0.71645,0.29069,-0.63419), (-0.48684,0.44278,0.75295), 1.5846, 2.8491, 3.9295, (gDx*20,gDy*8,gDz*0)),rgb(0,1,0.34375));
		draw(
			ellipsoid( (-0.35889,-0.85516,0.37403), (0.92151,-0.38834,-0.0036706), (-0.14839,-0.34335,-0.92741), 1.7726, 3.5705, 3.8678, (gDx*21,gDy*8,gDz*0)),rgb(0,1,0.25));
		draw(
			ellipsoid( (0.72228,0.63912,-0.26428), (0.68156,-0.72267,0.11504), (0.11746,0.26322,0.95756), 1.9298, 2.9959, 3.999, (gDx*22,gDy*8,gDz*0)),rgb(0,1,0.0625));
		draw(
			ellipsoid( (0.38645,0.74384,-0.54531), (0.91993,-0.26842,0.28579), (-0.066205,0.61209,0.78801), 2.0548, 3.1606, 4.81, (gDx*23,gDy*8,gDz*0)),rgb(0,1,0.25));
		draw(
			ellipsoid( (-0.40849,-0.37983,0.82998), (0.87222,0.10557,0.47759), (-0.26902,0.91901,0.28816), 1.829, 2.8778, 4.2104, (gDx*24,gDy*8,gDz*0)),rgb(0,1,0.15625));
		draw(
			ellipsoid( (0.5316,0.14528,0.83444), (0.57057,-0.78953,-0.22604), (-0.62598,-0.59626,0.50261), 0.73443, 1.2806, 3.5251, (gDx*0,gDy*9,gDz*0)),rgb(0,0.90625,1));
		draw(
			ellipsoid( (0.077867,0.38564,0.91936), (-0.73233,0.64784,-0.20973), (-0.67648,-0.65695,0.33287), 0.93983, 1.2623, 2.9576, (gDx*1,gDy*9,gDz*0)),rgb(0,1,0.71875));
		draw(
			ellipsoid( (-0.054736,0.11283,0.99211), (-0.57579,0.80819,-0.12368), (-0.81576,-0.57802,0.02073), 0.83475, 1.9659, 4.6762, (gDx*2,gDy*9,gDz*0)),rgb(0,0.71875,1));
		draw(
			ellipsoid( (0.067387,-0.11016,0.99163), (-0.41438,0.90102,0.12826), (-0.90761,-0.41955,0.015068), 0.8221, 1.8646, 3.9919, (gDx*3,gDy*9,gDz*0)),rgb(0,0.90625,1));
		draw(
			ellipsoid( (0.18805,-0.50668,0.84138), (-0.75079,0.47814,0.45574), (-0.63321,-0.7174,-0.2905), 1.237, 2.1916, 3.588, (gDx*4,gDy*9,gDz*0)),rgb(0,1,0.53125));
		draw(
