	import three;
	import settings;

	surface ellipsoid(triple v1,triple v2,triple v3,real l1,real l2, real l3, triple pos=O) {
		transform3 T = identity(4);
		T[0][0] = l1*v1.x;
		T[1][0] = l1*v1.y;
		T[2][0] = l1*v1.z;
		T[0][1] = l2*v2.x;
		T[1][1] = l2*v2.y;
		T[2][1] = l2*v2.z;
		T[0][2] = l3*v3.x;
		T[1][2] = l3*v3.y;
		T[2][2] = l3*v3.z;
		T[0][3] = pos.x;
		T[1][3] = pos.y;
		T[2][3] = pos.z;
		return T*unitsphere;
	}

	size(200);

	real gDx=4;
	real gDy=4;
	real gDz=4;

	currentprojection=perspective( camera=(gDx*12,gDy*12,25),up=Y, target=(gDx*12,gDy*12,gDz*-0.5));
		draw(
			ellipsoid( (-0.052581,-0.013567,-0.99852), (-0.94343,-0.32711,0.054124), (0.32736,-0.94489,-0.0044004), 4.0583, 1.2039, 0.89124, (gDx*0,gDy*0,gDz*0)),rgb(0,0.90625,1));
		draw(
			ellipsoid( (0.32782,-0.094559,-0.93999), (-0.94313,0.025355,-0.33147), (-0.055177,-0.9952,0.080869), 3.3332, 1.7491, 0.99536, (gDx*1,gDy*0,gDz*0)),rgb(0,1,0.71875));
		draw(
			ellipsoid( (0.77616,-0.20505,-0.59627), (-0.61296,-0.023586,-0.78976), (-0.14788,-0.97847,0.14399), 3.8366, 1.4782, 0.98361, (gDx*2,gDy*0,gDz*0)),rgb(0,1,0.90625));
		draw(
			ellipsoid( (0.89246,-0.242,-0.38072), (-0.42809,-0.72053,-0.54551), (0.14231,-0.64983,0.74664), 4.0205, 0.94222, 1.111, (gDx*3,gDy*0,gDz*0)),rgb(0,0.90625,1));
		draw(
			ellipsoid( (0.95534,-0.15889,-0.24915), (-0.29155,-0.64428,-0.70703), (0.048183,-0.7481,0.66184), 3.6645, 1.0194, 1.2629, (gDx*4,gDy*0,gDz*0)),rgb(0,1,0.90625));
		draw(
			ellipsoid( (0.9932,-0.058273,-0.10078), (-0.1158,-0.58357,-0.80376), (0.011977,-0.80997,0.58635), 3.7302, 0.98157, 1.4445, (gDx*5,gDy*0,gDz*0)),rgb(0,1,0.90625));
		draw(
			ellipsoid( (0.99912,0.041845,0.0041294), (0.02871,-0.60713,-0.79408), (0.030721,-0.7935,0.60779), 4.0298, 0.86803, 1.5567, (gDx*6,gDy*0,gDz*0)),rgb(0,0.90625,1));
		draw(
			ellipsoid( (0.99121,0.1162,0.063239), (0.12598,-0.68314,-0.71934), (0.040383,-0.72098,0.69178), 4.049, 0.74141, 1.4606, (gDx*7,gDy*0,gDz*0)),rgb(0,0.8125,1));
		draw(
			ellipsoid( (0.98413,0.14695,0.099448), (0.17731,-0.79383,-0.58171), (0.0065346,-0.59011,0.80729), 3.61, 0.61479, 1.4028, (gDx*8,gDy*0,gDz*0)),rgb(0,0.71875,1));
		draw(
			ellipsoid( (0.97633,0.19279,0.098015), (0.2156,-0.83198,-0.51119), (0.017006,-0.52023,0.85386), 3.1029, 0.58397, 1.3407, (gDx*9,gDy*0,gDz*0)),rgb(0,0.8125,1));
		draw(
			ellipsoid( (-0.87271,-0.48716,-0.032354), (-0.44543,0.76731,0.46133), (0.19992,-0.41702,0.88664), 2.7851, 0.96273, 1.7012, (gDx*10,gDy*0,gDz*0)),rgb(0,1,0.53125));
		draw(
			ellipsoid( (0.45801,0.88695,-0.059576), (0.87646,-0.46176,-0.13637), (0.14846,-0.010244,0.98886), 3.0285, 1.1919, 2.0107, (gDx*11,gDy*0,gDz*0)),rgb(0,1,0.34375));
		draw(
			ellipsoid( (0.22349,0.97351,0.048284), (0.9727,-0.22593,0.05304), (-0.062544,-0.035112,0.99742), 4.7288, 0.75572, 1.9925, (gDx*12,gDy*0,gDz*0)),rgb(0,0.625,1));
		draw(
			ellipsoid( (0.33786,0.9412,-0.00065327), (0.94107,-0.3378,0.016793), (-0.015585,0.0062884,0.99986), 5.3775, 1.0165, 1.6557, (gDx*13,gDy*0,gDz*0)),rgb(0,0.71875,1));
		draw(
			ellipsoid( (0.63967,0.76377,-0.086472), (0.76563,-0.62313,0.15976), (-0.068135,0.1684,0.98336), 4.466, 0.9876, 1.9074, (gDx*14,gDy*0,gDz*0)),rgb(0,0.90625,1));
		draw(
			ellipsoid( (0.82042,0.54231,-0.18112), (0.57039,-0.79816,0.19387), (0.039425,0.26237,0.96416), 4.6961, 0.81642, 1.9892, (gDx*15,gDy*0,gDz*0)),rgb(0,0.71875,1));
		draw(
			ellipsoid( (0.92091,0.36572,-0.13484), (0.38711,-0.81766,0.42612), (-0.045586,0.44462,0.89456), 4.4398, 0.92633, 1.829, (gDx*16,gDy*0,gDz*0)),rgb(0,0.90625,1));
		draw(
			ellipsoid( (0.98313,0.13611,-0.12218), (0.18289,-0.72232,0.66694), (-0.0025207,0.67803,0.73503), 4.7114, 0.85742, 1.7271, (gDx*17,gDy*0,gDz*0)),rgb(0,0.71875,1));
		draw(
			ellipsoid( (0.99791,0.017051,-0.062282), (0.059838,-0.60673,0.79266), (0.024272,0.79473,0.60648), 4.7293, 0.93021, 1.8873, (gDx*18,gDy*0,gDz*0)),rgb(0,0.8125,1));
		draw(
			ellipsoid( (0.99555,-0.078108,0.052792), (-0.084438,-0.48971,0.86779), (0.041928,0.86838,0.49412), 4.2055, 1.0732, 2.0333, (gDx*19,gDy*0,gDz*0)),rgb(0,1,0.90625));
		draw(
			ellipsoid( (0.95697,-0.21697,0.19272), (-0.26485,-0.3815,0.88561), (0.11862,0.89855,0.42255), 4.0065, 1.0717, 2.1778, (gDx*20,gDy*0,gDz*0)),rgb(0,1,0.8125));
		draw(
			ellipsoid( (0.92592,-0.23435,0.29622), (-0.35629,-0.28154,0.89095), (0.1254,0.93049,0.34418), 4.1713, 1.0554, 2.169, (gDx*21,gDy*0,gDz*0)),rgb(0,1,0.90625));
		draw(
			ellipsoid( (0.91264,-0.19665,0.35836), (-0.39047,-0.15999,0.90661), (0.12095,0.96733,0.2228), 4.435, 1.0017, 2.12, (gDx*22,gDy*0,gDz*0)),rgb(0,1,1));
		draw(
			ellipsoid( (0.80749,-0.21616,0.54884), (-0.58586,-0.18548,0.7889), (0.068728,0.95858,0.27642), 3.6355, 1.5079, 2.3785, (gDx*23,gDy*0,gDz*0)),rgb(0,1,0.25));
		draw(
			ellipsoid( (0.33615,-0.17435,0.92553), (-0.93688,-0.16229,0.3097), (-0.096209,0.97122,0.2179), 3.8053, 1.8069, 2.6358, (gDx*24,gDy*0,gDz*0)),rgb(0,1,0.0625));
		draw(
			ellipsoid( (0.31813,-0.29933,-0.89955), (-0.9388,0.032756,-0.3429), (-0.13211,-0.95359,0.27059), 3.8385, 1.281, 0.92331, (gDx*0,gDy*1,gDz*0)),rgb(0,1,1));
		draw(
			ellipsoid( (0.1144,-0.33717,-0.93447), (-0.94953,0.23945,-0.20264), (-0.29208,-0.91048,0.29276), 3.604, 1.023, 1.2112, (gDx*1,gDy*1,gDz*0)),rgb(0,1,0.90625));
		draw(
			ellipsoid( (-0.34628,0.35825,0.86703), (0.87103,0.46602,0.15532), (0.34841,-0.809,0.47342), 3.1596, 1.4265, 1.1694, (gDx*2,gDy*1,gDz*0)),rgb(0,1,0.53125));
		draw(
			ellipsoid( (0.67308,-0.3449,-0.65422), (-0.72547,-0.47978,-0.49346), (0.14369,-0.80676,0.57315), 3.3076, 1.4317, 1.2169, (gDx*3,gDy*1,gDz*0)),rgb(0,1,0.53125));
		draw(
			ellipsoid( (0.78769,-0.38016,-0.48479), (-0.61499,-0.4387,-0.65523), (-0.036409,-0.81426,0.57936), 3.256, 1.2316, 1.3881, (gDx*4,gDy*1,gDz*0)),rgb(0,1,0.53125));
		draw(
			ellipsoid( (0.85037,-0.42462,-0.31075), (-0.50748,-0.50578,-0.69761), (-0.13904,-0.75092,0.64559), 3.175, 1.0727, 1.5134, (gDx*5,gDy*1,gDz*0)),rgb(0,1,0.625));
		draw(
			ellipsoid( (0.9575,-0.2357,-0.16627), (-0.28843,-0.77559,-0.56148), (-0.0033803,-0.58558,0.81061), 3.0163, 0.94221, 1.5119, (gDx*6,gDy*1,gDz*0)),rgb(0,1,0.71875));
		draw(
			ellipsoid( (0.99041,-0.13671,-0.019767), (-0.12992,-0.87333,-0.46948), (-0.04692,-0.46754,0.88272), 3.1978, 0.69901, 1.4855, (gDx*7,gDy*1,gDz*0)),rgb(0,0.90625,1));
		draw(
			ellipsoid( (0.99753,-0.066548,0.022621), (-0.044632,-0.84835,-0.52755), (-0.054298,-0.52523,0.84922), 2.908, 0.75821, 1.4132, (gDx*8,gDy*1,gDz*0)),rgb(0,1,0.90625));
		draw(
			ellipsoid( (0.9975,0.032486,0.062774), (0.063662,-0.79879,-0.59823), (-0.030709,-0.60073,0.79886), 2.73, 0.79031, 1.3557, (gDx*9,gDy*1,gDz*0)),rgb(0,1,0.71875));
		draw(
			ellipsoid( (0.97119,0.23274,0.051281), (0.21874,-0.78506,-0.57951), (0.094615,-0.57403,0.81335), 2.7071, 0.93619, 1.3147, (gDx*10,gDy*1,gDz*0)),rgb(0,1,0.53125));
		draw(
			ellipsoid( (0.89624,0.43758,0.072681), (0.44312,-0.87587,-0.19105), (0.019938,-0.20343,0.97889), 2.9625, 1.0054, 1.2861, (gDx*11,gDy*1,gDz*0)),rgb(0,1,0.625));
		draw(
			ellipsoid( (0.81465,0.57946,0.023794), (0.57995,-0.81404,-0.031579), (-0.0010703,-0.039525,0.99922), 3.5116, 1.003, 1.56, (gDx*12,gDy*1,gDz*0)),rgb(0,1,0.8125));
		draw(
			ellipsoid( (0.74839,0.66247,-0.032317), (0.66316,-0.74823,0.019396), (0.011331,0.035948,0.99929), 4.2939, 0.9555, 1.9127, (gDx*13,gDy*1,gDz*0)),rgb(0,1,1));
		draw(
			ellipsoid( (0.76792,0.63151,-0.10725), (0.63889,-0.76716,0.057304), (0.046089,0.11253,0.99258), 4.3876, 0.99816, 1.9854, (gDx*14,gDy*1,gDz*0)),rgb(0,1,1));
		draw(
			ellipsoid( (0.85283,0.49709,-0.15994), (0.51944,-0.83895,0.16231), (0.053498,0.2215,0.97369), 4.3626, 1.0074, 2.0041, (gDx*15,gDy*1,gDz*0)),rgb(0,1,1));
		draw(
			ellipsoid( (0.92471,0.32515,-0.19796), (0.37544,-0.86491,0.33314), (0.062894,0.38238,0.92186), 4.401, 1.0319, 1.9433, (gDx*16,gDy*1,gDz*0)),rgb(0,1,1));
		draw(
			ellipsoid( (0.97031,0.13393,-0.20141), (0.22537,-0.8029,0.55187), (0.087801,0.58087,0.80925), 4.5086, 1.012, 1.94, (gDx*17,gDy*1,gDz*0)),rgb(0,1,1));
		draw(
			ellipsoid( (0.9898,0.00071258,-0.14245), (0.10636,-0.6689,0.73571), (0.094757,0.74336,0.66215), 4.4615, 1.0618, 2.0794, (gDx*18,gDy*1,gDz*0)),rgb(0,1,1));
		draw(
			ellipsoid( (0.99309,-0.1087,-0.044286), (-0.11534,-0.83369,-0.54006), (-0.021785,-0.54143,0.84046), 4.1737, 2.2369, 1.1375, (gDx*19,gDy*1,gDz*0)),rgb(0,1,0.8125));
		draw(
			ellipsoid( (-0.96132,0.27314,-0.035553), (0.15484,0.42914,-0.88987), (0.2278,0.86095,0.45483), 4.2412, 1.0999, 2.4312, (gDx*20,gDy*1,gDz*0)),rgb(0,1,0.90625));
		draw(
			ellipsoid( (0.94737,-0.27181,0.16915), (-0.27067,-0.39787,0.8766), (0.17097,0.87625,0.4505), 4.1671, 1.2076, 2.3298, (gDx*21,gDy*1,gDz*0)),rgb(0,1,0.71875));
		draw(
			ellipsoid( (0.9118,-0.25844,0.31912), (-0.40037,-0.38678,0.83072), (0.091264,0.88522,0.45614), 4.1988, 1.3517, 2.1747, (gDx*22,gDy*1,gDz*0)),rgb(0,1,0.625));
		draw(
			ellipsoid( (-0.82632,0.3045,-0.47379), (0.55001,0.25527,-0.79519), (0.12119,0.91767,0.37841), 3.8845, 1.6786, 2.3259, (gDx*23,gDy*1,gDz*0)),rgb(0,1,0.25));
		draw(
			ellipsoid( (-0.62797,0.40182,-0.66647), (0.73839,0.037135,-0.67335), (0.24582,0.91496,0.32002), 4.0183, 1.8567, 2.5243, (gDx*24,gDy*1,gDz*0)),rgb(0,1,0.0625));
		draw(
			ellipsoid( (-0.57819,0.3722,0.72606), (0.64374,0.75485,0.12568), (0.50129,-0.54006,0.67604), 3.5895, 1.1063, 1.0961, (gDx*0,gDy*2,gDz*0)),rgb(0,1,0.90625));
		draw(
			ellipsoid( (-0.14617,0.44911,0.88144), (0.93646,-0.22437,0.26962), (-0.31886,-0.86485,0.38777), 3.5066, 0.70882, 1.2954, (gDx*1,gDy*2,gDz*0)),rgb(0,0.8125,1));
		draw(
			ellipsoid( (-0.80754,0.49524,-0.32034), (0.58664,0.73067,-0.34925), (-0.061098,0.46996,0.88057), 0.95172, 1.3541, 3.4713, (gDx*2,gDy*2,gDz*0)),rgb(0,1,0.90625));
		draw(
			ellipsoid( (-0.33285,0.80912,-0.48429), (0.93862,0.33359,-0.087784), (-0.090524,0.48378,0.87049), 1.1086, 1.72, 3.4566, (gDx*3,gDy*2,gDz*0)),rgb(0,1,0.625));
		draw(
			ellipsoid( (0.40233,-0.52986,-0.74658), (-0.8812,-0.44524,-0.15889), (0.24822,-0.72181,0.64604), 3.036, 1.6917, 1.3181, (gDx*4,gDy*2,gDz*0)),rgb(0,1,0.25));
		draw(
			ellipsoid( (-0.57477,0.63315,0.51843), (0.64636,-0.037273,0.76212), (-0.50186,-0.77313,0.38782), 2.8489, 1.2965, 1.5681, (gDx*5,gDy*2,gDz*0)),rgb(0,1,0.15625));
		draw(
			ellipsoid( (-0.73656,0.59891,0.3143), (0.53055,0.22338,0.81769), (-0.41952,-0.76903,0.48229), 2.6216, 1.258, 1.537, (gDx*6,gDy*2,gDz*0)),rgb(0,1,0.0625));
		draw(
			ellipsoid( (-0.83695,0.53564,0.11226), (0.4066,0.74589,-0.52757), (0.36632,0.3959,0.84206), 2.6609, 1.5081, 1.1147, (gDx*7,gDy*2,gDz*0)),rgb(0,1,0.25));
		draw(
			ellipsoid( (-0.89652,0.44289,0.010054), (0.36727,0.75577,-0.54214), (0.24771,0.48235,0.84023), 2.7746, 1.4396, 0.96743, (gDx*8,gDy*2,gDz*0)),rgb(0,1,0.53125));
		draw(
			ellipsoid( (0.97021,-0.24224,0.0015824), (-0.1797,-0.72408,-0.66589), (-0.16245,-0.64577,0.74605), 2.8014, 0.92152, 1.3645, (gDx*9,gDy*2,gDz*0)),rgb(0,1,0.625));
		draw(
			ellipsoid( (0.99873,-0.050067,-0.0051982), (-0.046508,-0.87833,-0.47578), (-0.019255,-0.47542,0.87955), 2.8309, 0.9118, 1.3371, (gDx*10,gDy*2,gDz*0)),rgb(0,1,0.625));
		draw(
			ellipsoid( (0.99351,0.11343,0.0082584), (0.11118,-0.95338,-0.28054), (0.023949,-0.27964,0.95981), 3.155, 1.0211, 1.4158, (gDx*11,gDy*2,gDz*0)),rgb(0,1,0.625));
		draw(
			ellipsoid( (0.96809,0.24684,0.043324), (0.24981,-0.96428,-0.088066), (-0.020038,-0.096078,0.99517), 3.7026, 1.0378, 1.5855, (gDx*12,gDy*2,gDz*0)),rgb(0,1,0.8125));
		draw(
			ellipsoid( (0.92063,0.39002,-0.018229), (0.38633,-0.9167,-0.10205), (0.056514,-0.086912,0.99461), 4.1613, 1.0551, 1.8335, (gDx*13,gDy*2,gDz*0)),rgb(0,1,0.90625));
		draw(
			ellipsoid( (-0.8703,-0.48147,0.10372), (-0.47472,0.87614,0.083746), (0.1312,-0.023645,0.99107), 4.5586, 1.0101, 2.006, (gDx*14,gDy*2,gDz*0)),rgb(0,0.90625,1));
		draw(
			ellipsoid( (0.90126,0.39706,-0.17343), (0.414,-0.90723,0.074348), (0.12782,0.13881,0.98204), 4.3792, 1.0953, 2.0284, (gDx*15,gDy*2,gDz*0)),rgb(0,1,0.90625));
		draw(
			ellipsoid( (-0.92019,-0.28096,0.2726), (-0.34324,0.91391,-0.2167), (0.18824,0.29297,0.93741), 4.4232, 1.1177, 2.0729, (gDx*16,gDy*2,gDz*0)),rgb(0,1,0.90625));
		draw(
			ellipsoid( (-0.93977,-0.12086,0.31973), (-0.25385,0.87318,-0.41607), (0.2289,0.47217,0.85127), 4.4815, 1.1136, 2.1742, (gDx*17,gDy*2,gDz*0)),rgb(0,1,0.90625));
		draw(
			ellipsoid( (0.96921,-0.016404,-0.24569), (0.15811,-0.72347,0.67201), (0.18877,0.69016,0.6986), 4.2785, 1.1536, 2.2372, (gDx*18,gDy*2,gDz*0)),rgb(0,1,0.8125));
		draw(
			ellipsoid( (0.97046,-0.17592,-0.16507), (-0.23831,-0.8054,-0.54272), (0.037471,-0.56603,0.82353), 4.1578, 2.4234, 1.1612, (gDx*19,gDy*2,gDz*0)),rgb(0,1,0.8125));
		draw(
			ellipsoid( (0.93476,-0.3399,-0.10344), (-0.34793,-0.81676,-0.46026), (-0.071954,-0.46623,0.88173), 4.3112, 2.5607, 1.0945, (gDx*20,gDy*2,gDz*0)),rgb(0,1,0.90625));
		draw(
			ellipsoid( (0.94082,-0.33846,0.017382), (-0.28723,-0.82356,-0.48913), (-0.17986,-0.45519,0.87204), 4.0311, 2.4796, 1.3305, (gDx*21,gDy*2,gDz*0)),rgb(0,1,0.625));
		draw(
			ellipsoid( (-0.91905,0.3465,-0.18784), (0.32957,0.41424,-0.8484), (0.21616,0.84163,0.49491), 3.9418, 1.5583, 2.4022, (gDx*22,gDy*2,gDz*0)),rgb(0,1,0.34375));
		draw(
			ellipsoid( (-0.83652,0.41756,-0.35479), (0.4734,0.22473,-0.8517), (0.2759,0.88042,0.38566), 3.8588, 1.7983, 2.4555, (gDx*23,gDy*2,gDz*0)),rgb(0,1,0.0625));
		draw(
			ellipsoid( (-0.66302,0.53482,-0.52381), (0.60857,-0.02241,-0.79318), (0.43595,0.84467,0.31062), 4.1116, 1.8436, 2.5459, (gDx*24,gDy*2,gDz*0)),rgb(0,1,0.15625));
		draw(
			ellipsoid( (-0.71789,0.47034,0.51323), (0.54911,-0.070588,0.83276), (-0.42791,-0.87966,0.2076), 3.539, 0.96777, 1.2894, (gDx*0,gDy*3,gDz*0)),rgb(0,1,0.90625));
		draw(
			ellipsoid( (-0.33942,0.54416,0.76726), (0.7648,0.63451,-0.11168), (0.54761,-0.5489,0.63154), 3.0519, 1.2647, 1.0048, (gDx*1,gDy*3,gDz*0)),rgb(0,1,0.71875));
		draw(
			ellipsoid( (-0.44528,0.73391,-0.51294), (0.89524,0.37546,-0.23995), (-0.016488,0.56605,0.82421), 0.98364, 1.4052, 3.2675, (gDx*2,gDy*3,gDz*0)),rgb(0,1,0.71875));
		draw(
			ellipsoid( (-0.34958,0.81034,-0.47026), (0.91641,0.19131,-0.35157), (0.19492,0.55385,0.80948), 0.98058, 1.4985, 3.6099, (gDx*3,gDy*3,gDz*0)),rgb(0,1,0.90625));
		draw(
			ellipsoid( (-0.15144,-0.61669,-0.77251), (-0.91767,-0.20274,0.34174), (0.36737,-0.76065,0.53521), 3.1991, 1.6615, 1.1171, (gDx*4,gDy*3,gDz*0)),rgb(0,1,0.53125));
		draw(
			ellipsoid( (-0.45603,0.59761,-0.65946), (0.88858,0.26451,-0.37477), (0.049538,0.7569,0.65165), 1.229, 1.71, 2.8459, (gDx*5,gDy*3,gDz*0)),rgb(0,1,0.25));
		draw(
			ellipsoid( (-0.55538,0.32968,-0.76346), (0.8271,0.31439,-0.46591), (-0.086419,0.89021,0.44728), 1.1755, 1.7141, 2.8085, (gDx*6,gDy*3,gDz*0)),rgb(0,1,0.25));
		draw(
			ellipsoid( (-0.31159,0.91641,0.25122), (0.7551,0.39929,-0.51998), (0.57683,-0.027678,0.8164), 2.6383, 1.6808, 1.191, (gDx*7,gDy*3,gDz*0)),rgb(0,1,0.15625));
		draw(
			ellipsoid( (-0.50747,0.85821,0.077103), (0.66072,0.445,-0.6045), (0.5531,0.25582,0.79286), 2.7371, 1.722, 1.1463, (gDx*8,gDy*3,gDz*0)),rgb(0,1,0.25));
		draw(
			ellipsoid( (-0.80681,0.5877,0.06051), (0.38479,0.60043,-0.70101), (0.44831,0.5423,0.71058), 2.6342, 1.7357, 1.1506, (gDx*9,gDy*3,gDz*0)),rgb(0,1,0.15625));
		draw(
			ellipsoid( (0.93646,-0.34741,-0.048506), (-0.32926,-0.82289,-0.46307), (-0.12096,-0.44962,0.88499), 2.8597, 1.0521, 1.6808, (gDx*10,gDy*3,gDz*0)),rgb(0,1,0.4375));
		draw(
			ellipsoid( (0.9848,-0.17185,-0.025211), (-0.17231,-0.94837,-0.26626), (-0.021848,-0.26656,0.96357), 3.1646, 1.1227, 1.6352, (gDx*11,gDy*3,gDz*0)),rgb(0,1,0.53125));
		draw(
			ellipsoid( (0.99829,-0.044244,0.03812), (-0.042758,-0.99833,-0.038958), (-0.03978,-0.037262,0.99851), 3.7407, 1.0713, 1.666, (gDx*12,gDy*3,gDz*0)),rgb(0,1,0.8125));
		draw(
			ellipsoid( (0.99439,0.10545,0.0077194), (0.1057,-0.99332,-0.046381), (-0.0027768,-0.046937,0.99889), 4.0909, 1.1506, 1.7385, (gDx*13,gDy*3,gDz*0)),rgb(0,1,0.8125));
		draw(
			ellipsoid( (0.96742,0.24449,-0.065766), (0.23848,-0.9672,-0.087531), (0.085008,-0.068996,0.99399), 4.3253, 1.1807, 1.8979, (gDx*14,gDy*3,gDz*0)),rgb(0,1,0.8125));
		draw(
			ellipsoid( (0.94441,0.26875,-0.18936), (0.27648,-0.9609,0.015178), (0.17788,0.06669,0.98179), 4.3974, 1.1295, 2.0479, (gDx*15,gDy*3,gDz*0)),rgb(0,1,0.90625));
		draw(
			ellipsoid( (-0.91688,-0.23433,0.32315), (-0.28478,-0.18328,-0.94091), (-0.27971,0.95472,-0.10131), 4.4457, 2.1454, 1.0703, (gDx*16,gDy*3,gDz*0)),rgb(0,1,1));
		draw(
			ellipsoid( (-0.92364,-0.10755,0.36787), (-0.30257,-0.38454,-0.87211), (-0.23525,0.91682,-0.32263), 4.4121, 2.1745, 1.1002, (gDx*17,gDy*3,gDz*0)),rgb(0,1,0.90625));
		draw(
			ellipsoid( (0.95006,-0.030825,-0.31054), (0.25581,0.64688,0.71841), (-0.17874,0.76197,-0.62246), 4.1793, 2.2512, 1.2132, (gDx*18,gDy*3,gDz*0)),rgb(0,1,0.71875));
		draw(
			ellipsoid( (0.92039,-0.26183,-0.29038), (-0.38096,-0.76775,-0.5152), (0.088047,-0.58481,0.80638), 4.2182, 2.5304, 1.1591, (gDx*19,gDy*3,gDz*0)),rgb(0,1,0.8125));
		draw(
			ellipsoid( (0.88695,-0.39557,-0.23842), (-0.46171,-0.746,-0.47991), (-0.011974,-0.53573,0.8443), 4.2591, 2.6263, 1.1412, (gDx*20,gDy*3,gDz*0)),rgb(0,1,0.90625));
		draw(
			ellipsoid( (0.89755,-0.41585,-0.14655), (-0.43293,-0.76822,-0.47161), (-0.08354,-0.48674,0.86955), 3.9731, 2.6103, 1.4253, (gDx*21,gDy*3,gDz*0)),rgb(0,1,0.53125));
		draw(
			ellipsoid( (0.886,-0.46369,0.00068667), (-0.41846,-0.80022,-0.42958), (-0.19974,-0.38032,0.90303), 3.8382, 2.5956, 1.7182, (gDx*22,gDy*3,gDz*0)),rgb(0,1,0.15625));
		draw(
			ellipsoid( (-0.80533,0.56277,-0.18638), (0.50016,0.81377,0.296), (-0.31825,-0.14516,0.93683), 3.8466, 2.6196, 1.9104, (gDx*23,gDy*3,gDz*0)),rgb(0.03125,1,0));
		draw(
			ellipsoid( (-0.63326,0.69082,-0.34893), (0.6616,0.71714,0.21908), (-0.40158,0.09212,0.91118), 4.1721, 2.6759, 1.9202, (gDx*24,gDy*3,gDz*0)),rgb(0,1,0.0625));
		draw(
			ellipsoid( (0.70866,-0.64506,-0.28584), (-0.65392,-0.75261,0.077211), (0.26493,-0.1322,0.95516), 3.851, 1.4097, 0.86343, (gDx*0,gDy*4,gDz*0)),rgb(0,0.90625,1));
		draw(
			ellipsoid( (0.50094,-0.71632,-0.48574), (-0.83576,-0.54619,-0.056448), (0.22487,-0.43423,0.87228), 3.0726, 1.3917, 0.91562, (gDx*1,gDy*4,gDz*0)),rgb(0,1,0.71875));
		draw(
			ellipsoid( (-0.27921,0.63128,-0.72355), (0.95803,0.23413,-0.16541), (-0.064984,0.73937,0.67016), 0.88683, 1.46, 2.9828, (gDx*2,gDy*4,gDz*0)),rgb(0,1,0.71875));
		draw(
			ellipsoid( (0.26515,0.64704,0.71486), (0.9334,0.01368,-0.35859), (0.2418,-0.76233,0.60032), 3.3452, 1.3757, 0.97737, (gDx*3,gDy*4,gDz*0)),rgb(0,1,0.8125));
		draw(
			ellipsoid( (-0.35821,-0.59507,-0.71943), (-0.87312,-0.059412,0.48387), (0.33068,-0.80148,0.49828), 3.3305, 1.5217, 1.0313, (gDx*4,gDy*4,gDz*0)),rgb(0,1,0.71875));
		draw(
			ellipsoid( (-0.43869,-0.59191,-0.67616), (-0.78635,-0.11135,0.60766), (0.43497,-0.79828,0.4166), 3.2918, 1.6991, 1.1, (gDx*5,gDy*4,gDz*0)),rgb(0,1,0.625));
		draw(
			ellipsoid( (-0.36734,-0.75177,-0.54764), (-0.74718,-0.11211,0.6551), (0.55388,-0.64983,0.52052), 3.0755, 1.701, 1.158, (gDx*6,gDy*4,gDz*0)),rgb(0,1,0.4375));
		draw(
			ellipsoid( (-0.18022,-0.91634,-0.35754), (-0.71909,-0.12528,0.68353), (0.67114,-0.38029,0.63636), 2.953, 1.6531, 1.1815, (gDx*7,gDy*4,gDz*0)),rgb(0,1,0.34375));
		draw(
			ellipsoid( (-0.7772,0.1132,-0.61898), (0.62917,0.12353,-0.76739), (0.01041,0.98586,0.16723), 1.1087, 1.6898, 2.8602, (gDx*8,gDy*4,gDz*0)),rgb(0,1,0.34375));
		draw(
			ellipsoid( (-0.73528,-0.071037,-0.67403), (-0.66915,-0.08199,0.73859), (0.10773,-0.9941,-0.012752), 1.172, 1.8645, 2.5737, (gDx*9,gDy*4,gDz*0)),rgb(0,1,0.15625));
		draw(
			ellipsoid( (-0.79374,0.57757,0.19074), (0.56627,0.58721,0.57838), (-0.22205,-0.5671,0.79315), 2.5426, 1.3578, 1.8364, (gDx*10,gDy*4,gDz*0)),rgb(0.21875,1,0));
		draw(
			ellipsoid( (0.91199,-0.40547,-0.062207), (-0.40887,-0.88621,-0.21785), (-0.033202,-0.22411,0.974), 3.4744, 1.1055, 1.8704, (gDx*11,gDy*4,gDz*0)),rgb(0,1,0.625));
		draw(
			ellipsoid( (0.95256,-0.30428,0.0069796), (-0.30319,-0.94665,0.10919), (0.026616,0.10612,0.994), 4.3274, 1.0538, 1.8488, (gDx*12,gDy*4,gDz*0)),rgb(0,1,1));
		draw(
			ellipsoid( (0.98121,-0.19288,0.0052964), (-0.1894,-0.95753,0.2174), (0.036861,0.21432,0.97607), 4.3226, 1.159, 1.9653, (gDx*13,gDy*4,gDz*0)),rgb(0,1,0.8125));
		draw(
			ellipsoid( (0.99567,-0.07345,-0.056962), (-0.06001,-0.97596,0.20952), (0.070983,0.2052,0.97614), 4.0693, 1.2081, 2.0388, (gDx*14,gDy*4,gDz*0)),rgb(0,1,0.71875));
		draw(
			ellipsoid( (0.97723,0.025649,-0.21063), (0.2048,0.14567,0.96791), (-0.055507,0.989,-0.1371), 3.9317, 2.121, 1.093, (gDx*15,gDy*4,gDz*0)),rgb(0,1,0.8125));
		draw(
			ellipsoid( (0.92387,0.095687,-0.37054), (0.35239,0.16492,0.92121), (-0.14926,0.98165,-0.11865), 4.0856, 2.1418, 0.95131, (gDx*16,gDy*4,gDz*0)),rgb(0,1,1));
		draw(
			ellipsoid( (0.92484,0.048312,-0.37727), (0.34304,0.32249,0.88223), (-0.16429,0.94534,-0.28168), 4.1412, 2.0812, 1.089, (gDx*17,gDy*4,gDz*0)),rgb(0,1,0.90625));
		draw(
			ellipsoid( (0.93495,-0.068823,-0.34804), (-0.32439,-0.56307,-0.76008), (0.14366,-0.82354,0.54877), 4.1035, 2.2037, 1.2543, (gDx*18,gDy*4,gDz*0)),rgb(0,1,0.71875));
		draw(
			ellipsoid( (0.89562,-0.26784,-0.35514), (-0.43413,-0.70024,-0.56673), (0.096892,-0.66176,0.74343), 4.2777, 2.5181, 1.2681, (gDx*19,gDy*4,gDz*0)),rgb(0,1,0.71875));
		draw(
			ellipsoid( (0.84157,-0.41725,-0.34303), (-0.5398,-0.67249,-0.50633), (0.019419,-0.61127,0.79118), 4.1532, 2.6678, 1.3759, (gDx*20,gDy*4,gDz*0)),rgb(0,1,0.625));
		draw(
			ellipsoid( (0.81236,-0.50821,-0.28599), (-0.58204,-0.67628,-0.45152), (-0.036057,-0.53326,0.84519), 3.9453, 2.7124, 1.5534, (gDx*21,gDy*4,gDz*0)),rgb(0,1,0.34375));
		draw(
			ellipsoid( (0.79053,-0.59067,-0.16179), (-0.60715,-0.72128,-0.33335), (-0.080203,-0.36175,0.92882), 3.8287, 2.7411, 1.781, (gDx*22,gDy*4,gDz*0)),rgb(0,1,0.0625));
		draw(
			ellipsoid( (0.71941,-0.69397,0.029263), (-0.68375,-0.71496,-0.14601), (-0.12225,-0.085032,0.98885), 3.9665, 2.7812, 1.9097, (gDx*23,gDy*4,gDz*0)),rgb(0.03125,1,0));
		draw(
			ellipsoid( (0.58255,-0.78779,0.20003), (-0.79748,-0.60154,-0.046561), (-0.15701,0.1324,0.97868), 4.4643, 2.8496, 1.8661, (gDx*24,gDy*4,gDz*0)),rgb(0,1,0.25));
		draw(
			ellipsoid( (0.52926,-0.83377,-0.15718), (-0.84717,-0.5295,-0.043856), (0.046661,-0.15637,0.9866), 4.1294, 1.4871, 0.79986, (gDx*0,gDy*5,gDz*0)),rgb(0,0.8125,1));
		draw(
			ellipsoid( (0.30497,-0.89042,-0.33786), (-0.94447,-0.32834,0.012793), (0.12232,-0.3152,0.94111), 3.2393, 1.5345, 0.85184, (gDx*1,gDy*5,gDz*0)),rgb(0,1,0.90625));
		draw(
			ellipsoid( (-0.27031,0.48608,-0.83106), (0.9625,0.11597,-0.24523), (0.022822,0.86618,0.49921), 0.79361, 1.4724, 3.2625, (gDx*2,gDy*5,gDz*0)),rgb(0,1,1));
		draw(
			ellipsoid( (0.3056,0.76022,0.5733), (0.92706,-0.10022,-0.36128), (0.2172,-0.64189,0.73539), 3.2938, 1.4576, 0.89584, (gDx*3,gDy*5,gDz*0)),rgb(0,1,0.8125));
		draw(
			ellipsoid( (0.46443,0.61019,0.64185), (0.84539,-0.089528,-0.52659), (0.26386,-0.78718,0.55743), 3.2561, 1.5562, 1.0151, (gDx*4,gDy*5,gDz*0)),rgb(0,1,0.71875));
		draw(
			ellipsoid( (-0.5752,-0.44263,-0.68792), (-0.76862,0.0046394,0.63969), (0.27995,-0.89669,0.34288), 3.3884, 1.7207, 1.02, (gDx*5,gDy*5,gDz*0)),rgb(0,1,0.71875));
		draw(
			ellipsoid( (0.57726,0.49,0.6532), (0.7764,-0.081555,-0.62495), (0.25295,-0.8679,0.42751), 2.9457, 1.7653, 1.1242, (gDx*6,gDy*5,gDz*0)),rgb(0,1,0.4375));
		draw(
			ellipsoid( (-0.56048,-0.60925,-0.56097), (-0.76637,0.12481,0.63016), (0.31391,-0.7831,0.53686), 2.5947, 1.7663, 1.2227, (gDx*7,gDy*5,gDz*0)),rgb(0,1,0.0625));
		draw(
			ellipsoid( (-0.48488,-0.7727,-0.40966), (-0.69229,0.052863,0.71968), (0.53445,-0.63256,0.56056), 2.4894, 1.7406, 1.2292, (gDx*8,gDy*5,gDz*0)),rgb(0.03125,1,0));
		draw(
			ellipsoid( (-0.41799,-0.88809,-0.19125), (-0.74486,0.45556,-0.48749), (-0.52006,0.061311,0.85193), 2.7094, 1.1463, 1.7845, (gDx*9,gDy*5,gDz*0)),rgb(0,1,0.25));
		draw(
			ellipsoid( (-0.60101,0.20279,-0.77309), (0.7992,0.16309,-0.57852), (-0.0087686,0.96555,0.26008), 1.5586, 2.0398, 2.2171, (gDx*10,gDy*5,gDz*0)),rgb(0.78125,1,0));
		draw(
			ellipsoid( (0.80586,-0.56502,-0.17703), (-0.57014,-0.65979,-0.48951), (-0.15978,-0.49541,0.85384), 2.87, 1.5785, 1.8436, (gDx*11,gDy*5,gDz*0)),rgb(0.21875,1,0));
		draw(
			ellipsoid( (-0.85369,0.51685,0.063892), (0.50133,0.84881,-0.16791), (0.14102,0.11132,0.98373), 3.9409, 1.3503, 1.9934, (gDx*12,gDy*5,gDz*0)),rgb(0,1,0.53125));
		draw(
			ellipsoid( (-0.87632,0.47966,0.044606), (0.44468,0.84105,-0.30806), (0.18528,0.25012,0.95032), 4.4419, 1.1685, 2.3241, (gDx*13,gDy*5,gDz*0)),rgb(0,1,0.90625));
		draw(
			ellipsoid( (-0.91395,0.38908,0.11543), (0.33666,0.88568,-0.31974), (0.22664,0.25337,0.94045), 4.1112, 1.1469, 2.4124, (gDx*14,gDy*5,gDz*0)),rgb(0,1,0.8125));
		draw(
			ellipsoid( (0.94206,-0.22296,-0.25064), (-0.29268,-0.18116,-0.93889), (-0.16393,-0.95785,0.23592), 3.779, 2.3087, 1.0216, (gDx*15,gDy*5,gDz*0)),rgb(0,1,0.8125));
		draw(
			ellipsoid( (0.92375,-0.089925,-0.37228), (-0.38246,-0.16542,-0.90904), (-0.020164,-0.98212,0.1872), 3.9365, 2.1907, 0.80991, (gDx*16,gDy*5,gDz*0)),rgb(0,0.90625,1));
		draw(
			ellipsoid( (0.9307,-0.055547,-0.36154), (-0.36198,-0.28203,-0.8885), (0.052612,-0.9578,0.28259), 3.9383, 2.0391, 1.0787, (gDx*17,gDy*5,gDz*0)),rgb(0,1,0.8125));
		draw(
			ellipsoid( (0.91472,-0.13091,-0.3823), (-0.39898,-0.44253,-0.80311), (0.064048,-0.88715,0.45702), 3.9914, 2.1892, 1.2973, (gDx*18,gDy*5,gDz*0)),rgb(0,1,0.625));
		draw(
			ellipsoid( (0.86463,-0.26693,-0.42563), (-0.49781,-0.5696,-0.65402), (0.06786,-0.77737,0.62537), 4.1153, 2.4424, 1.4611, (gDx*19,gDy*5,gDz*0)),rgb(0,1,0.53125));
		draw(
			ellipsoid( (0.77201,-0.42297,-0.47445), (-0.63372,-0.56974,-0.52325), (0.048996,-0.70462,0.70789), 4.1666, 2.6851, 1.6135, (gDx*20,gDy*5,gDz*0)),rgb(0,1,0.34375));
		draw(
			ellipsoid( (0.7322,-0.55608,-0.39327), (-0.68096,-0.58639,-0.43868), (-0.013332,-0.589,0.80803), 3.8858, 2.7394, 1.6905, (gDx*21,gDy*5,gDz*0)),rgb(0,1,0.15625));
		draw(
			ellipsoid( (0.67989,-0.68344,-0.26582), (-0.72764,-0.58376,-0.36024), (-0.091023,-0.43834,0.89419), 3.7236, 2.7931, 1.7821, (gDx*22,gDy*5,gDz*0)),rgb(0,1,0.0625));
		draw(
			ellipsoid( (0.60222,-0.7933,-0.089476), (-0.78339,-0.56565,-0.25757), (-0.15372,-0.22521,0.96211), 3.8011, 2.9033, 1.8466, (gDx*23,gDy*5,gDz*0)),rgb(0.03125,1,0));
		draw(
			ellipsoid( (0.47059,-0.88036,0.05921), (-0.85503,-0.47156,-0.21578), (-0.21789,-0.050918,0.97464), 4.1689, 3.0152, 1.7826, (gDx*24,gDy*5,gDz*0)),rgb(0,1,0.25));
		draw(
			ellipsoid( (0.14145,-0.98619,-0.086127), (-0.98772,-0.13477,-0.079055), (-0.066356,-0.096252,0.99314), 3.3636, 1.5735, 0.87886, (gDx*0,gDy*6,gDz*0)),rgb(0,1,0.90625));
		draw(
			ellipsoid( (0.040233,0.97312,0.22674), (0.99876,-0.032526,-0.03763), (0.029243,-0.22797,0.97323), 3.2047, 1.5294, 0.88436, (gDx*1,gDy*6,gDz*0)),rgb(0,1,0.8125));
		draw(
			ellipsoid( (0.18945,0.91372,0.35948), (0.97011,-0.11764,-0.21224), (0.15164,-0.38895,0.9087), 3.2585, 1.5147, 0.87667, (gDx*2,gDy*6,gDz*0)),rgb(0,1,0.8125));
		draw(
			ellipsoid( (0.38631,0.8016,0.4563), (0.90662,-0.23897,-0.34775), (0.16972,-0.54803,0.81906), 3.3748, 1.5734, 0.87079, (gDx*3,gDy*6,gDz*0)),rgb(0,1,0.90625));
		draw(
			ellipsoid( (0.53124,0.6403,0.5548), (0.82334,-0.23579,-0.51624), (0.19973,-0.73104,0.65245), 3.2409, 1.6211, 1.0106, (gDx*4,gDy*6,gDz*0)),rgb(0,1,0.71875));
		draw(
			ellipsoid( (0.62342,0.42333,0.65737), (0.76349,-0.1483,-0.62856), (0.1686,-0.89375,0.41566), 3.1214, 1.7203, 1.0324, (gDx*5,gDy*6,gDz*0)),rgb(0,1,0.625));
		draw(
			ellipsoid( (0.68816,0.26172,0.67671), (0.72221,-0.15764,-0.67347), (0.069587,-0.95218,0.2975), 3.0918, 1.87, 0.94532, (gDx*6,gDy*6,gDz*0)),rgb(0,1,0.71875));
		draw(
			ellipsoid( (0.79134,0.25076,0.55759), (0.60785,-0.22482,-0.76156), (0.065605,-0.94158,0.33033), 2.9546, 1.9733, 0.98078, (gDx*7,gDy*6,gDz*0)),rgb(0,1,0.625));
		draw(
			ellipsoid( (-0.84101,-0.38946,-0.37552), (-0.4936,0.26822,0.82729), (0.22147,-0.88112,0.41782), 2.8134, 1.879, 1.0207, (gDx*8,gDy*6,gDz*0)),rgb(0,1,0.4375));
		draw(
			ellipsoid( (-0.78821,-0.57644,-0.2155), (-0.42426,0.25532,0.8688), (0.44579,-0.77623,0.44581), 2.9403, 1.8315, 1.0453, (gDx*9,gDy*6,gDz*0)),rgb(0,1,0.53125));
		draw(
			ellipsoid( (-0.74894,-0.65247,-0.11568), (-0.55233,0.71112,-0.43502), (-0.3661,0.26191,0.89296), 2.7865, 1.2194, 1.9066, (gDx*10,gDy*6,gDz*0)),rgb(0,1,0.15625));
		draw(
			ellipsoid( (-0.63681,-0.76916,-0.053541), (-0.67099,0.58706,-0.45291), (-0.37979,0.25249,0.88995), 2.528, 1.5215, 1.9864, (gDx*11,gDy*6,gDz*0)),rgb(0.40625,1,0));
		draw(
			ellipsoid( (-0.16895,0.91481,0.36686), (0.86787,0.31451,-0.38457), (0.46719,-0.25341,0.84707), 2.5419, 1.88, 2.0316, (gDx*12,gDy*6,gDz*0)),rgb(0.96875,1,0));
		draw(
			ellipsoid( (0.8124,0.49697,-0.305), (0.32224,0.053293,0.94516), (-0.48597,0.86613,0.11685), 1.5053, 2.3473, 3.4662, (gDx*13,gDy*6,gDz*0)),rgb(0,1,0.15625));
		draw(
			ellipsoid( (0.59761,0.66416,-0.44917), (0.68382,-0.7147,-0.14696), (0.41862,0.21933,0.88128), 1.3398, 3.6051, 2.614, (gDx*14,gDy*6,gDz*0)),rgb(0,1,0.4375));
		draw(
			ellipsoid( (0.4063,0.79476,-0.45086), (0.81664,-0.53719,-0.21102), (0.40991,0.28245,0.86729), 1.315, 3.3434, 2.5465, (gDx*15,gDy*6,gDz*0)),rgb(0,1,0.34375));
		draw(
			ellipsoid( (0.21351,0.87763,-0.42916), (0.89375,-0.35286,-0.27695), (0.39449,0.32444,0.85972), 1.2318, 3.3804, 2.4305, (gDx*16,gDy*6,gDz*0)),rgb(0,1,0.53125));
		draw(
			ellipsoid( (0.88347,-0.29102,-0.36714), (-0.45111,-0.31698,-0.83428), (-0.12642,-0.90268,0.41133), 3.4479, 2.2213, 1.3945, (gDx*17,gDy*6,gDz*0)),rgb(0,1,0.34375));
		draw(
			ellipsoid( (0.87131,-0.24161,-0.42713), (-0.48645,-0.31058,-0.81664), (-0.064646,-0.91933,0.38815), 3.7239, 2.2606, 1.4876, (gDx*18,gDy*6,gDz*0)),rgb(0,1,0.34375));
		draw(
			ellipsoid( (0.81227,-0.27689,-0.51338), (-0.58191,-0.32416,-0.74586), (-0.040101,-0.90457,0.42442), 3.9452, 2.4177, 1.5576, (gDx*19,gDy*6,gDz*0)),rgb(0,1,0.34375));
		draw(
			ellipsoid( (0.74218,-0.40493,-0.53404), (-0.66852,-0.39098,-0.63262), (-0.047366,-0.82654,0.56088), 3.9558, 2.5993, 1.7153, (gDx*20,gDy*6,gDz*0)),rgb(0,1,0.15625));
		draw(
			ellipsoid( (0.64484,-0.57932,-0.49857), (-0.76135,-0.42939,-0.48577), (-0.067337,-0.69283,0.71795), 3.7853, 2.7029, 1.7897, (gDx*21,gDy*6,gDz*0)),rgb(0,1,0.0625));
		draw(
			ellipsoid( (0.51059,-0.76577,-0.39102), (-0.85224,-0.39047,-0.34816), (-0.11393,-0.51101,0.85199), 3.6889, 2.7929, 1.7817, (gDx*22,gDy*6,gDz*0)),rgb(0,1,0.0625));
		draw(
			ellipsoid( (0.36434,-0.89869,-0.24416), (-0.91733,-0.30114,-0.26042), (-0.16051,-0.31886,0.93411), 3.7874, 2.9532, 1.7617, (gDx*23,gDy*6,gDz*0)),rgb(0,1,0.0625));
		draw(
			ellipsoid( (-0.21484,-0.17261,0.96127), (-0.9549,-0.16941,-0.24384), (-0.20494,0.97031,0.12843), 1.6398, 3.0907, 4.1747, (gDx*24,gDy*6,gDz*0)),rgb(0,1,0.34375));
		draw(
			ellipsoid( (0.41303,0.90665,-0.085966), (0.90944,-0.4156,-0.013729), (0.048175,0.072511,0.9962), 3.066, 1.502, 0.82816, (gDx*0,gDy*7,gDz*0)),rgb(0,1,0.8125));
		draw(
			ellipsoid( (0.45043,0.89095,0.057534), (0.88933,-0.44207,-0.11689), (0.07871,-0.10382,0.99148), 2.9977, 1.5614, 0.93033, (gDx*1,gDy*7,gDz*0)),rgb(0,1,0.71875));
		draw(
			ellipsoid( (0.45436,0.86338,0.21941), (0.88374,-0.40586,-0.23301), (0.11212,-0.29976,0.9474), 3.1518, 1.6441, 0.96105, (gDx*2,gDy*7,gDz*0)),rgb(0,1,0.71875));
		draw(
			ellipsoid( (0.50391,0.78598,0.35821), (0.85036,-0.37866,-0.36539), (0.15155,-0.48873,0.85917), 3.346, 1.667, 0.9829, (gDx*3,gDy*7,gDz*0)),rgb(0,1,0.71875));
		draw(
			ellipsoid( (0.5821,0.66395,0.46939), (0.79696,-0.35136,-0.49132), (0.16128,-0.66009,0.73367), 3.2567, 1.7242, 1.0174, (gDx*4,gDy*7,gDz*0)),rgb(0,1,0.625));
		draw(
			ellipsoid( (0.70414,0.45253,0.54718), (0.70257,-0.33236,-0.62923), (0.10289,-0.8275,0.55196), 2.9172, 1.8193, 1.0524, (gDx*5,gDy*7,gDz*0)),rgb(0,1,0.4375));
		draw(
			ellipsoid( (0.76225,0.23424,0.6034), (0.6469,-0.24393,-0.72251), (0.022056,-0.94108,0.33747), 2.9561, 1.9469, 0.93336, (gDx*6,gDy*7,gDz*0)),rgb(0,1,0.625));
		draw(
			ellipsoid( (0.76946,0.1169,0.6279), (0.63678,-0.21644,-0.74004), (-0.049391,-0.96927,0.24099), 2.9899, 2.065, 0.87061, (gDx*7,gDy*7,gDz*0)),rgb(0,1,0.8125));
		draw(
			ellipsoid( (0.92083,0.13887,0.36441), (0.38873,-0.2523,-0.88613), (0.031115,-0.95763,0.28631), 2.7873, 1.9303, 0.95859, (gDx*8,gDy*7,gDz*0)),rgb(0,1,0.53125));
		draw(
			ellipsoid( (0.94592,0.27389,0.17382), (0.26484,-0.34263,-0.90137), (0.18732,-0.89866,0.39664), 2.8523, 1.7434, 1.0299, (gDx*9,gDy*7,gDz*0)),rgb(0,1,0.4375));
		draw(
			ellipsoid( (-0.87921,-0.46718,-0.093387), (-0.40489,0.83601,-0.37034), (-0.25109,0.2878,0.92419), 2.8234, 1.059, 1.6689, (gDx*10,gDy*7,gDz*0)),rgb(0,1,0.4375));
		draw(
			ellipsoid( (-0.7767,-0.62857,-0.04051), (-0.61358,0.76957,-0.17684), (-0.14233,0.11249,0.98341), 2.8746, 0.95544, 1.7945, (gDx*11,gDy*7,gDz*0)),rgb(0,1,0.625));
		draw(
			ellipsoid( (0.73725,-0.66905,0.093947), (-0.66053,-0.74301,-0.10785), (-0.14196,-0.01746,0.98972), 1.0332, 2.9928, 2.1294, (gDx*12,gDy*7,gDz*0)),rgb(0,1,0.53125));
		draw(
			ellipsoid( (-0.88378,0.46781,-0.0091655), (0.4449,0.84625,0.29314), (-0.14489,-0.25499,0.95603), 1.3378, 3.0092, 2.332, (gDx*13,gDy*7,gDz*0)),rgb(0,1,0.15625));
		draw(
			ellipsoid( (-0.95024,-0.025777,0.31046), (0.30257,-0.31359,0.90006), (-0.074155,-0.94921,-0.30579), 1.42, 2.448, 3.2225, (gDx*14,gDy*7,gDz*0)),rgb(0,1,0.15625));
		draw(
			ellipsoid( (-0.6945,-0.3897,0.60482), (-0.69134,0.12861,-0.71099), (-0.19929,0.91192,0.35873), 1.5374, 2.6103, 3.1656, (gDx*15,gDy*7,gDz*0)),rgb(0,1,0.0625));
		draw(
			ellipsoid( (0.52371,0.59011,-0.61441), (0.65068,0.18844,0.7356), (-0.54986,0.78503,0.28528), 1.5511, 2.6561, 3.4978, (gDx*16,gDy*7,gDz*0)),rgb(0,1,0.15625));
		draw(
			ellipsoid( (-0.64822,0.66607,0.36901), (0.61272,0.16852,0.77212), (-0.4521,-0.7266,0.51735), 3.4515, 2.3964, 1.7164, (gDx*17,gDy*7,gDz*0)),rgb(0.03125,1,0));
		draw(
			ellipsoid( (-0.7688,0.42303,0.47957), (0.56598,0.10103,0.81821), (-0.29768,-0.90046,0.3171), 3.4843, 2.4031, 1.6792, (gDx*18,gDy*7,gDz*0)),rgb(0.03125,1,0));
		draw(
			ellipsoid( (0.74139,-0.29418,-0.60316), (-0.64187,-0.048605,-0.76527), (-0.19581,-0.95451,0.22486), 3.7266, 2.5669, 1.5728, (gDx*19,gDy*7,gDz*0)),rgb(0,1,0.25));
		draw(
			ellipsoid( (0.64344,-0.41657,-0.64223), (-0.73943,-0.12117,-0.66224), (-0.19805,-0.90099,0.38599), 3.663, 2.6886, 1.7121, (gDx*20,gDy*7,gDz*0)),rgb(0,1,0.0625));
		draw(
			ellipsoid( (-0.50509,0.58821,0.63158), (0.8272,0.12116,0.54869), (-0.24622,-0.79958,0.54777), 3.672, 2.7801, 1.8219, (gDx*21,gDy*7,gDz*0)),rgb(0.03125,1,0));
		draw(
			ellipsoid( (-0.42591,0.73578,0.52653), (0.85964,0.1476,0.48912), (-0.28217,-0.66094,0.69537), 3.5968, 2.8228, 1.9128, (gDx*22,gDy*7,gDz*0)),rgb(0.125,1,0));
		draw(
			ellipsoid( (0.28553,0.46222,-0.83954), (0.90367,0.16188,0.39646), (-0.31915,0.87187,0.37147), 1.9344, 2.9338, 3.6542, (gDx*23,gDy*7,gDz*0)),rgb(0.125,1,0));
		draw(
			ellipsoid( (-0.29484,-0.28914,0.91075), (-0.94088,-0.078525,-0.32952), (-0.1668,0.95406,0.24889), 1.8313, 3.0513, 3.9641, (gDx*24,gDy*7,gDz*0)),rgb(0,1,0.0625));
		draw(
			ellipsoid( (0.60212,0.74715,-0.28146), (0.79614,-0.53533,0.28211), (-0.060105,0.39394,0.91717), 3.5295, 1.1807, 0.83967, (gDx*0,gDy*8,gDz*0)),rgb(0,1,1));
		draw(
			ellipsoid( (0.66043,0.74152,-0.11827), (0.75001,-0.65905,0.056006), (0.036418,0.12569,0.9914), 3.3255, 1.4115, 0.96463, (gDx*1,gDy*8,gDz*0)),rgb(0,1,0.8125));
		draw(
			ellipsoid( (0.68023,0.73017,0.064384), (0.73162,-0.67094,-0.12067), (0.04491,-0.12919,0.9906), 3.4375, 1.7374, 0.97778, (gDx*2,gDy*8,gDz*0)),rgb(0,1,0.8125));
		draw(
			ellipsoid( (0.66414,0.71722,0.211), (0.74035,-0.59172,-0.31897), (0.10392,-0.36805,0.92398), 3.3311, 1.7925, 1.057, (gDx*3,gDy*8,gDz*0)),rgb(0,1,0.625));
		draw(
			ellipsoid( (0.67203,0.65623,0.34312), (0.72804,-0.50079,-0.46816), (0.13539,-0.56442,0.81431), 3.2247, 1.9152, 1.0715, (gDx*4,gDy*8,gDz*0)),rgb(0,1,0.625));
		draw(
			ellipsoid( (0.77293,0.47387,0.42192), (0.62983,-0.49259,-0.60056), (0.076757,-0.72993,0.6792), 2.9038, 1.9424, 1.1067, (gDx*5,gDy*8,gDz*0)),rgb(0,1,0.4375));
		draw(
			ellipsoid( (0.81717,0.25861,0.51512), (0.57631,-0.38167,-0.72263), (-0.0097226,-0.88738,0.46093), 2.8317, 1.9936, 1.0325, (gDx*6,gDy*8,gDz*0)),rgb(0,1,0.4375));
		draw(
			ellipsoid( (0.78163,0.10614,0.61464), (-0.61386,0.30554,0.72789), (0.11054,0.94624,-0.30398), 2.8215, 2.0481, 0.95499, (gDx*7,gDy*8,gDz*0)),rgb(0,1,0.625));
		draw(
			ellipsoid( (0.86525,-0.0016682,0.50134), (-0.48185,0.27334,0.83253), (0.13843,0.96192,-0.23571), 2.5977, 2.0198, 1.0332, (gDx*8,gDy*8,gDz*0)),rgb(0,1,0.34375));
		draw(
			ellipsoid( (0.98015,-0.035097,0.1951), (-0.073996,-0.97784,0.19583), (-0.18391,0.20639,0.96103), 2.4072, 1.182, 1.9438, (gDx*9,gDy*8,gDz*0)),rgb(0.03125,1,0));
		draw(
			ellipsoid( (0.99225,0.12151,0.025861), (0.11572,-0.97973,0.16349), (-0.045203,0.15924,0.98621), 2.4355, 1.2171, 1.8774, (gDx*10,gDy*8,gDz*0)),rgb(0.03125,1,0));
		draw(
			ellipsoid( (0.95355,0.30029,-0.023692), (0.3012,-0.94938,0.0892), (-0.0042938,0.092192,0.99573), 2.5342, 1.1594, 1.9421, (gDx*11,gDy*8,gDz*0)),rgb(0,1,0.15625));
		draw(
			ellipsoid( (-0.43949,0.89805,-0.018976), (0.89823,0.43927,-0.01477), (0.0049281,0.023536,0.99971), 1.1017, 2.8537, 2.0999, (gDx*12,gDy*8,gDz*0)),rgb(0,1,0.4375));
		draw(
			ellipsoid( (-0.52081,0.85332,0.024505), (0.85268,0.52137,-0.033329), (0.041217,-0.0035371,0.99914), 1.0101, 3.3177, 2.2796, (gDx*13,gDy*8,gDz*0)),rgb(0,1,0.71875));
		draw(
			ellipsoid( (-0.61105,0.78355,0.11258), (0.78619,0.58414,0.2017), (-0.092281,-0.21176,0.97296), 1.3719, 3.2535, 2.3438, (gDx*14,gDy*8,gDz*0)),rgb(0,1,0.25));
		draw(
			ellipsoid( (0.63992,0.66021,0.39323), (0.76383,-0.49046,-0.41955), (0.084129,-0.56883,0.81814), 3.3068, 1.7788, 2.4236, (gDx*15,gDy*8,gDz*0)),rgb(0.21875,1,0));
		draw(
			ellipsoid( (-0.70591,-0.092321,0.70226), (0.68089,-0.36161,0.63689), (-0.19514,-0.92775,-0.31812), 1.8929, 2.548, 3.3139, (gDx*16,gDy*8,gDz*0)),rgb(0.3125,1,0));
		draw(
			ellipsoid( (-0.703,-0.29258,0.64822), (-0.70002,0.12372,-0.70333), (-0.12558,0.9482,0.29179), 1.8749, 2.3711, 3.4381, (gDx*17,gDy*8,gDz*0)),rgb(0.21875,1,0));
		draw(
			ellipsoid( (-0.67132,-0.53727,0.51056), (-0.71177,0.27525,-0.64624), (-0.20668,0.79723,0.56719), 2.0046, 2.532, 3.0905, (gDx*18,gDy*8,gDz*0)),rgb(0.59375,1,0));
		draw(
			ellipsoid( (-0.4707,-0.8137,0.34109), (-0.85675,0.32917,-0.39702), (-0.21078,0.4791,0.85207), 1.9113, 2.6535, 3.1759, (gDx*19,gDy*8,gDz*0)),rgb(0.40625,1,0));
		draw(
			ellipsoid( (0.39441,0.84857,-0.35265), (0.87816,-0.23501,0.41666), (-0.27069,0.47402,0.83787), 1.7707, 2.7692, 3.4878, (gDx*20,gDy*8,gDz*0)),rgb(0.03125,1,0));
		draw(
			ellipsoid( (-0.37737,-0.82992,0.41088), (-0.89375,0.2102,-0.39627), (-0.24251,0.51676,0.82107), 1.7613, 2.8821, 3.7219, (gDx*21,gDy*8,gDz*0)),rgb(0,1,0.0625));
		draw(
			ellipsoid( (-0.42001,-0.74917,0.51218), (-0.8847,0.21225,-0.41503), (-0.20222,0.62745,0.75194), 1.916, 2.9244, 3.6665, (gDx*22,gDy*8,gDz*0)),rgb(0.125,1,0));
		draw(
			ellipsoid( (-0.42159,-0.59916,0.68064), (-0.89212,0.1396,-0.42968), (-0.16243,0.78836,0.59338), 2.0056, 2.9744, 3.6554, (gDx*23,gDy*8,gDz*0)),rgb(0.21875,1,0));
		draw(
			ellipsoid( (-0.39509,-0.42965,0.81197), (-0.91528,0.10857,-0.38791), (-0.078513,0.89644,0.43615), 1.9631, 3.0308, 3.8897, (gDx*24,gDy*8,gDz*0)),rgb(0.03125,1,0));
		draw(
			ellipsoid( (0.6075,0.62684,-0.48787), (0.72298,-0.69076,0.012749), (0.32901,0.36046,0.87282), 3.4209, 1.1495, 0.89247, (gDx*0,gDy*9,gDz*0)),rgb(0,1,1));
		draw(
			ellipsoid( (0.72679,0.63775,-0.25505), (0.67292,-0.73556,0.078292), (0.13768,0.22853,0.96375), 3.2746, 1.4596, 0.9969, (gDx*1,gDy*9,gDz*0)),rgb(0,1,0.71875));
		draw(
			ellipsoid( (0.8127,0.58204,-0.027419), (0.58246,-0.81279,0.010539), (0.016151,0.024535,0.99957), 3.8884, 1.8197, 0.91414, (gDx*2,gDy*9,gDz*0)),rgb(0,1,1));
		draw(
			ellipsoid( (0.81859,0.57144,0.057999), (0.56897,-0.79294,-0.21799), (0.078577,-0.21144,0.97423), 3.5302, 1.8906, 1.0544, (gDx*3,gDy*9,gDz*0)),rgb(0,1,0.71875));
		draw(
			ellipsoid( (0.76685,0.60862,0.20376), (0.63063,-0.65545,-0.41556), (0.11936,-0.44717,0.88645), 3.3233, 2.1089, 1.0924, (gDx*4,gDy*9,gDz*0)),rgb(0,1,0.625));
		draw(
