	import three;
	import settings;

	surface ellipsoid(triple v1,triple v2,triple v3,real l1,real l2, real l3, triple pos=O) {
		transform3 T = identity(4);
		T[0][0] = l1*v1.x;
		T[1][0] = l1*v1.y;
		T[2][0] = l1*v1.z;
		T[0][1] = l2*v2.x;
		T[1][1] = l2*v2.y;
		T[2][1] = l2*v2.z;
		T[0][2] = l3*v3.x;
		T[1][2] = l3*v3.y;
		T[2][2] = l3*v3.z;
		T[0][3] = pos.x;
		T[1][3] = pos.y;
		T[2][3] = pos.z;
		return T*unitsphere;
	}

	size(200);

	real gDx=4;
	real gDy=4;
	real gDz=4;

	currentprojection=perspective( camera=(gDx*12,gDy*12,25),up=Y, target=(gDx*12,gDy*12,gDz*0));
		draw(
			ellipsoid( (-0.16911,0.9757,-0.13934), (0.98246,0.17815,0.055068), (-0.078553,0.12758,0.98871), 0.9598, 1.2352, 3.6991, (gDx*0,gDy*0,gDz*0)),rgb(0,1,1));
		draw(
			ellipsoid( (0.077989,0.98593,-0.14787), (-0.94943,0.028203,-0.31271), (-0.30414,0.16478,0.93827), 1.0342, 1.4879, 3.0259, (gDx*1,gDy*0,gDz*0)),rgb(0,1,0.53125));
		draw(
			ellipsoid( (0.16887,0.97426,-0.14931), (-0.73032,0.021953,-0.68275), (-0.6619,0.22434,0.71523), 1.0893, 1.5035, 3.0171, (gDx*2,gDy*0,gDz*0)),rgb(0,1,0.53125));
		draw(
			ellipsoid( (0.32698,0.93984,0.098956), (-0.42949,0.24106,-0.8703), (-0.8418,0.24207,0.48247), 1.1419, 1.3308, 3.2491, (gDx*3,gDy*0,gDz*0)),rgb(0,1,0.625));
		draw(
			ellipsoid( (-0.34947,-0.7823,-0.51563), (0.15015,-0.58997,0.79334), (-0.92484,0.19983,0.32364), 1.1443, 1.3537, 3.2174, (gDx*4,gDy*0,gDz*0)),rgb(0,1,0.625));
		draw(
			ellipsoid( (-0.21408,-0.70775,-0.67325), (0.035277,-0.69438,0.71874), (-0.97618,0.13012,0.17362), 1.0613, 1.4121, 3.2306, (gDx*5,gDy*0,gDz*0)),rgb(0,1,0.625));
		draw(
			ellipsoid( (-0.081487,-0.71945,-0.68974), (0.0057634,-0.69237,0.72152), (-0.99666,0.054819,0.060566), 0.94219, 1.4419, 3.2951, (gDx*6,gDy*0,gDz*0)),rgb(0,1,0.8125));
		draw(
			ellipsoid( (-0.017891,0.75258,0.65826), (-0.0038246,-0.65841,0.75265), (-0.99983,-0.010948,-0.014658), 0.83704, 1.4261, 3.3069, (gDx*7,gDy*0,gDz*0)),rgb(0,1,0.90625));
		draw(
			ellipsoid( (-0.086053,0.79178,0.60471), (0.0089573,0.60755,-0.79423), (-0.99625,-0.062929,-0.059374), 0.77166, 1.4239, 3.1822, (gDx*8,gDy*0,gDz*0)),rgb(0,1,1));
		draw(
			ellipsoid( (-0.1458,0.79855,0.58401), (-0.01238,0.5888,-0.80819), (-0.98924,-0.12507,-0.075961), 0.77251, 1.4224, 2.9657, (gDx*9,gDy*0,gDz*0)),rgb(0,1,0.90625));
		draw(
			ellipsoid( (-0.31128,0.75139,0.58182), (0.21432,-0.54095,0.81329), (-0.92583,-0.37786,-0.0073489), 1.0126, 1.5573, 2.56, (gDx*10,gDy*0,gDz*0)),rgb(0,1,0.34375));
		draw(
			ellipsoid( (-0.72641,0.61565,0.30546), (0.30693,-0.10707,0.94569), (-0.61492,-0.78071,0.11118), 1.2144, 1.5952, 2.5855, (gDx*11,gDy*0,gDz*0)),rgb(0,1,0.0625));
		draw(
			ellipsoid( (0.91537,-0.40158,0.02892), (-0.02195,0.021949,0.99952), (0.40202,0.91556,-0.011276), 0.98745, 1.8182, 3.4595, (gDx*12,gDy*0,gDz*0)),rgb(0,1,0.8125));
		draw(
			ellipsoid( (0.85179,-0.51721,0.083411), (-0.06087,0.060431,0.99631), (0.52034,0.85372,-0.019992), 1.0601, 1.8243, 3.8054, (gDx*13,gDy*0,gDz*0)),rgb(0,1,0.8125));
		draw(
			ellipsoid( (0.70724,-0.68496,0.17508), (-0.069542,0.17905,0.98138), (0.70355,0.70624,-0.078995), 1.0636, 1.898, 3.9429, (gDx*14,gDy*0,gDz*0)),rgb(0,1,0.8125));
		draw(
			ellipsoid( (-0.55449,0.79297,-0.25246), (-0.033575,0.28181,0.95888), (-0.83151,-0.54017,0.12964), 1.0348, 1.9155, 4.2273, (gDx*15,gDy*0,gDz*0)),rgb(0,1,0.90625));
		draw(
			ellipsoid( (-0.39735,0.81283,-0.42593), (-0.05467,0.44235,0.89517), (-0.91604,-0.37899,0.13133), 1.0799, 1.8807, 4.2538, (gDx*16,gDy*0,gDz*0)),rgb(0,1,0.90625));
		draw(
			ellipsoid( (0.23541,-0.75281,0.61471), (-0.03354,0.62581,0.77925), (-0.97132,-0.20406,0.12207), 1.0767, 1.8791, 4.2824, (gDx*17,gDy*0,gDz*0)),rgb(0,1,0.90625));
		draw(
			ellipsoid( (0.1039,-0.65273,0.75043), (-0.0051868,0.75415,0.65668), (-0.99457,-0.072121,0.074969), 1.099, 1.97, 4.2583, (gDx*18,gDy*0,gDz*0)),rgb(0,1,0.90625));
		draw(
			ellipsoid( (-0.032811,-0.53585,0.84367), (0.012419,0.84384,0.53644), (-0.99938,0.028079,-0.021032), 1.1761, 2.0799, 4.0151, (gDx*19,gDy*0,gDz*0)),rgb(0,1,0.71875));
		draw(
			ellipsoid( (-0.17603,-0.43044,0.88529), (0.10393,0.88618,0.45154), (-0.97888,0.17149,-0.11126), 1.1624, 2.2236, 4.0067, (gDx*20,gDy*0,gDz*0)),rgb(0,1,0.71875));
		draw(
			ellipsoid( (-0.27233,-0.37038,0.88806), (0.12436,0.90165,0.41419), (-0.95413,0.22324,-0.19948), 1.2659, 2.2671, 3.9242, (gDx*21,gDy*0,gDz*0)),rgb(0,1,0.625));
		draw(
			ellipsoid( (-0.37488,-0.30538,0.87533), (0.14122,0.91436,0.37948), (-0.91625,0.26587,-0.29965), 1.3866, 2.2945, 3.8617, (gDx*22,gDy*0,gDz*0)),rgb(0,1,0.4375));
		draw(
			ellipsoid( (-0.51826,-0.25271,0.81704), (-0.14943,-0.91389,-0.37745), (0.84207,-0.31771,0.43587), 1.6257, 2.3792, 3.6438, (gDx*23,gDy*0,gDz*0)),rgb(0,1,0.15625));
		draw(
			ellipsoid( (-0.70017,-0.17001,0.69344), (0.1582,0.91015,0.38287), (0.69623,-0.37778,0.61036), 1.7685, 2.4667, 3.7057, (gDx*24,gDy*0,gDz*0)),rgb(0,1,0.0625));
		draw(
			ellipsoid( (-0.049495,-0.96367,0.26246), (0.96378,0.022867,0.26571), (-0.26206,0.26611,0.92764), 1.0844, 1.2522, 3.1845, (gDx*0,gDy*1,gDz*0)),rgb(0,1,0.71875));
		draw(
			ellipsoid( (-0.065857,0.93621,-0.34521), (0.94399,0.17056,0.28247), (-0.32333,0.30728,0.89501), 1.134, 1.3526, 2.963, (gDx*1,gDy*1,gDz*0)),rgb(0,1,0.4375));
		draw(
			ellipsoid( (-0.10799,0.89332,-0.43625), (0.87504,0.29368,0.38477), (-0.47184,0.34018,0.81341), 1.1649, 1.4905, 2.8083, (gDx*2,gDy*1,gDz*0)),rgb(0,1,0.34375));
		draw(
			ellipsoid( (0.090887,-0.8504,0.51822), (0.73097,0.41038,0.54523), (-0.67633,0.32925,0.65892), 1.2158, 1.5473, 2.7203, (gDx*3,gDy*1,gDz*0)),rgb(0,1,0.15625));
		draw(
			ellipsoid( (0.053031,-0.81833,0.5723), (0.54548,0.50378,0.66982), (-0.83645,0.27665,0.4731), 1.3135, 1.4855, 2.6367, (gDx*4,gDy*1,gDz*0)),rgb(0,1,0.0625));
		draw(
			ellipsoid( (-0.35722,-0.45681,-0.81469), (0.045112,0.86278,-0.50356), (-0.93293,0.21663,0.2876), 1.3491, 1.3999, 2.6307, (gDx*5,gDy*1,gDz*0)),rgb(0,1,0.0625));
		draw(
			ellipsoid( (-0.19508,-0.67364,-0.71285), (0.0018065,-0.72706,0.68657), (-0.98079,0.13265,0.14305), 1.1862, 1.44, 2.6665, (gDx*6,gDy*1,gDz*0)),rgb(0,1,0.25));
		draw(
			ellipsoid( (-0.085498,-0.72167,-0.68694), (-0.024015,-0.68777,0.72553), (-0.99605,0.078529,0.041472), 1.0286, 1.4456, 2.728, (gDx*7,gDy*1,gDz*0)),rgb(0,1,0.4375));
		draw(
			ellipsoid( (0.0098019,0.7392,0.67342), (-0.016938,-0.67323,0.73924), (-0.99981,0.018653,-0.005922), 0.98501, 1.4497, 2.6794, (gDx*8,gDy*1,gDz*0)),rgb(0,1,0.4375));
		draw(
			ellipsoid( (-0.057339,0.75743,0.6504), (0.0068666,-0.65115,0.75892), (-0.99833,-0.047981,-0.032135), 0.96862, 1.4583, 2.6301, (gDx*9,gDy*1,gDz*0)),rgb(0,1,0.4375));
		draw(
			ellipsoid( (-0.16934,0.75757,0.63041), (0.14825,-0.61279,0.77622), (-0.97434,-0.2249,0.0085352), 1.1104, 1.514, 2.5156, (gDx*10,gDy*1,gDz*0)),rgb(0,1,0.15625));
		draw(
			ellipsoid( (-0.36973,0.81626,0.44387), (0.22868,-0.38309,0.89496), (-0.90056,-0.4324,0.045023), 1.2293, 1.5334, 2.5907, (gDx*11,gDy*1,gDz*0)),rgb(0,1,0.0625));
		draw(
			ellipsoid( (0.5546,-0.82506,-0.10812), (0.11119,-0.055292,0.99226), (-0.82465,-0.56233,0.061074), 1.244, 1.6365, 2.9268, (gDx*12,gDy*1,gDz*0)),rgb(0,1,0.25));
		draw(
			ellipsoid( (0.62371,-0.78006,0.049899), (0.025083,0.083779,0.99617), (-0.78125,-0.62007,0.07182), 1.1965, 1.8165, 3.3778, (gDx*13,gDy*1,gDz*0)),rgb(0,1,0.53125));
		draw(
			ellipsoid( (0.57289,-0.80764,0.13972), (0.010189,0.17747,0.98407), (-0.81957,-0.56234,0.1099), 1.1811, 1.9035, 3.6751, (gDx*14,gDy*1,gDz*0)),rgb(0,1,0.625));
		draw(
			ellipsoid( (-0.47052,0.8503,-0.2358), (-0.021248,-0.27807,-0.96033), (-0.88214,-0.44684,0.1489), 1.135, 1.9417, 3.9778, (gDx*15,gDy*1,gDz*0)),rgb(0,1,0.8125));
		draw(
			ellipsoid( (-0.35198,0.85222,-0.38707), (0.016474,0.41911,0.90778), (-0.93586,-0.31315,0.16156), 1.1391, 1.9362, 4.0915, (gDx*16,gDy*1,gDz*0)),rgb(0,1,0.8125));
		draw(
			ellipsoid( (0.22676,-0.79943,0.55632), (-0.031503,-0.57692,-0.8162), (-0.97344,-0.16756,0.15601), 1.132, 1.9502, 4.1579, (gDx*17,gDy*1,gDz*0)),rgb(0,1,0.8125));
		draw(
			ellipsoid( (0.1126,-0.69909,0.70611), (0.047487,0.71361,0.69893), (-0.9925,-0.04517,0.11355), 1.163, 2.041, 4.1154, (gDx*18,gDy*1,gDz*0)),rgb(0,1,0.8125));
		draw(
			ellipsoid( (-0.0076027,-0.58736,0.80929), (0.068082,0.80713,0.58643), (-0.99765,0.059557,0.033852), 1.2377, 2.1686, 3.9224, (gDx*19,gDy*1,gDz*0)),rgb(0,1,0.625));
		draw(
			ellipsoid( (-0.13393,-0.48326,0.86517), (0.15302,0.85248,0.49986), (-0.9791,0.19934,-0.040224), 1.244, 2.3181, 3.9104, (gDx*20,gDy*1,gDz*0)),rgb(0,1,0.625));
		draw(
			ellipsoid( (-0.2299,-0.42161,0.87715), (0.16676,0.87089,0.46231), (-0.95882,0.25256,-0.12991), 1.3664, 2.369, 3.8015, (gDx*21,gDy*1,gDz*0)),rgb(0,1,0.4375));
		draw(
			ellipsoid( (-0.33564,-0.34873,0.87506), (0.18352,0.88694,0.42386), (-0.92394,0.30285,-0.23369), 1.505, 2.4115, 3.721, (gDx*22,gDy*1,gDz*0)),rgb(0,1,0.34375));
		draw(
			ellipsoid( (-0.47019,-0.27339,0.83915), (0.21768,0.88551,0.41047), (-0.8553,0.37567,-0.35685), 1.7083, 2.4924, 3.5821, (gDx*23,gDy*1,gDz*0)),rgb(0,1,0.0625));
		draw(
			ellipsoid( (-0.6354,-0.17571,0.75193), (-0.25982,-0.86834,-0.42247), (0.72716,-0.4638,0.50609), 1.8306, 2.5744, 3.6557, (gDx*24,gDy*1,gDz*0)),rgb(0.03125,1,0));
		draw(
			ellipsoid( (-0.49588,0.6205,-0.60752), (0.74789,0.66069,0.064355), (-0.44132,0.42245,0.79169), 1.1484, 1.2034, 3.0655, (gDx*0,gDy*2,gDz*0)),rgb(0,1,0.625));
		draw(
			ellipsoid( (-0.50146,0.66321,-0.5556), (0.80509,0.59285,-0.018959), (-0.31681,0.45681,0.83124), 1.1178, 1.3109, 3.0049, (gDx*1,gDy*2,gDz*0)),rgb(0,1,0.53125));
		draw(
			ellipsoid( (-0.41525,0.72896,-0.54424), (0.88001,0.4735,-0.037227), (-0.23056,0.49439,0.83811), 1.1344, 1.4528, 2.9193, (gDx*2,gDy*2,gDz*0)),rgb(0,1,0.4375));
		draw(
			ellipsoid( (-0.31155,0.75982,-0.57063), (0.92056,0.39023,0.017009), (-0.2356,0.52,0.82103), 1.1722, 1.6237, 2.78, (gDx*3,gDy*2,gDz*0)),rgb(0,1,0.25));
		draw(
			ellipsoid( (-0.23336,0.73125,-0.64095), (0.87768,0.44215,0.1849), (-0.4186,0.5194,0.74498), 1.2672, 1.7112, 2.4716, (gDx*4,gDy*2,gDz*0)),rgb(0.125,1,0));
		draw(
			ellipsoid( (0.20417,-0.61999,0.75758), (0.68535,0.64312,0.34162), (-0.69901,0.44946,0.55621), 1.3539, 1.6774, 2.2765, (gDx*5,gDy*2,gDz*0)),rgb(0.40625,1,0));
		draw(
			ellipsoid( (0.2402,-0.26877,0.93277), (0.39306,0.90554,0.15971), (-0.88759,0.32827,0.32315), 1.3891, 1.5592, 2.234, (gDx*6,gDy*2,gDz*0)),rgb(0.5,1,0));
		draw(
			ellipsoid( (0.24242,0.31509,0.91758), (0.19394,0.91096,-0.36405), (-0.95059,0.26621,0.15973), 1.2862, 1.5336, 2.289, (gDx*7,gDy*2,gDz*0)),rgb(0.21875,1,0));
		draw(
			ellipsoid( (0.17526,0.49005,0.85389), (0.13883,0.84635,-0.51422), (-0.97468,0.20867,0.080294), 1.1931, 1.5215, 2.3469, (gDx*8,gDy*2,gDz*0)),rgb(0.03125,1,0));
		draw(
			ellipsoid( (0.10888,0.64015,0.7605), (0.064746,0.75885,-0.64803), (-0.99194,0.1198,0.041179), 1.1579, 1.5091, 2.4242, (gDx*9,gDy*2,gDz*0)),rgb(0,1,0.0625));
		draw(
			ellipsoid( (-0.0094451,-0.76502,-0.64393), (0.047767,-0.64357,0.76389), (-0.99881,-0.023544,0.042622), 1.2, 1.5134, 2.5346, (gDx*10,gDy*2,gDz*0)),rgb(0,1,0.0625));
		draw(
			ellipsoid( (-0.12468,0.89805,0.42184), (0.11281,-0.40957,0.90527), (-0.98576,-0.16046,0.050246), 1.2659, 1.5572, 2.7717, (gDx*11,gDy*2,gDz*0)),rgb(0,1,0.15625));
		draw(
			ellipsoid( (-0.24687,0.95305,0.17535), (0.084669,-0.15904,0.98363), (-0.96534,-0.25767,0.041431), 1.2652, 1.6577, 3.1001, (gDx*12,gDy*2,gDz*0)),rgb(0,1,0.34375));
		draw(
			ellipsoid( (0.33944,-0.93999,-0.034602), (0.078097,-0.0084961,0.99691), (-0.93738,-0.34109,0.070527), 1.2344, 1.7977, 3.4713, (gDx*13,gDy*2,gDz*0)),rgb(0,1,0.53125));
		draw(
			ellipsoid( (0.38971,-0.91892,0.060899), (0.079793,0.09957,0.99183), (-0.91748,-0.38166,0.11213), 1.1883, 1.9166, 3.7869, (gDx*14,gDy*2,gDz*0)),rgb(0,1,0.625));
		draw(
			ellipsoid( (-0.35842,0.91285,-0.19555), (-0.080345,-0.23885,-0.96773), (-0.9301,-0.33114,0.15895), 1.1942, 1.9677, 3.903, (gDx*15,gDy*2,gDz*0)),rgb(0,1,0.71875));
		draw(
			ellipsoid( (-0.29319,0.89574,-0.33419), (0.092481,0.37449,0.92261), (-0.95157,-0.23959,0.19263), 1.185, 1.9913, 3.9938, (gDx*16,gDy*2,gDz*0)),rgb(0,1,0.71875));
		draw(
			ellipsoid( (0.21065,-0.84465,0.49213), (-0.10393,-0.51992,-0.84787), (-0.97202,-0.12745,0.1973), 1.1815, 2.0282, 4.0569, (gDx*17,gDy*2,gDz*0)),rgb(0,1,0.71875));
		draw(
			ellipsoid( (0.11846,-0.74439,0.65715), (0.11309,0.66762,0.73586), (-0.9865,-0.012854,0.16327), 1.2242, 2.1162, 3.9949, (gDx*18,gDy*2,gDz*0)),rgb(0,1,0.71875));
		draw(
			ellipsoid( (0.017673,-0.63369,0.77339), (0.14433,0.76703,0.62517), (-0.98937,0.10057,0.10502), 1.2942, 2.2576, 3.8626, (gDx*19,gDy*2,gDz*0)),rgb(0,1,0.53125));
		draw(
			ellipsoid( (-0.085542,-0.5315,0.84273), (0.22964,0.81254,0.53577), (-0.96951,0.23935,0.052546), 1.3166, 2.4102, 3.8672, (gDx*20,gDy*2,gDz*0)),rgb(0,1,0.53125));
		draw(
			ellipsoid( (-0.17729,-0.47038,0.86447), (0.24047,0.83106,0.50151), (-0.95433,0.29679,-0.034224), 1.461, 2.4685, 3.7283, (gDx*21,gDy*2,gDz*0)),rgb(0,1,0.34375));
		draw(
			ellipsoid( (-0.28273,-0.3899,0.87638), (0.26069,0.84803,0.46139), (-0.92309,0.35891,-0.13812), 1.6211, 2.5242, 3.6261, (gDx*22,gDy*2,gDz*0)),rgb(0,1,0.15625));
		draw(
			ellipsoid( (-0.40812,-0.28634,0.86686), (0.31769,0.84565,0.4289), (-0.85587,0.45043,-0.25416), 1.7842, 2.5945, 3.566, (gDx*23,gDy*2,gDz*0)),rgb(0.03125,1,0));
		draw(
			ellipsoid( (-0.5496,-0.16903,0.81815), (-0.3909,-0.81347,-0.43065), (0.73833,-0.5565,0.38101), 1.8713, 2.6631, 3.6847, (gDx*24,gDy*2,gDz*0)),rgb(0.125,1,0));
		draw(
			ellipsoid( (-0.50143,0.35136,-0.79064), (0.67917,0.72598,-0.10811), (-0.536,0.59119,0.60266), 1.1062, 1.3213, 2.8996, (gDx*0,gDy*3,gDz*0)),rgb(0,1,0.4375));
		draw(
			ellipsoid( (-0.3631,0.60463,-0.70893), (0.86162,0.50748,-0.0084943), (-0.35463,0.61391,0.70523), 1.1241, 1.4335, 2.7469, (gDx*1,gDy*3,gDz*0)),rgb(0,1,0.34375));
		draw(
			ellipsoid( (-0.35859,0.6918,-0.62676), (0.92519,0.35272,-0.14001), (-0.12422,0.63008,0.76653), 1.0999, 1.5266, 2.8147, (gDx*2,gDy*3,gDz*0)),rgb(0,1,0.34375));
		draw(
			ellipsoid( (-0.33043,0.73366,-0.59377), (0.94352,0.24058,-0.2278), (0.024277,0.6355,0.77172), 1.1041, 1.6031, 2.8634, (gDx*3,gDy*3,gDz*0)),rgb(0,1,0.34375));
		draw(
			ellipsoid( (-0.32059,0.72525,-0.60929), (0.94582,0.21011,-0.24756), (0.051523,0.65564,0.75331), 1.1585, 1.686, 2.7114, (gDx*4,gDy*3,gDz*0)),rgb(0,1,0.25));
		draw(
			ellipsoid( (-0.31101,0.6687,-0.67536), (0.95036,0.22597,-0.21391), (-0.0095636,0.70836,0.70578), 1.2539, 1.7512, 2.4168, (gDx*5,gDy*3,gDz*0)),rgb(0.125,1,0));
		draw(
			ellipsoid( (0.32118,-0.53431,0.78189), (-0.91798,-0.37854,0.11841), (0.23271,-0.75579,-0.61207), 1.3408, 1.7771, 2.1684, (gDx*6,gDy*3,gDz*0)),rgb(0.5,1,0));
		draw(
			ellipsoid( (0.35512,-0.24479,0.9022), (-0.71846,-0.68893,0.095871), (0.59808,-0.68225,-0.42052), 1.3805, 1.7494, 2.0724, (gDx*7,gDy*3,gDz*0)),rgb(0.6875,1,0));
		draw(
			ellipsoid( (0.35462,0.09635,0.93003), (-0.46715,-0.84338,0.26549), (0.80995,-0.52862,-0.25407), 1.362, 1.7176, 2.1221, (gDx*8,gDy*3,gDz*0)),rgb(0.59375,1,0));
		draw(
			ellipsoid( (0.28803,0.38655,0.87614), (0.21848,0.86425,-0.45314), (-0.93236,0.32194,0.16448), 1.3531, 1.6534, 2.2564, (gDx*9,gDy*3,gDz*0)),rgb(0.40625,1,0));
		draw(
			ellipsoid( (-0.20086,-0.71317,-0.6716), (-0.043463,-0.67841,0.7334), (-0.97866,0.1765,0.10527), 1.3734, 1.5957, 2.4837, (gDx*10,gDy*3,gDz*0)),rgb(0.21875,1,0));
		draw(
			ellipsoid( (0.078185,0.9473,0.31067), (0.045347,-0.31468,0.94811), (-0.99591,0.06004,0.06756), 1.3851, 1.6255, 2.7754, (gDx*11,gDy*3,gDz*0)),rgb(0.03125,1,0));
		draw(
			ellipsoid( (-0.009462,0.99495,0.099962), (0.025722,-0.099691,0.99469), (-0.99962,-0.011983,0.024649), 1.3237, 1.7215, 3.1483, (gDx*12,gDy*3,gDz*0)),rgb(0,1,0.25));
		draw(
			ellipsoid( (0.10429,-0.99449,0.011058), (-0.055011,-0.016869,-0.99834), (0.99302,0.10351,-0.056467), 1.3023, 1.8244, 3.4198, (gDx*13,gDy*3,gDz*0)),rgb(0,1,0.4375));
		draw(
			ellipsoid( (-0.18269,0.97905,-0.089883), (-0.089571,-0.10762,-0.99015), (-0.97908,-0.17283,0.10735), 1.2701, 1.9329, 3.6507, (gDx*14,gDy*3,gDz*0)),rgb(0,1,0.53125));
		draw(
			ellipsoid( (-0.21948,0.95866,-0.18112), (-0.12824,-0.21239,-0.96873), (-0.96715,-0.18939,0.16956), 1.2332, 2.0112, 3.8279, (gDx*15,gDy*3,gDz*0)),rgb(0,1,0.625));
		draw(
			ellipsoid( (-0.21977,0.93663,-0.2728), (-0.16302,-0.31096,-0.93634), (-0.96183,-0.16131,0.22103), 1.2097, 2.0536, 3.9489, (gDx*16,gDy*3,gDz*0)),rgb(0,1,0.71875));
		draw(
			ellipsoid( (-0.18289,0.88489,-0.42839), (0.18075,0.45858,0.87008), (-0.96638,-0.081692,0.24381), 1.2224, 2.1054, 3.9695, (gDx*17,gDy*3,gDz*0)),rgb(0,1,0.71875));
		draw(
			ellipsoid( (0.12041,-0.78694,0.60517), (0.19391,0.61651,0.7631), (-0.9736,0.025468,0.22683), 1.2819, 2.1922, 3.9024, (gDx*18,gDy*3,gDz*0)),rgb(0,1,0.625));
		draw(
			ellipsoid( (0.041754,-0.67386,0.73768), (0.24177,0.72319,0.64695), (-0.96944,0.15133,0.19311), 1.3451, 2.3373, 3.8432, (gDx*19,gDy*3,gDz*0)),rgb(0,1,0.53125));
		draw(
			ellipsoid( (-0.040685,-0.58418,0.8106), (0.3238,0.75978,0.56381), (-0.94525,0.28541,0.15825), 1.3912, 2.4863, 3.841, (gDx*20,gDy*3,gDz*0)),rgb(0,1,0.4375));
		draw(
			ellipsoid( (-0.1182,-0.51405,0.84958), (0.34679,0.78034,0.5204), (-0.93047,0.35614,0.086031), 1.5521, 2.5579, 3.7026, (gDx*21,gDy*3,gDz*0)),rgb(0,1,0.25));
		draw(
			ellipsoid( (-0.21248,-0.4211,0.88178), (0.37541,0.79795,0.47153), (-0.90218,0.43122,-0.011463), 1.7261, 2.6205, 3.5951, (gDx*22,gDy*3,gDz*0)),rgb(0,1,0.0625));
		draw(
			ellipsoid( (-0.32785,-0.29209,0.89844), (0.44245,0.79279,0.41919), (-0.83472,0.53495,-0.13068), 1.8518, 2.6853, 3.5962, (gDx*23,gDy*3,gDz*0)),rgb(0.125,1,0));
		draw(
			ellipsoid( (-0.4471,-0.16091,0.87989), (-0.52634,-0.74803,-0.40424), (0.72324,-0.64386,0.24975), 1.8993, 2.7476, 3.768, (gDx*24,gDy*3,gDz*0)),rgb(0.03125,1,0));
		draw(
			ellipsoid( (0.28389,-0.289,0.91427), (-0.79343,-0.60619,0.054753), (0.5384,-0.74095,-0.40139), 0.9814, 1.4499, 3.0292, (gDx*0,gDy*4,gDz*0)),rgb(0,1,0.625));
		draw(
			ellipsoid( (0.21644,-0.48608,0.84669), (-0.91269,-0.40865,-0.0013007), (0.34663,-0.77248,-0.53209), 1.0526, 1.5699, 2.6775, (gDx*1,gDy*4,gDz*0)),rgb(0,1,0.34375));
		draw(
			ellipsoid( (-0.27196,0.621,-0.73512), (0.96206,0.19284,-0.19302), (-0.021892,0.75972,0.64988), 1.0513, 1.5898, 2.7185, (gDx*2,gDy*4,gDz*0)),rgb(0,1,0.34375));
		draw(
			ellipsoid( (-0.27589,0.70221,-0.65634), (0.94527,0.074464,-0.31767), (0.1742,0.70806,0.68433), 1.0762, 1.601, 2.8562, (gDx*3,gDy*4,gDz*0)),rgb(0,1,0.4375));
		draw(
			ellipsoid( (-0.28096,0.73685,-0.61491), (0.92601,0.039812,-0.37539), (0.25213,0.67488,0.69352), 1.1148, 1.6628, 2.825, (gDx*4,gDy*4,gDz*0)),rgb(0,1,0.34375));
		draw(
			ellipsoid( (-0.30203,0.74489,-0.59491), (0.90321,0.023987,-0.42852), (0.30493,0.66675,0.68004), 1.1751, 1.7229, 2.7033, (gDx*5,gDy*4,gDz*0)),rgb(0,1,0.15625));
		draw(
			ellipsoid( (-0.34104,0.68816,-0.64041), (0.90107,0.045155,-0.43132), (0.2679,0.72415,0.63548), 1.267, 1.7626, 2.4412, (gDx*6,gDy*4,gDz*0)),rgb(0.125,1,0));
		draw(
			ellipsoid( (-0.38762,0.56501,-0.72836), (0.90956,0.10601,-0.40182), (-0.14982,-0.81825,-0.555), 1.3638, 1.8028, 2.2028, (gDx*7,gDy*4,gDz*0)),rgb(0.5,1,0));
		draw(
			ellipsoid( (0.4515,-0.33089,0.82865), (-0.88036,-0.31644,0.35332), (0.14531,-0.88903,-0.43418), 1.4199, 1.8417, 2.0543, (gDx*8,gDy*4,gDz*0)),rgb(0.78125,1,0));
		draw(
			ellipsoid( (0.42338,-0.082137,0.90222), (-0.49155,-0.85737,0.15262), (0.761,-0.50811,-0.40337), 1.461, 1.8417, 2.0418, (gDx*9,gDy*4,gDz*0)),rgb(0.875,1,0));
		draw(
			ellipsoid( (0.3258,0.32643,0.8873), (-0.1931,-0.89575,0.40044), (0.92551,-0.3018,-0.2288), 1.585, 1.6587, 2.3418, (gDx*10,gDy*4,gDz*0)),rgb(0.59375,1,0));
		draw(
			ellipsoid( (0.26511,0.96159,0.071166), (-0.084137,0.096596,-0.99176), (-0.96054,0.25694,0.10651), 1.483, 1.7167, 2.7707, (gDx*11,gDy*4,gDz*0)),rgb(0.125,1,0));
		draw(
			ellipsoid( (0.20666,0.974,-0.092823), (0.053423,0.083496,0.99508), (-0.97695,0.2106,0.034779), 1.3779, 1.833, 3.2359, (gDx*12,gDy*4,gDz*0)),rgb(0,1,0.25));
		draw(
			ellipsoid( (0.12534,0.9794,-0.15833), (0.066482,0.15094,0.9863), (-0.98988,0.13415,0.046193), 1.3475, 1.9546, 3.4438, (gDx*13,gDy*4,gDz*0)),rgb(0,1,0.34375));
		draw(
			ellipsoid( (0.03364,0.97983,-0.197), (0.13094,0.19109,0.9728), (-0.99082,0.058519,0.12187), 1.3153, 2.0309, 3.4771, (gDx*14,gDy*4,gDz*0)),rgb(0,1,0.4375));
		draw(
			ellipsoid( (-0.05146,0.97125,-0.23244), (-0.1841,-0.23799,-0.95366), (-0.98156,-0.0062816,0.19106), 1.2611, 2.1061, 3.5795, (gDx*15,gDy*4,gDz*0)),rgb(0,1,0.53125));
		draw(
			ellipsoid( (-0.10559,0.95193,-0.28756), (-0.23613,-0.3049,-0.92265), (-0.96597,-0.029518,0.25697), 1.2334, 2.1541, 3.6731, (gDx*16,gDy*4,gDz*0)),rgb(0,1,0.53125));
		draw(
			ellipsoid( (-0.11147,0.90545,-0.40955), (0.26107,0.42432,0.86706), (-0.95886,0.010267,0.28369), 1.2769, 2.1812, 3.7483, (gDx*17,gDy*4,gDz*0)),rgb(0,1,0.53125));
		draw(
			ellipsoid( (0.087892,-0.82577,0.55712), (0.28587,0.55666,0.78), (-0.95423,0.090707,0.28499), 1.3497, 2.2586, 3.7874, (gDx*18,gDy*4,gDz*0)),rgb(0,1,0.53125));
		draw(
			ellipsoid( (0.043801,-0.7225,0.68998), (0.34322,0.65949,0.66879), (-0.93823,0.20752,0.27686), 1.4129, 2.4025, 3.8151, (gDx*19,gDy*4,gDz*0)),rgb(0,1,0.4375));
		draw(
			ellipsoid( (-0.019264,-0.6427,0.76587), (0.42009,0.68992,0.58953), (-0.90728,0.33309,0.2567), 1.5183, 2.5489, 3.7591, (gDx*20,gDy*4,gDz*0)),rgb(0,1,0.34375));
		draw(
			ellipsoid( (-0.084329,-0.56215,0.82272), (0.46326,0.70889,0.53185), (-0.8822,0.42599,0.20064), 1.6578, 2.6349, 3.6643, (gDx*21,gDy*4,gDz*0)),rgb(0,1,0.15625));
		draw(
			ellipsoid( (-0.16015,-0.44994,0.87858), (0.49228,0.73508,0.46618), (-0.85558,0.50716,0.10377), 1.8036, 2.6974, 3.5924, (gDx*22,gDy*4,gDz*0)),rgb(0.03125,1,0));
		draw(
			ellipsoid( (-0.2521,-0.30909,0.91701), (0.56666,0.721,0.39881), (-0.78444,0.62017,-0.006615), 1.8934, 2.7692, 3.6379, (gDx*23,gDy*4,gDz*0)),rgb(0.125,1,0));
		draw(
			ellipsoid( (-0.34439,-0.1781,0.92178), (0.65185,0.66124,0.3713), (-0.67564,0.72873,-0.11162), 1.9119, 2.8364, 3.8382, (gDx*24,gDy*4,gDz*0)),rgb(0.03125,1,0));
		draw(
			ellipsoid( (0.15951,-0.21503,0.96349), (-0.90334,-0.42543,0.054602), (0.39815,-0.87907,-0.26211), 0.89403, 1.6055, 3.0695, (gDx*0,gDy*5,gDz*0)),rgb(0,1,0.71875));
		draw(
			ellipsoid( (0.13372,-0.36653,0.92075), (-0.97385,-0.22079,0.053541), (0.18367,-0.90383,-0.38647), 0.98775, 1.6834, 2.6986, (gDx*1,gDy*5,gDz*0)),rgb(0,1,0.4375));
		draw(
			ellipsoid( (0.19922,-0.52553,0.82712), (-0.97205,0.0010528,0.23479), (-0.12426,-0.85078,-0.51063), 1.017, 1.6486, 2.7261, (gDx*2,gDy*5,gDz*0)),rgb(0,1,0.4375));
		draw(
			ellipsoid( (-0.22305,0.64332,-0.73238), (0.92619,-0.094455,-0.36504), (0.30402,0.75975,0.57477), 1.0479, 1.6413, 2.8576, (gDx*3,gDy*5,gDz*0)),rgb(0,1,0.4375));
		draw(
			ellipsoid( (-0.2273,0.72679,-0.64815), (0.88967,-0.11566,-0.4417), (0.39599,0.67705,0.62032), 1.0994, 1.6936, 2.8537, (gDx*4,gDy*5,gDz*0)),rgb(0,1,0.34375));
		draw(
			ellipsoid( (-0.21724,0.78731,-0.57702), (0.85786,-0.12804,-0.49767), (0.4657,0.60311,0.64759), 1.1459, 1.7616, 2.7652, (gDx*5,gDy*5,gDz*0)),rgb(0,1,0.25));
		draw(
			ellipsoid( (-0.21579,0.79809,-0.56258), (0.84455,-0.13662,-0.51776), (0.49008,0.58685,0.64454), 1.2076, 1.8168, 2.5627, (gDx*6,gDy*5,gDz*0)),rgb(0,1,0.0625));
		draw(
			ellipsoid( (-0.25593,0.77531,-0.5774), (0.82044,-0.14168,-0.55391), (-0.51126,-0.61548,-0.59983), 1.2935, 1.8604, 2.3497, (gDx*7,gDy*5,gDz*0)),rgb(0.21875,1,0));
		draw(
			ellipsoid( (0.31076,-0.73138,0.60704), (-0.75593,0.19698,0.62431), (-0.57619,-0.6529,-0.49166), 1.3797, 1.9019, 2.1679, (gDx*8,gDy*5,gDz*0)),rgb(0.5,1,0));
		draw(
			ellipsoid( (0.38471,-0.63607,0.66889), (-0.46201,0.49466,0.73611), (0.79909,0.59222,0.10356), 1.4579, 1.9163, 2.0503, (gDx*9,gDy*5,gDz*0)),rgb(0.78125,1,0));
		draw(
			ellipsoid( (0.19446,-0.64621,0.73797), (0.26156,0.75925,0.59592), (-0.94539,0.077139,0.31667), 1.6012, 1.8739, 2.1519, (gDx*10,gDy*5,gDz*0)),rgb(0.96875,1,0));
		draw(
			ellipsoid( (0.16709,0.87471,-0.45494), (0.30645,0.3925,0.8672), (-0.93711,0.28431,0.20247), 1.643, 1.8262, 2.4516, (gDx*11,gDy*5,gDz*0)),rgb(0.6875,1,0));
		draw(
			ellipsoid( (0.30445,0.90685,-0.29144), (0.19004,0.24199,0.95149), (-0.93338,0.34507,0.098666), 1.5411, 1.9604, 2.8626, (gDx*12,gDy*5,gDz*0)),rgb(0.21875,1,0));
		draw(
			ellipsoid( (0.30811,0.90633,-0.28919), (0.15903,0.25063,0.95493), (-0.93797,0.34021,0.066915), 1.4451, 2.127, 3.178, (gDx*13,gDy*5,gDz*0)),rgb(0,1,0.15625));
		draw(
			ellipsoid( (0.21835,0.93107,-0.29228), (0.20815,0.24818,0.94609), (-0.95341,0.26742,0.13962), 1.3924, 2.2046, 3.2502, (gDx*14,gDy*5,gDz*0)),rgb(0,1,0.25));
		draw(
			ellipsoid( (0.11369,0.94934,-0.29296), (0.27575,0.25313,0.9273), (-0.95448,0.18621,0.233), 1.3172, 2.2323, 3.3449, (gDx*15,gDy*5,gDz*0)),rgb(0,1,0.34375));
		draw(
			ellipsoid( (-0.027439,-0.95438,0.29732), (0.325,0.27276,0.90553), (-0.94532,0.12148,0.30269), 1.2222, 2.2557, 3.5173, (gDx*16,gDy*5,gDz*0)),rgb(0,1,0.53125));
		draw(
			ellipsoid( (0.013234,-0.91829,0.39569), (-0.35129,-0.37477,-0.85799), (-0.93617,0.12764,0.32754), 1.3251, 2.2642, 3.5833, (gDx*17,gDy*5,gDz*0)),rgb(0,1,0.4375));
		draw(
			ellipsoid( (0.022986,-0.85613,0.51626), (0.38399,0.48434,0.78611), (-0.92305,0.18017,0.33988), 1.4376, 2.3391, 3.6235, (gDx*18,gDy*5,gDz*0)),rgb(0,1,0.34375));
		draw(
			ellipsoid( (0.0083604,-0.7754,0.63141), (0.4425,0.56911,0.69304), (-0.89673,0.27361,0.34788), 1.5429, 2.4629, 3.6467, (gDx*19,gDy*5,gDz*0)),rgb(0,1,0.25));
		draw(
			ellipsoid( (-0.029807,-0.70068,0.71285), (0.51562,0.60018,0.61149), (-0.8563,0.38579,0.3434), 1.6561, 2.5896, 3.6436, (gDx*20,gDy*5,gDz*0)),rgb(0,1,0.15625));
		draw(
			ellipsoid( (-0.085902,-0.60857,0.78884), (0.55705,0.6271,0.54446), (-0.82602,0.4862,0.28514), 1.7676, 2.676, 3.5814, (gDx*21,gDy*5,gDz*0)),rgb(0.03125,1,0));
		draw(
			ellipsoid( (-0.15304,-0.49534,0.85511), (0.592,0.6469,0.48068), (-0.79127,0.57979,0.19424), 1.871, 2.7516, 3.543, (gDx*22,gDy*5,gDz*0)),rgb(0.125,1,0));
		draw(
			ellipsoid( (-0.23163,-0.36661,0.90108), (0.6617,0.61961,0.42219), (-0.71309,0.69403,0.099068), 1.9213, 2.8333, 3.6082, (gDx*23,gDy*5,gDz*0)),rgb(0.125,1,0));
		draw(
			ellipsoid( (-0.30924,-0.25151,0.91712), (0.73136,0.55352,0.3984), (-0.60785,0.79395,0.012778), 1.9144, 2.9089, 3.798, (gDx*24,gDy*5,gDz*0)),rgb(0.03125,1,0));
		draw(
			ellipsoid( (0.12824,-0.13666,0.98228), (-0.99065,-0.064049,0.12042), (0.046458,-0.98855,-0.1436), 0.89635, 1.7159, 2.8132, (gDx*0,gDy*6,gDz*0)),rgb(0,1,0.625));
		draw(
			ellipsoid( (0.1119,-0.2648,0.95779), (-0.98461,0.10069,0.14287), (-0.13427,-0.95903,-0.24946), 0.98608, 1.7292, 2.6652, (gDx*1,gDy*6,gDz*0)),rgb(0,1,0.4375));
		draw(
			ellipsoid( (0.13913,-0.42073,0.89646), (-0.94092,0.22605,0.25212), (-0.30872,-0.87857,-0.36442), 1.03, 1.6986, 2.729, (gDx*2,gDy*6,gDz*0)),rgb(0,1,0.4375));
		draw(
			ellipsoid( (0.16991,-0.57196,0.80249), (-0.88431,0.27088,0.38029), (-0.4349,-0.77426,-0.45976), 1.0457, 1.6986, 2.8755, (gDx*3,gDy*6,gDz*0)),rgb(0,1,0.4375));
		draw(
			ellipsoid( (-0.17493,0.69466,-0.69775), (0.83837,-0.26651,-0.47551), (0.51628,0.66815,0.53575), 1.0956, 1.7401, 2.8727, (gDx*4,gDy*6,gDz*0)),rgb(0,1,0.4375));
		draw(
			ellipsoid( (-0.15268,0.79263,-0.59027), (0.79726,-0.25416,-0.54752), (0.58401,0.5542,0.59313), 1.1377, 1.8029, 2.7718, (gDx*5,gDy*6,gDz*0)),rgb(0,1,0.25));
		draw(
			ellipsoid( (-0.12619,0.85919,-0.49586), (-0.75548,0.24071,0.60935), (0.6429,0.45151,0.61873), 1.1488, 1.8769, 2.682, (gDx*6,gDy*6,gDz*0)),rgb(0,1,0.25));
		draw(
			ellipsoid( (0.14808,-0.87323,0.46426), (-0.70184,0.23795,0.67142), (-0.69677,-0.42526,-0.57763), 1.1873, 1.924, 2.563, (gDx*7,gDy*6,gDz*0)),rgb(0,1,0.0625));
		draw(
			ellipsoid( (0.21269,-0.8673,0.45006), (-0.61452,0.23937,0.7517), (-0.75968,-0.43646,-0.48206), 1.2469, 1.9377, 2.4313, (gDx*8,gDy*6,gDz*0)),rgb(0.125,1,0));
		draw(
			ellipsoid( (-0.29655,0.84802,-0.43922), (-0.47242,0.26943,0.83918), (-0.82998,-0.45636,-0.32072), 1.3224, 1.9423, 2.3348, (gDx*9,gDy*6,gDz*0)),rgb(0.3125,1,0));
		draw(
			ellipsoid( (-0.32744,0.83216,-0.44754), (-0.32989,0.34316,0.87944), (-0.88541,-0.4356,-0.16215), 1.4425, 1.9643, 2.2737, (gDx*10,gDy*6,gDz*0)),rgb(0.5,1,0));
		draw(
			ellipsoid( (-0.28009,0.82964,-0.48296), (-0.22304,0.43309,0.87332), (-0.9337,-0.35233,-0.063744), 1.6006, 2.0075, 2.2172, (gDx*11,gDy*6,gDz*0)),rgb(0.875,1,0));
		draw(
			ellipsoid( (0.045508,0.84519,-0.53252), (0.0064091,0.53281,0.84621), (-0.99894,0.041922,-0.01883), 1.7245, 2.1401, 2.2183, (gDx*12,gDy*6,gDz*0)),rgb(1,0.9375,0));
		draw(
			ellipsoid( (0.3613,0.80495,-0.47065), (0.35087,0.35029,0.86844), (-0.86392,0.47891,0.15588), 1.7288, 2.2519, 2.4152, (gDx*13,gDy*6,gDz*0)),rgb(0.78125,1,0));
		draw(
			ellipsoid( (0.32173,0.83825,-0.44025), (0.28513,0.35761,0.88928), (-0.90288,0.41164,0.12395), 1.6397, 2.3612, 2.6474, (gDx*14,gDy*6,gDz*0)),rgb(0.5,1,0));
		draw(
			ellipsoid( (0.21153,0.87912,-0.42709), (0.34979,0.33994,0.87298), (-0.91264,0.33405,0.2356), 1.5853, 2.3948, 2.825, (gDx*15,gDy*6,gDz*0)),rgb(0.21875,1,0));
		draw(
			ellipsoid( (-0.1326,-0.89795,0.41964), (0.38013,0.34493,0.85821), (0.91538,-0.27332,-0.2956), 1.5166, 2.4263, 3.05, (gDx*16,gDy*6,gDz*0)),rgb(0.03125,1,0));
		draw(
			ellipsoid( (0.094739,0.88329,-0.45916), (0.44084,0.37632,0.81489), (-0.89257,0.27962,0.35374), 1.5588, 2.4346, 3.197, (gDx*17,gDy*6,gDz*0)),rgb(0.03125,1,0));
		draw(
			ellipsoid( (-0.062105,-0.85939,0.50753), (0.48575,0.4182,0.76756), (-0.87189,0.2942,0.39148), 1.6098, 2.4638, 3.352, (gDx*18,gDy*6,gDz*0)),rgb(0,1,0.0625));
		draw(
			ellipsoid( (-0.056579,-0.82026,0.56919), (0.55437,0.44833,0.70119), (-0.83034,0.35521,0.42936), 1.6772, 2.5284, 3.4583, (gDx*19,gDy*6,gDz*0)),rgb(0.03125,1,0));
		draw(
			ellipsoid( (-0.083614,-0.75267,0.65307), (0.60573,0.482,0.63306), (-0.79126,0.44852,0.41561), 1.7823, 2.6244, 3.4737, (gDx*20,gDy*6,gDz*0)),rgb(0.125,1,0));
		draw(
			ellipsoid( (-0.13069,-0.66382,0.73638), (0.65421,0.50035,0.56715), (-0.74493,0.55587,0.36889), 1.8715, 2.7112, 3.4543, (gDx*21,gDy*6,gDz*0)),rgb(0.21875,1,0));
		draw(
			ellipsoid( (-0.18651,-0.55366,0.81159), (0.69291,0.5115,0.50818), (-0.69648,0.65714,0.28823), 1.9391, 2.7866, 3.4554, (gDx*22,gDy*6,gDz*0)),rgb(0.3125,1,0));
		draw(
			ellipsoid( (-0.24787,-0.43578,0.86525), (0.75245,0.47596,0.45527), (-0.61023,0.76391,0.20992), 1.9604, 2.8646, 3.542, (gDx*23,gDy*6,gDz*0)),rgb(0.21875,1,0));
		draw(
			ellipsoid( (-0.30621,-0.33187,0.89224), (0.80392,0.41183,0.42908), (-0.50985,0.84868,0.14069), 1.9384, 2.9374, 3.7221, (gDx*24,gDy*6,gDz*0)),rgb(0.125,1,0));
		draw(
			ellipsoid( (0.1618,-0.024728,0.98651), (0.90511,-0.3946,-0.15834), (0.39319,0.91852,-0.041462), 0.90718, 1.6581, 2.7925, (gDx*0,gDy*7,gDz*0)),rgb(0,1,0.625));
		draw(
			ellipsoid( (0.15471,-0.16141,0.97468), (-0.86817,0.44865,0.21211), (-0.47153,-0.87901,-0.070724), 1.0102, 1.6973, 2.6993, (gDx*1,gDy*7,gDz*0)),rgb(0,1,0.4375));
		draw(
			ellipsoid( (0.15623,-0.33469,0.92929), (-0.83504,0.45775,0.30525), (-0.52754,-0.82368,-0.20797), 1.0674, 1.7427, 2.7417, (gDx*2,gDy*7,gDz*0)),rgb(0,1,0.34375));
		draw(
			ellipsoid( (0.16198,-0.50785,0.84608), (-0.80249,0.43117,0.41244), (-0.57426,-0.74578,-0.3377), 1.0939, 1.773, 2.8434, (gDx*3,gDy*7,gDz*0)),rgb(0,1,0.34375));
		draw(
			ellipsoid( (-0.14854,0.64953,-0.74569), (0.76359,-0.40381,-0.50385), (-0.62838,-0.64424,-0.43599), 1.1193, 1.8195, 2.8363, (gDx*4,gDy*7,gDz*0)),rgb(0,1,0.34375));
		draw(
			ellipsoid( (-0.11065,0.76532,-0.63406), (0.70288,-0.39079,-0.59435), (-0.70265,-0.51143,-0.49469), 1.1526, 1.8684, 2.7082, (gDx*5,gDy*7,gDz*0)),rgb(0,1,0.25));
		draw(
			ellipsoid( (0.06456,-0.8656,0.49655), (-0.65677,0.33778,0.67421), (-0.75133,-0.36965,-0.54669), 1.1315, 1.9274, 2.6842, (gDx*6,gDy*7,gDz*0)),rgb(0,1,0.25));
		draw(
			ellipsoid( (0.054008,-0.90259,0.42711), (-0.61856,0.30554,0.7239), (-0.78388,-0.30329,-0.54181), 1.1536, 1.9618, 2.5943, (gDx*7,gDy*7,gDz*0)),rgb(0,1,0.15625));
		draw(
			ellipsoid( (-0.083985,0.91982,-0.38325), (0.53308,-0.28347,-0.79716), (-0.84189,-0.27125,-0.46653), 1.1888, 1.966, 2.4941, (gDx*8,gDy*7,gDz*0)),rgb(0,1,0.0625));
		draw(
			ellipsoid( (-0.17613,0.9194,-0.35169), (-0.44645,0.2438,0.86095), (-0.8773,-0.30865,-0.36753), 1.2541, 1.9541, 2.4309, (gDx*9,gDy*7,gDz*0)),rgb(0.125,1,0));
		draw(
			ellipsoid( (0.29415,-0.9056,0.30556), (-0.3591,0.19156,0.91343), (0.88573,0.37841,0.26885), 1.3216, 1.9491, 2.3926, (gDx*10,gDy*7,gDz*0)),rgb(0.21875,1,0));
		draw(
			ellipsoid( (-0.42601,0.87637,-0.2247), (-0.31256,0.090501,0.94558), (-0.84901,-0.47306,-0.23537), 1.3877, 1.9835, 2.3769, (gDx*11,gDy*7,gDz*0)),rgb(0.3125,1,0));
		draw(
			ellipsoid( (0.52008,-0.83696,0.17035), (0.41029,0.069874,-0.90928), (0.74912,0.54279,0.37973), 1.5175, 2.0575, 2.3929, (gDx*12,gDy*7,gDz*0)),rgb(0.5,1,0));
		draw(
			ellipsoid( (0.55729,-0.8123,0.17204), (0.60598,0.25625,-0.75307), (0.56763,0.52394,0.63505), 1.7514, 2.0579, 2.4262, (gDx*13,gDy*7,gDz*0)),rgb(0.875,1,0));
		draw(
			ellipsoid( (0.45459,0.61871,-0.64074), (0.79043,-0.61182,-0.030004), (0.41058,0.49282,0.76717), 1.9587, 2.0585, 2.5002, (gDx*14,gDy*7,gDz*0)),rgb(1,0.9375,0));
		draw(
			ellipsoid( (0.36196,0.71276,-0.6008), (-0.85929,0.50498,0.081388), (0.3614,0.4868,0.79524), 1.8895, 2.3795, 2.558, (gDx*15,gDy*7,gDz*0)),rgb(0.875,1,0));
		draw(
			ellipsoid( (-0.31048,-0.76254,0.56757), (-0.65923,-0.25745,-0.7065), (-0.68485,0.59352,0.42275), 1.8433, 2.5901, 2.7166, (gDx*16,gDy*7,gDz*0)),rgb(0.59375,1,0));
		draw(
			ellipsoid( (0.2397,0.80073,-0.54898), (-0.6354,-0.29814,-0.7123), (0.73404,-0.51956,-0.43732), 1.842, 2.5989, 2.8783, (gDx*17,gDy*7,gDz*0)),rgb(0.5,1,0));
		draw(
			ellipsoid( (0.18358,0.82449,-0.53526), (-0.62506,-0.32235,-0.71091), (-0.75868,0.46508,0.45618), 1.8323, 2.6087, 3.0619, (gDx*18,gDy*7,gDz*0)),rgb(0.40625,1,0));
		draw(
			ellipsoid( (0.16495,0.81329,-0.558), (-0.66283,-0.32754,-0.67333), (-0.73037,0.48092,0.48505), 1.856, 2.654, 3.1744, (gDx*19,gDy*7,gDz*0)),rgb(0.3125,1,0));
		draw(
			ellipsoid( (0.18606,0.77046,-0.60973), (-0.71613,-0.31854,-0.62104), (-0.67271,0.55219,0.49248), 1.9009, 2.7185, 3.2464, (gDx*20,gDy*7,gDz*0)),rgb(0.3125,1,0));
		draw(
			ellipsoid( (-0.23175,-0.70511,0.67016), (0.75321,0.3059,0.58232), (-0.6156,0.63973,0.4602), 1.9551, 2.7771, 3.2895, (gDx*21,gDy*7,gDz*0)),rgb(0.40625,1,0));
		draw(
			ellipsoid( (-0.28191,-0.62005,0.73217), (0.77391,0.3041,0.55551), (-0.56709,0.72323,0.39413), 2.0025, 2.8252, 3.3231, (gDx*22,gDy*7,gDz*0)),rgb(0.40625,1,0));
		draw(
			ellipsoid( (-0.33036,-0.52777,0.78251), (0.79817,0.28627,0.53006), (-0.50376,0.79969,0.32668), 2.0223, 2.8741, 3.4045, (gDx*23,gDy*7,gDz*0)),rgb(0.40625,1,0));
		draw(
			ellipsoid( (-0.37274,-0.44022,0.81687), (0.81817,0.25942,0.51313), (-0.4378,0.8596,0.26348), 2.0154, 2.9227, 3.5358, (gDx*24,gDy*7,gDz*0)),rgb(0.3125,1,0));
		draw(
			ellipsoid( (0.19594,0.11918,0.97335), (0.79293,-0.60325,-0.085756), (0.57696,0.78859,-0.2127), 0.94264, 1.4503, 3.0564, (gDx*0,gDy*8,gDz*0)),rgb(0,1,0.71875));
		draw(
			ellipsoid( (0.18279,-0.03471,0.98254), (0.74815,-0.64347,-0.16191), (0.63785,0.76469,-0.091649), 1.0449, 1.5774, 2.9075, (gDx*1,gDy*8,gDz*0)),rgb(0,1,0.53125));
		draw(
			ellipsoid( (0.15293,-0.22028,0.96337), (-0.71421,0.64913,0.2618), (-0.68302,-0.72809,-0.058056), 1.0906, 1.7257, 2.9197, (gDx*2,gDy*8,gDz*0)),rgb(0,1,0.4375));
		draw(
			ellipsoid( (0.14889,-0.41813,0.8961), (-0.68525,0.60971,0.39836), (-0.71293,-0.67336,-0.19574), 1.1324, 1.8073, 2.8872, (gDx*3,gDy*8,gDz*0)),rgb(0,1,0.34375));
		draw(
			ellipsoid( (0.13209,-0.58802,0.79799), (-0.64136,0.56312,0.52111), (-0.75578,-0.58063,-0.30275), 1.1492, 1.8832, 2.8276, (gDx*4,gDy*8,gDz*0)),rgb(0,1,0.34375));
		draw(
			ellipsoid( (-0.082625,0.72409,-0.68474), (0.56024,-0.53449,-0.63281), (-0.8242,-0.4359,-0.3615), 1.1749, 1.9036, 2.6778, (gDx*5,gDy*8,gDz*0)),rgb(0,1,0.15625));
		draw(
			ellipsoid( (0.017663,-0.84349,0.53685), (-0.52436,0.44936,0.72327), (-0.85131,-0.29428,-0.43436), 1.1426, 1.9434, 2.6417, (gDx*6,gDy*8,gDz*0)),rgb(0,1,0.25));
		draw(
			ellipsoid( (-0.030066,-0.90062,0.43356), (-0.50073,0.38897,0.77329), (0.86508,0.19384,0.46266), 1.1498, 1.9675, 2.5624, (gDx*7,gDy*8,gDz*0)),rgb(0,1,0.15625));
		draw(
			ellipsoid( (-0.043974,-0.93553,0.3505), (-0.4499,0.33179,0.82916), (0.892,0.12123,0.43549), 1.1814, 1.975, 2.4768, (gDx*8,gDy*8,gDz*0)),rgb(0,1,0.0625));
		draw(
			ellipsoid( (-0.0081213,-0.96075,0.27729), (-0.37643,0.25984,0.88926), (0.92641,0.097156,0.36376), 1.2442, 1.9812, 2.4008, (gDx*9,gDy*8,gDz*0)),rgb(0.125,1,0));
		draw(
			ellipsoid( (-0.070824,0.97768,-0.1978), (-0.29839,0.16845,0.93946), (0.95181,0.12556,0.2798), 1.3096, 1.9995, 2.3686, (gDx*10,gDy*8,gDz*0)),rgb(0.21875,1,0));
		draw(
			ellipsoid( (-0.18367,0.97571,-0.11942), (0.26387,-0.068085,-0.96215), (-0.94691,-0.20823,-0.24495), 1.3683, 2.0498, 2.3922, (gDx*11,gDy*8,gDz*0)),rgb(0.3125,1,0));
		draw(
			ellipsoid( (0.29513,-0.95446,0.043537), (0.23368,0.027925,-0.97191), (0.92644,0.29702,0.23128), 1.4297, 2.1262, 2.4763, (gDx*12,gDy*8,gDz*0)),rgb(0.3125,1,0));
		draw(
			ellipsoid( (0.38178,-0.92412,-0.015738), (0.23941,0.11533,-0.96404), (0.89271,0.36429,0.26528), 1.5231, 2.1974, 2.5774, (gDx*13,gDy*8,gDz*0)),rgb(0.40625,1,0));
		draw(
			ellipsoid( (0.40153,-0.91579,-0.0098548), (0.39587,0.18325,-0.89984), (0.82587,0.35741,0.43612), 1.7846, 2.1942, 2.6274, (gDx*14,gDy*8,gDz*0)),rgb(0.6875,1,0));
		draw(
			ellipsoid( (0.40911,-0.91139,0.044801), (0.51818,0.19163,-0.83353), (0.75108,0.36422,0.55066), 2.0955, 2.168, 2.6983, (gDx*15,gDy*8,gDz*0)),rgb(1,0.9375,0));
		draw(
			ellipsoid( (-0.4209,-0.47483,0.7729), (-0.62737,0.76779,0.13004), (-0.65517,-0.43017,-0.62105), 2.1158, 2.4391, 2.7168, (gDx*16,gDy*8,gDz*0)),rgb(1,0.84375,0));
		draw(
			ellipsoid( (-0.38104,-0.59725,0.70576), (0.85816,-0.51253,0.02959), (0.34406,0.61693,0.70783), 2.0861, 2.6117, 2.7372, (gDx*17,gDy*8,gDz*0)),rgb(0.96875,1,0));
		draw(
			ellipsoid( (-0.35201,-0.68849,0.63409), (0.93293,-0.20325,0.29722), (-0.075751,0.69618,0.71386), 2.06, 2.6922, 2.8307, (gDx*18,gDy*8,gDz*0)),rgb(0.875,1,0));
		draw(
			ellipsoid( (-0.33836,-0.7422,0.5785), (0.88884,-0.050211,0.45545), (-0.30899,0.6683,0.67668), 2.0225, 2.7432, 2.9794, (gDx*19,gDy*8,gDz*0)),rgb(0.6875,1,0));
		draw(
			ellipsoid( (-0.33625,-0.75024,0.56928), (0.87405,-0.023523,0.48527), (-0.35068,0.66075,0.66365), 1.9999, 2.7838, 3.1119, (gDx*20,gDy*8,gDz*0)),rgb(0.59375,1,0));
		draw(
			ellipsoid( (-0.35684,-0.71737,0.59837), (0.87298,-0.028076,0.48695), (-0.33252,0.69613,0.63627), 2.0139, 2.8256, 3.1918, (gDx*21,gDy*8,gDz*0)),rgb(0.5,1,0));
		draw(
			ellipsoid( (0.39124,0.66054,-0.6408), (-0.8648,0.025762,-0.50145), (-0.31472,0.75035,0.58132), 2.0381, 2.8531, 3.2427, (gDx*22,gDy*8,gDz*0)),rgb(0.5,1,0));
		draw(
			ellipsoid( (-0.42154,-0.60164,0.67847), (0.85621,-0.017636,0.51633), (-0.29868,0.79857,0.52257), 2.0507, 2.8802, 3.3119, (gDx*23,gDy*8,gDz*0)),rgb(0.5,1,0));
		draw(
			ellipsoid( (-0.44653,-0.54466,0.7099), (0.84889,-0.0070785,0.52852), (-0.28284,0.83862,0.46552), 2.0523, 2.9075, 3.4008, (gDx*24,gDy*8,gDz*0)),rgb(0.40625,1,0));
		draw(
			ellipsoid( (0.34406,0.18048,0.92144), (0.69715,-0.70648,-0.12193), (0.62897,0.68434,-0.36889), 0.97801, 1.3726, 3.0279, (gDx*0,gDy*9,gDz*0)),rgb(0,1,0.625));
		draw(
			ellipsoid( (0.26677,0.048533,0.96254), (0.64748,-0.74879,-0.1417), (0.71386,0.66103,-0.23118), 1.0787, 1.524, 2.9074, (gDx*1,gDy*9,gDz*0)),rgb(0,1,0.4375));
		draw(
			ellipsoid( (0.17905,-0.12286,0.97614), (-0.59084,0.7799,0.20654), (-0.78667,-0.61373,0.067045), 1.1087, 1.6891, 3.0014, (gDx*2,gDy*9,gDz*0)),rgb(0,1,0.4375));
		draw(
			ellipsoid( (0.15753,-0.32209,0.93351), (-0.52357,0.77427,0.3555), (-0.83729,-0.54476,-0.046663), 1.1493, 1.7967, 2.9537, (gDx*3,gDy*9,gDz*0)),rgb(0,1,0.34375));
		draw(
			ellipsoid( (0.12428,-0.51159,0.85019), (-0.48127,0.71822,0.50253), (-0.86772,-0.47163,-0.15696), 1.1686, 1.8941, 2.8883, (gDx*4,gDy*9,gDz*0)),rgb(0,1,0.34375));
		draw(
			ellipsoid( (-0.06059,0.66793,-0.74175), (0.3961,-0.66601,-0.63208), (-0.9162,-0.33211,-0.22422), 1.1904, 1.8954, 2.7232, (gDx*5,gDy*9,gDz*0)),rgb(0,1,0.15625));
		draw(
