	import three;
	import settings;

	surface ellipsoid(triple v1,triple v2,triple v3,real l1,real l2, real l3, triple pos=O) {
		transform3 T = identity(4);
		T[0][0] = l1*v1.x;
		T[1][0] = l1*v1.y;
		T[2][0] = l1*v1.z;
		T[0][1] = l2*v2.x;
		T[1][1] = l2*v2.y;
		T[2][1] = l2*v2.z;
		T[0][2] = l3*v3.x;
		T[1][2] = l3*v3.y;
		T[2][2] = l3*v3.z;
		T[0][3] = pos.x;
		T[1][3] = pos.y;
		T[2][3] = pos.z;
		return T*unitsphere;
	}

	size(200);

	real gDx=4;
	real gDy=4;
	real gDz=4;

	currentprojection=perspective( camera=(gDx*12,gDy*12,25),up=Y, target=(gDx*12,gDy*12,gDz*-0.5));
		draw(
			ellipsoid( (0.96153,0.27396,-0.020234), (0.27434,-0.96145,0.018889), (0.014279,0.023713,0.99962), 1.232, 0.92518, 3.358, (gDx*0,gDy*0,gDz*0)),rgb(0,1,0.92969));
		draw(
			ellipsoid( (0.25436,-0.067655,-0.96474), (-0.96704,-0.029976,-0.25286), (0.011812,-0.99726,0.07305), 3.317, 1.5783, 1.044, (gDx*1,gDy*0,gDz*0)),rgb(0,1,0.71875));
		draw(
			ellipsoid( (0.045123,0.9634,-0.26425), (-0.64622,-0.17357,-0.74315), (-0.76182,0.20429,0.61473), 0.97471, 1.4423, 3.4935, (gDx*2,gDy*0,gDz*0)),rgb(0,1,0.88281));
		draw(
			ellipsoid( (-0.89958,0.22556,0.374), (0.32417,-0.22904,0.91785), (-0.29269,-0.94692,-0.13292), 3.5321, 1.1604, 1.0214, (gDx*3,gDy*0,gDz*0)),rgb(0,1,0.92969));
		draw(
			ellipsoid( (0.93952,-0.18034,-0.29116), (-0.3342,-0.66864,-0.66425), (0.074894,-0.72139,0.68847), 3.3489, 1.1406, 1.2885, (gDx*4,gDy*0,gDz*0)),rgb(0,1,0.71875));
		draw(
			ellipsoid( (0.99105,-0.079031,-0.10758), (-0.13322,-0.53421,-0.83479), (-0.0085022,-0.84165,0.53995), 3.3284, 1.0849, 1.4487, (gDx*5,gDy*0,gDz*0)),rgb(0,1,0.69531));
		draw(
			ellipsoid( (0.99903,0.035103,-0.026406), (0.043901,-0.77742,0.62744), (-0.0014963,0.628,0.77821), 3.5884, 1.5648, 0.93169, (gDx*6,gDy*0,gDz*0)),rgb(0,1,0.92969));
		draw(
			ellipsoid( (0.99562,0.089334,0.027664), (0.079233,-0.64864,-0.75696), (0.049678,-0.75584,0.65287), 3.5514, 0.85779, 1.3956, (gDx*7,gDy*0,gDz*0)),rgb(0,0.97656,1));
		draw(
			ellipsoid( (0.99052,0.11332,0.077599), (0.13733,-0.80969,-0.57057), (0.0018268,-0.57582,0.81758), 2.9902, 0.73426, 1.4414, (gDx*8,gDy*0,gDz*0)),rgb(0,1,0.97656));
		draw(
			ellipsoid( (0.98928,0.12757,0.071022), (0.14519,-0.80814,-0.57081), (0.015421,-0.575,0.81801), 2.9008, 0.72765, 1.4203, (gDx*9,gDy*0,gDz*0)),rgb(0,1,0.95312));
		draw(
			ellipsoid( (-0.88369,-0.4677,-0.018801), (-0.39832,0.7303,0.55498), (0.24583,-0.49792,0.83165), 2.8356, 0.99662, 1.6729, (gDx*10,gDy*0,gDz*0)),rgb(0,1,0.53125));
		draw(
			ellipsoid( (0.80418,-0.56567,-0.18253), (-0.57016,-0.82091,0.032054), (0.16797,-0.078293,0.98268), 1.2865, 2.6326, 2.0788, (gDx*11,gDy*0,gDz*0)),rgb(0,1,0.039062));
		draw(
			ellipsoid( (0.24825,0.96733,0.0515), (0.96343,-0.25209,0.090896), (-0.10091,-0.027052,0.99453), 4.0497, 0.77895, 1.8551, (gDx*12,gDy*0,gDz*0)),rgb(0,0.78906,1));
		draw(
			ellipsoid( (0.34903,0.93709,0.0064007), (0.93314,-0.34691,-0.09437), (0.086213,-0.03891,0.99552), 4.8978, 1.1229, 1.5956, (gDx*13,gDy*0,gDz*0)),rgb(0,0.88281,1));
		draw(
			ellipsoid( (0.73,0.67703,-0.093476), (0.68329,-0.71997,0.1215), (-0.014962,0.15257,0.98818), 4.1818, 0.99169, 1.9203, (gDx*14,gDy*0,gDz*0)),rgb(0,0.97656,1));
		draw(
			ellipsoid( (0.84246,0.51703,-0.15147), (0.53872,-0.81188,0.22502), (0.0066377,0.27117,0.96251), 4.2154, 1.0057, 1.9551, (gDx*15,gDy*0,gDz*0)),rgb(0,1,1));
		draw(
			ellipsoid( (0.91095,0.37952,-0.16166), (0.41251,-0.84037,0.35159), (0.0024202,0.38697,0.92209), 4.2624, 1.0525, 1.9385, (gDx*16,gDy*0,gDz*0)),rgb(0,1,0.97656));
		draw(
			ellipsoid( (0.98601,0.11171,-0.12373), (0.16579,-0.73446,0.65808), (0.017357,0.66939,0.74271), 4.3073, 0.95153, 1.7664, (gDx*17,gDy*0,gDz*0)),rgb(0,0.90625,1));
		draw(
			ellipsoid( (0.99498,0.047626,-0.08796), (0.097606,-0.65453,0.74971), (0.021866,0.75454,0.65589), 4.4942, 0.95692, 1.8934, (gDx*18,gDy*0,gDz*0)),rgb(0,0.88281,1));
		draw(
			ellipsoid( (0.99333,-0.11376,0.018655), (-0.074089,-0.50599,0.85935), (0.088323,0.855,0.51105), 4.1383, 1.1922, 2.1754, (gDx*19,gDy*0,gDz*0)),rgb(0,1,0.78906));
		draw(
			ellipsoid( (0.95919,-0.21551,0.18307), (-0.25874,-0.40773,0.87568), (0.11408,0.88731,0.44685), 3.6953, 1.102, 2.2156, (gDx*20,gDy*0,gDz*0)),rgb(0,1,0.76562));
		draw(
			ellipsoid( (0.92741,-0.25542,0.27326), (-0.34566,-0.30606,0.88704), (0.14293,0.91711,0.37213), 3.8324, 1.1821, 2.2143, (gDx*21,gDy*0,gDz*0)),rgb(0,1,0.71875));
		draw(
			ellipsoid( (0.92281,-0.22571,0.31221), (-0.35745,-0.19935,0.91241), (0.1437,0.95358,0.26464), 4.0697, 1.1944, 2.1415, (gDx*22,gDy*0,gDz*0)),rgb(0,1,0.76562));
		draw(
			ellipsoid( (0.8162,-0.26245,0.51472), (-0.57092,-0.22956,0.78826), (0.088718,0.93724,0.33721), 3.6081, 1.5344, 2.5061, (gDx*23,gDy*0,gDz*0)),rgb(0,1,0.25));
		draw(
			ellipsoid( (-0.84254,-0.22941,0.48735), (-0.53853,0.34023,-0.77087), (-0.011034,0.91193,0.41019), 1.8561, 3.3015, 2.6053, (gDx*24,gDy*0,gDz*0)),rgb(0.26562,1,0));
		draw(
			ellipsoid( (0.31413,-0.33364,-0.88882), (-0.93854,0.031956,-0.3437), (-0.14307,-0.94216,0.30309), 3.6092, 1.3383, 0.9548, (gDx*0,gDy*1,gDz*0)),rgb(0,1,0.95312));
		draw(
			ellipsoid( (0.12924,-0.38069,-0.91563), (-0.97972,-0.19159,-0.058625), (0.15311,-0.90464,0.39773), 3.5402, 1.0856, 1.207, (gDx*1,gDy*1,gDz*0)),rgb(0,1,0.88281));
		draw(
			ellipsoid( (-0.37838,0.39492,0.83718), (0.77076,0.63526,0.048698), (0.51259,-0.66369,0.54476), 3.1771, 1.4893, 1.1342, (gDx*2,gDy*1,gDz*0)),rgb(0,1,0.57812));
		draw(
			ellipsoid( (0.72801,-0.36123,-0.58267), (-0.68416,-0.43712,-0.58382), (0.043806,-0.82367,0.56537), 3.2619, 1.2446, 1.2155, (gDx*3,gDy*1,gDz*0)),rgb(0,1,0.64844));
		draw(
			ellipsoid( (0.80716,-0.38743,-0.4454), (-0.59028,-0.52043,-0.61702), (-0.0072531,-0.76095,0.64876), 3.2875, 1.0879, 1.3765, (gDx*4,gDy*1,gDz*0)),rgb(0,1,0.69531));
		draw(
			ellipsoid( (0.86485,-0.40049,-0.30273), (-0.48688,-0.52203,-0.70032), (-0.12244,-0.75306,0.64646), 2.9867, 1.0894, 1.447, (gDx*5,gDy*1,gDz*0)),rgb(0,1,0.53125));
		draw(
			ellipsoid( (0.97892,-0.10654,-0.17428), (-0.18855,-0.79952,-0.57028), (0.078579,-0.59112,0.80275), 3.0744, 0.91835, 1.5897, (gDx*6,gDy*1,gDz*0)),rgb(0,1,0.76562));
		draw(
			ellipsoid( (0.99772,-0.052362,-0.042573), (-0.066042,-0.88733,-0.45637), (0.01388,-0.45815,0.88877), 3.0588, 0.76741, 1.4424, (gDx*7,gDy*1,gDz*0)),rgb(0,1,0.95312));
		draw(
			ellipsoid( (-0.99983,0.0083457,-0.016164), (0.01819,0.47081,-0.88205), (-0.00024891,0.88219,0.47089), 2.8261, 1.4192, 0.76994, (gDx*8,gDy*1,gDz*0)),rgb(0,1,0.85938));
		draw(
			ellipsoid( (0.99974,0.0072641,0.021633), (0.017048,-0.86793,-0.4964), (-0.01517,-0.49664,0.86782), 2.821, 0.76455, 1.3831, (gDx*9,gDy*1,gDz*0)),rgb(0,1,0.85938));
		draw(
			ellipsoid( (0.96436,0.26334,0.02576), (0.21392,-0.71864,-0.66167), (0.15573,-0.64359,0.74936), 2.6917, 0.95651, 1.4294, (gDx*10,gDy*1,gDz*0)),rgb(0,1,0.53125));
		draw(
			ellipsoid( (0.88307,0.46133,0.085821), (0.4658,-0.88393,-0.041319), (-0.056797,-0.076462,0.99545), 2.7981, 0.99991, 1.3438, (gDx*11,gDy*1,gDz*0)),rgb(0,1,0.55469));
		draw(
			ellipsoid( (0.82969,0.55666,0.041876), (0.55237,-0.8295,0.082525), (-0.080674,0.045338,0.99571), 3.2883, 1.0048, 1.5225, (gDx*12,gDy*1,gDz*0)),rgb(0,1,0.74219));
		draw(
			ellipsoid( (0.74932,0.65803,-0.074263), (0.66203,-0.74176,0.1073), (-0.01552,0.12956,0.99145), 4.1454, 1.0031, 1.9025, (gDx*13,gDy*1,gDz*0)),rgb(0,1,1));
		draw(
			ellipsoid( (0.74939,0.65765,-0.07685), (0.66194,-0.74138,0.11039), (-0.015624,0.1336,0.99091), 4.1476, 1.0019, 1.9068, (gDx*14,gDy*1,gDz*0)),rgb(0,1,1));
		draw(
			ellipsoid( (0.84931,0.5089,-0.14032), (0.52787,-0.81603,0.23548), (-0.0053298,0.27407,0.9617), 4.1289, 1.0321, 1.9636, (gDx*15,gDy*1,gDz*0)),rgb(0,1,0.95312));
		draw(
			ellipsoid( (0.9121,0.37542,-0.1647), (0.4099,-0.84217,0.35032), (0.0071885,0.38704,0.92203), 4.2337, 1.0665, 1.9406, (gDx*16,gDy*1,gDz*0)),rgb(0,1,0.95312));
		draw(
			ellipsoid( (0.98146,0.10014,-0.16344), (0.18284,-0.74498,0.64154), (0.057516,0.65953,0.74948), 4.2101, 1.0224, 1.8938, (gDx*17,gDy*1,gDz*0)),rgb(0,1,1));
		draw(
			ellipsoid( (0.99093,0.022636,-0.13243), (0.11308,-0.67272,0.7312), (0.072534,0.73955,0.66918), 4.4368, 1.0259, 2.0317, (gDx*18,gDy*1,gDz*0)),rgb(0,0.95312,1));
		draw(
			ellipsoid( (0.98613,-0.16255,-0.033511), (-0.15303,-0.81238,-0.56269), (-0.064243,-0.56001,0.82599), 4.1444, 2.3207, 1.2745, (gDx*19,gDy*1,gDz*0)),rgb(0,1,0.71875));
		draw(
			ellipsoid( (-0.96605,0.25756,-0.020492), (0.14332,0.46821,-0.87191), (0.21497,0.84525,0.48923), 4.129, 1.2055, 2.4137, (gDx*20,gDy*1,gDz*0)),rgb(0,1,0.78906));
		draw(
			ellipsoid( (0.95031,-0.27558,0.14478), (-0.25266,-0.41113,0.87586), (0.18184,0.86893,0.46033), 4.1059, 1.2929, 2.3621, (gDx*21,gDy*1,gDz*0)),rgb(0,1,0.69531));
		draw(
			ellipsoid( (0.90984,-0.27085,0.31439), (-0.40387,-0.40394,0.82081), (0.09532,0.87377,0.4769), 4.0312, 1.4925, 2.2544, (gDx*22,gDy*1,gDz*0)),rgb(0,1,0.48438));
		draw(
			ellipsoid( (0.85519,-0.31323,0.41295), (-0.5089,-0.35637,0.78359), (0.098286,0.88028,0.46417), 3.8296, 1.6862, 2.3881, (gDx*23,gDy*1,gDz*0)),rgb(0,1,0.20312));
		draw(
			ellipsoid( (-0.72776,0.44667,-0.52044), (0.62617,0.12319,-0.76989), (0.27977,0.88618,0.36935), 3.7282, 1.8227, 2.5398, (gDx*24,gDy*1,gDz*0)),rgb(0,1,0.015625));
		draw(
			ellipsoid( (0.5196,-0.38299,-0.76376), (-0.84885,-0.12957,-0.51251), (-0.097325,-0.91462,0.39243), 3.2711, 1.0944, 1.1963, (gDx*0,gDy*2,gDz*0)),rgb(0,1,0.76562));
		draw(
			ellipsoid( (-0.20254,0.46522,0.86171), (0.91364,-0.22696,0.33728), (-0.35248,-0.85561,0.37907), 3.375, 0.83284, 1.3131, (gDx*1,gDy*2,gDz*0)),rgb(0,1,1));
		draw(
			ellipsoid( (-0.75134,0.54485,-0.37232), (0.65882,0.65181,-0.37562), (-0.038024,0.52751,0.84869), 1.0175, 1.4296, 3.2398, (gDx*2,gDy*2,gDz*0)),rgb(0,1,0.74219));
		draw(
			ellipsoid( (-0.34131,0.80025,-0.49305), (0.93889,0.31512,-0.13848), (-0.044548,0.51019,0.85891), 1.1261, 1.6652, 3.2744, (gDx*3,gDy*2,gDz*0)),rgb(0,1,0.57812));
		draw(
			ellipsoid( (0.44228,-0.5084,-0.73886), (-0.89188,-0.33613,-0.3026), (0.094514,-0.79281,0.60209), 3.0614, 1.7172, 1.3337, (gDx*4,gDy*2,gDz*0)),rgb(0,1,0.25));
		draw(
			ellipsoid( (-0.57081,0.65396,0.4965), (0.62168,-0.05079,0.78162), (-0.53636,-0.75482,0.37756), 2.7383, 1.3714, 1.5757, (gDx*5,gDy*2,gDz*0)),rgb(0,1,0.039062));
		draw(
			ellipsoid( (-0.75004,0.6047,0.26791), (0.45772,0.76697,-0.44972), (0.47743,0.21468,0.85204), 2.6492, 1.5404, 1.2811, (gDx*6,gDy*2,gDz*0)),rgb(0,1,0.085938));
		draw(
			ellipsoid( (0.84439,-0.53423,-0.039985), (-0.49858,-0.81096,0.3062), (0.19601,0.23862,0.95113), 2.6764, 1.5386, 1.1083, (gDx*7,gDy*2,gDz*0)),rgb(0,1,0.32031));
		draw(
			ellipsoid( (0.87342,-0.48685,-0.010461), (-0.46576,-0.84148,0.27383), (0.14211,0.23429,0.96172), 2.6275, 1.5077, 1.0375, (gDx*8,gDy*2,gDz*0)),rgb(0,1,0.36719));
		draw(
			ellipsoid( (0.98484,-0.17349,-0.00061651), (-0.14083,-0.79736,-0.58685), (-0.10132,-0.57803,0.8097), 2.8077, 0.9269, 1.3581, (gDx*9,gDy*2,gDz*0)),rgb(0,1,0.64844));
		draw(
			ellipsoid( (0.9993,0.0076227,-0.036511), (0.035929,-0.45954,0.88743), (0.010014,0.88812,0.4595), 2.7359, 1.4198, 0.95682, (gDx*10,gDy*2,gDz*0)),rgb(0,1,0.55469));
		draw(
			ellipsoid( (0.99153,0.12937,-0.011165), (0.11772,-0.93187,-0.34317), (0.054801,-0.33895,0.93921), 3.0859, 1.1417, 1.4026, (gDx*11,gDy*2,gDz*0)),rgb(0,1,0.55469));
		draw(
			ellipsoid( (0.9746,0.21547,0.061055), (0.22019,-0.97171,-0.085442), (-0.040917,-0.096715,0.99447), 3.5481, 1.1485, 1.5898, (gDx*12,gDy*2,gDz*0)),rgb(0,1,0.69531));
		draw(
			ellipsoid( (0.91304,0.40426,-0.05411), (0.39802,-0.9121,-0.098219), (0.08906,-0.068141,0.99369), 4.2682, 1.213, 1.9295, (gDx*13,gDy*2,gDz*0)),rgb(0,1,0.83594));
		draw(
			ellipsoid( (0.8871,0.44789,-0.11157), (0.44341,-0.89406,-0.063563), (0.12822,-0.0069135,0.99172), 4.3157, 1.1277, 1.9845, (gDx*14,gDy*2,gDz*0)),rgb(0,1,0.90625));
		draw(
			ellipsoid( (-0.90397,-0.37171,0.21134), (-0.39156,0.9182,-0.059898), (0.17179,0.1369,0.97558), 4.3554, 1.1403, 2.0503, (gDx*15,gDy*2,gDz*0)),rgb(0,1,0.90625));
		draw(
			ellipsoid( (-0.92727,-0.27121,0.2581), (-0.30265,0.94881,-0.090311), (0.2204,0.16186,0.96189), 4.3488, 1.1593, 2.0356, (gDx*16,gDy*2,gDz*0)),rgb(0,1,0.88281));
		draw(
			ellipsoid( (0.94808,0.077231,-0.3085), (0.24896,0.42334,0.87109), (-0.19788,0.90267,-0.38213), 4.2591, 2.1534, 1.1224, (gDx*17,gDy*2,gDz*0)),rgb(0,1,0.90625));
		draw(
			ellipsoid( (0.96154,-0.005447,-0.27461), (0.21979,0.61484,0.75741), (-0.16471,0.78864,-0.59239), 4.2107, 2.172, 1.131, (gDx*18,gDy*2,gDz*0)),rgb(0,1,0.88281));
		draw(
			ellipsoid( (0.95546,-0.24662,-0.16213), (-0.29513,-0.80079,-0.52119), (0.0012938,-0.54582,0.8379), 4.0315, 2.4606, 1.3037, (gDx*19,gDy*2,gDz*0)),rgb(0,1,0.64844));
		draw(
			ellipsoid( (0.94158,-0.32175,-0.09952), (-0.32971,-0.82035,-0.46724), (-0.068692,-0.47276,0.87851), 4.0814, 2.4695, 1.2374, (gDx*20,gDy*2,gDz*0)),rgb(0,1,0.74219));
		draw(
			ellipsoid( (-0.94351,0.32867,-0.041902), (0.19496,0.44846,-0.87228), (0.26791,0.83118,0.48721), 3.9362, 1.3625, 2.4056, (gDx*21,gDy*2,gDz*0)),rgb(0,1,0.55469));
		draw(
			ellipsoid( (0.90962,-0.33081,0.25132), (-0.38516,-0.44475,0.80861), (0.15572,0.83232,0.53197), 3.8634, 1.5785, 2.3595, (gDx*22,gDy*2,gDz*0)),rgb(0,1,0.32031));
		draw(
			ellipsoid( (0.85851,-0.3303,0.39227), (-0.49907,-0.3623,0.78719), (0.11789,0.87158,0.47588), 3.8351, 1.709, 2.4253, (gDx*23,gDy*2,gDz*0)),rgb(0,1,0.17969));
		draw(
			ellipsoid( (-0.7278,0.44667,-0.52038), (0.62612,0.12322,-0.76992), (0.27978,0.88618,0.36935), 3.7283, 1.8227, 2.5399, (gDx*24,gDy*2,gDz*0)),rgb(0,1,0.015625));
		draw(
			ellipsoid( (-0.68925,0.42986,0.58323), (0.56956,0.81901,0.069467), (0.44781,-0.38006,0.80933), 3.1668, 1.3387, 1.0542, (gDx*0,gDy*3,gDz*0)),rgb(0,1,0.69531));
		draw(
			ellipsoid( (-0.3389,0.5139,0.78807), (0.82139,0.57007,-0.018509), (0.45877,-0.64104,0.61531), 3.0457, 1.3095, 1.0244, (gDx*1,gDy*3,gDz*0)),rgb(0,1,0.67188));
		draw(
			ellipsoid( (-0.48723,0.72677,-0.48416), (0.87042,0.35937,-0.33649), (0.070558,0.58537,0.80769), 0.99696, 1.547, 3.2432, (gDx*2,gDy*3,gDz*0)),rgb(0,1,0.74219));
		draw(
			ellipsoid( (-0.23488,-0.58082,-0.77941), (-0.91378,-0.14147,0.38079), (0.33143,-0.80165,0.49751), 3.3342, 1.5498, 1.0289, (gDx*3,gDy*3,gDz*0)),rgb(0,1,0.74219));
		draw(
			ellipsoid( (-0.19498,-0.59901,-0.77664), (-0.92838,-0.14272,0.34315), (0.31639,-0.78792,0.52828), 3.1358, 1.6732, 1.083, (gDx*4,gDy*3,gDz*0)),rgb(0,1,0.57812));
		draw(
			ellipsoid( (-0.16372,-0.75143,-0.63918), (-0.9178,-0.12154,0.37797), (0.3617,-0.64852,0.66977), 2.7304, 1.7092, 1.246, (gDx*5,gDy*3,gDz*0)),rgb(0,1,0.13281));
		draw(
			ellipsoid( (-0.53118,0.36417,-0.765), (0.83974,0.3463,-0.41822), (-0.11262,0.86456,0.48975), 1.1801, 1.7301, 2.6606, (gDx*6,gDy*3,gDz*0)),rgb(0,1,0.17969));
		draw(
			ellipsoid( (-0.44875,0.87392,0.1868), (0.66293,0.46571,-0.5862), (0.59929,0.13922,0.78833), 2.5879, 1.6919, 1.2164, (gDx*7,gDy*3,gDz*0)),rgb(0,1,0.085938));
		draw(
			ellipsoid( (-0.51269,0.84885,0.12885), (0.60861,0.25345,0.7519), (-0.6056,-0.46391,0.64656), 2.6711, 1.2211, 1.7277, (gDx*8,gDy*3,gDz*0)),rgb(0,1,0.13281));
		draw(
			ellipsoid( (-0.85704,0.51309,0.047076), (0.40285,0.61033,0.68206), (-0.32123,-0.60352,0.72978), 2.5523, 1.2132, 1.8361, (gDx*9,gDy*3,gDz*0)),rgb(0,1,0.0625));
		draw(
			ellipsoid( (0.94901,-0.31039,-0.05506), (-0.30382,-0.85401,-0.42233), (-0.084066,-0.41753,0.90477), 2.7792, 1.1192, 1.7441, (gDx*10,gDy*3,gDz*0)),rgb(0,1,0.34375));
		draw(
			ellipsoid( (0.97912,-0.19633,-0.052675), (-0.20155,-0.90393,-0.3772), (-0.026442,-0.37994,0.92463), 2.9141, 1.2302, 1.6879, (gDx*11,gDy*3,gDz*0)),rgb(0,1,0.27344));
		draw(
			ellipsoid( (0.9993,-0.03313,0.017291), (-0.029851,-0.98601,-0.16401), (-0.022483,-0.16338,0.98631), 3.4832, 1.1593, 1.6637, (gDx*12,gDy*3,gDz*0)),rgb(0,1,0.64844));
		draw(
			ellipsoid( (0.98881,0.14674,-0.026874), (0.14188,-0.98071,-0.13443), (0.046082,-0.12912,0.99056), 4.0506, 1.263, 1.7455, (gDx*13,gDy*3,gDz*0)),rgb(0,1,0.74219));
		draw(
			ellipsoid( (0.95748,0.26678,-0.10981), (0.25321,-0.95953,-0.12322), (0.13824,-0.090171,0.98629), 4.0958, 1.262, 1.8635, (gDx*14,gDy*3,gDz*0)),rgb(0,1,0.74219));
		draw(
			ellipsoid( (-0.9283,-0.29207,0.23012), (-0.31271,0.94807,-0.058127), (0.2012,0.12592,0.97142), 4.3125, 1.1812, 2.0027, (gDx*15,gDy*3,gDz*0)),rgb(0,1,0.85938));
		draw(
			ellipsoid( (-0.92754,-0.27004,0.25836), (-0.30077,0.94971,-0.087152), (0.22183,0.15854,0.96211), 4.3447, 1.1593, 2.0358, (gDx*16,gDy*3,gDz*0)),rgb(0,1,0.88281));
		draw(
			ellipsoid( (-0.94784,-0.07703,0.3093), (-0.25015,-0.42163,-0.87158), (-0.19755,0.90349,-0.38037), 4.2557, 2.1534, 1.1233, (gDx*17,gDy*3,gDz*0)),rgb(0,1,0.90625));
		draw(
			ellipsoid( (0.95938,-0.0066938,-0.28205), (0.22729,0.6106,0.75862), (-0.16714,0.79191,-0.58732), 4.1989, 2.1703, 1.141, (gDx*18,gDy*3,gDz*0)),rgb(0,1,0.85938));
		draw(
			ellipsoid( (0.9297,-0.28939,-0.22785), (-0.36725,-0.77552,-0.51351), (0.028101,-0.56109,0.82728), 3.9971, 2.4803, 1.2536, (gDx*19,gDy*3,gDz*0)),rgb(0,1,0.69531));
		draw(
			ellipsoid( (0.92137,-0.33665,-0.1943), (-0.38808,-0.76852,-0.5087), (-0.021933,-0.5441,0.83873), 4.0056, 2.5076, 1.2404, (gDx*20,gDy*3,gDz*0)),rgb(0,1,0.71875));
		draw(
			ellipsoid( (0.92171,-0.37379,-0.10361), (-0.37928,-0.81253,-0.44266), (-0.081273,-0.4473,0.89068), 3.7943, 2.5164, 1.4129, (gDx*21,gDy*3,gDz*0)),rgb(0,1,0.46094));
		draw(
			ellipsoid( (0.9061,-0.42302,0.0064121), (-0.38285,-0.82632,-0.41307), (-0.18003,-0.37182,0.91068), 3.6768, 2.6195, 1.7995, (gDx*22,gDy*3,gDz*0)),rgb(0,1,0.015625));
		draw(
			ellipsoid( (-0.84998,0.49654,-0.17601), (0.42835,0.84589,0.31779), (-0.30667,-0.19472,0.93168), 3.7497, 2.6382, 2.0225, (gDx*23,gDy*3,gDz*0)),rgb(0.17188,1,0));
		draw(
			ellipsoid( (-0.73502,0.62069,-0.27292), (0.60836,0.78143,0.13878), (-0.29941,0.064032,0.95197), 3.806, 2.7172, 2.0248, (gDx*24,gDy*3,gDz*0)),rgb(0.14844,1,0));
		draw(
			ellipsoid( (0.69084,-0.65877,-0.29792), (-0.7133,-0.68831,-0.13204), (0.11808,-0.30373,0.94541), 3.3214, 1.4845, 0.894, (gDx*0,gDy*4,gDz*0)),rgb(0,1,0.88281));
		draw(
			ellipsoid( (0.55821,-0.71731,-0.41698), (-0.81218,-0.57515,-0.097854), (0.16963,-0.39329,0.90363), 3.012, 1.3789, 0.90784, (gDx*1,gDy*4,gDz*0)),rgb(0,1,0.76562));
		draw(
			ellipsoid( (-0.30993,0.59847,-0.73877), (0.94547,0.27588,-0.17316), (-0.10018,0.75214,0.65134), 0.84449, 1.5988, 2.7643, (gDx*2,gDy*4,gDz*0)),rgb(0,1,0.71875));
		draw(
			ellipsoid( (0.29618,0.61478,0.73097), (0.93192,-0.018329,-0.36219), (0.20927,-0.78849,0.57836), 3.1594, 1.4714, 1.0546, (gDx*3,gDy*4,gDz*0)),rgb(0,1,0.64844));
		draw(
			ellipsoid( (0.30639,0.59069,0.74647), (0.91528,0.032621,-0.40149), (0.26151,-0.80624,0.53065), 3.1377, 1.5773, 1.0674, (gDx*4,gDy*4,gDz*0)),rgb(0,1,0.60156));
		draw(
			ellipsoid( (-0.41129,-0.60135,-0.68499), (-0.80732,-0.10855,0.58004), (0.42316,-0.79158,0.44084), 3.0481, 1.6885, 1.1414, (gDx*5,gDy*4,gDz*0)),rgb(0,1,0.46094));
		draw(
			ellipsoid( (-0.36824,-0.70235,-0.60918), (-0.76883,-0.13839,0.6243), (0.52278,-0.69825,0.48902), 2.9509, 1.7277, 1.1205, (gDx*6,gDy*4,gDz*0)),rgb(0,1,0.4375));
		draw(
			ellipsoid( (-0.63395,0.30024,-0.71271), (0.76783,0.13418,-0.62645), (0.092451,0.94438,0.31559), 1.2223, 1.6743, 2.747, (gDx*7,gDy*4,gDz*0)),rgb(0,1,0.17969));
		draw(
			ellipsoid( (-0.733,0.087953,-0.67452), (0.6794,0.14379,-0.71954), (-0.033701,0.98569,0.16515), 1.1479, 1.704, 2.658, (gDx*8,gDy*4,gDz*0)),rgb(0,1,0.22656));
		draw(
			ellipsoid( (-0.70506,0.035111,-0.70828), (0.70915,0.037651,-0.70406), (-0.0019473,0.99867,0.051445), 1.1548, 1.8223, 2.5332, (gDx*9,gDy*4,gDz*0)),rgb(0,1,0.13281));
		draw(
			ellipsoid( (0.87312,-0.47526,-0.10861), (-0.4792,-0.79573,-0.37037), (-0.089598,-0.37542,0.92251), 2.6018, 1.3002, 1.8183, (gDx*10,gDy*4,gDz*0)),rgb(0.03125,1,0));
		draw(
			ellipsoid( (0.91639,-0.38015,-0.12538), (-0.40024,-0.86473,-0.30339), (-0.0069174,-0.3282,0.94458), 2.9874, 1.2189, 1.803, (gDx*11,gDy*4,gDz*0)),rgb(0,1,0.32031));
		draw(
			ellipsoid( (0.95403,-0.29968,-0.0052823), (-0.29248,-0.93466,0.20215), (0.065518,0.19131,0.97934), 4.0236, 1.1172, 1.9047, (gDx*12,gDy*4,gDz*0)),rgb(0,1,0.85938));
		draw(
			ellipsoid( (0.97997,-0.19754,-0.025208), (-0.1839,-0.94627,0.26601), (0.0764,0.25605,0.96364), 4.1195, 1.2239, 2.0561, (gDx*13,gDy*4,gDz*0)),rgb(0,1,0.76562));
		draw(
			ellipsoid( (0.99037,-0.11786,-0.072616), (-0.08967,-0.9458,0.31212), (0.10547,0.30261,0.94726), 3.8808, 1.2886, 2.0672, (gDx*14,gDy*4,gDz*0)),rgb(0,1,0.625));
		draw(
			ellipsoid( (0.95777,0.048849,-0.28335), (0.2714,0.17187,0.947), (-0.094958,0.98391,-0.15135), 3.7699, 2.0734, 1.1032, (gDx*15,gDy*4,gDz*0)),rgb(0,1,0.78906));
		draw(
			ellipsoid( (0.94577,0.054425,-0.32025), (0.30606,0.18105,0.93464), (-0.10885,0.98197,-0.15457), 3.8156, 2.0857, 1.0878, (gDx*16,gDy*4,gDz*0)),rgb(0,1,0.8125));
		draw(
			ellipsoid( (0.94143,0.025492,-0.33624), (0.30632,0.35225,0.88436), (-0.14098,0.93556,-0.32381), 3.9039, 2.0495, 1.2028, (gDx*17,gDy*4,gDz*0)),rgb(0,1,0.71875));
		draw(
			ellipsoid( (0.94064,-0.03047,-0.33804), (0.31211,0.46897,0.82623), (-0.13335,0.88269,-0.45064), 4.0708, 2.0842, 1.256, (gDx*18,gDy*4,gDz*0)),rgb(0,1,0.71875));
		draw(
			ellipsoid( (0.90717,-0.29794,-0.29712), (-0.41902,-0.70399,-0.57343), (0.038324,-0.6447,0.76348), 4.1073, 2.5012, 1.3182, (gDx*19,gDy*4,gDz*0)),rgb(0,1,0.67188));
		draw(
			ellipsoid( (0.83609,-0.42996,-0.34072), (-0.54843,-0.63963,-0.53861), (-0.01365,-0.63719,0.77059), 3.9245, 2.6915, 1.5041, (gDx*20,gDy*4,gDz*0)),rgb(0,1,0.4375));
		draw(
			ellipsoid( (0.79055,-0.54358,-0.28203), (-0.6063,-0.62996,-0.48533), (-0.086151,-0.55468,0.82759), 3.7514, 2.7206, 1.6417, (gDx*21,gDy*4,gDz*0)),rgb(0,1,0.22656));
		draw(
			ellipsoid( (0.73825,-0.64235,-0.20584), (-0.6661,-0.64617,-0.37252), (-0.10628,-0.41212,0.90491), 3.6047, 2.8053, 1.8136, (gDx*22,gDy*4,gDz*0)),rgb(0.03125,1,0));
		draw(
			ellipsoid( (0.7363,-0.67648,-0.015364), (-0.64832,-0.69877,-0.30233), (-0.19378,-0.23256,0.95308), 3.7717, 2.7989, 1.9842, (gDx*23,gDy*4,gDz*0)),rgb(0.125,1,0));
		draw(
			ellipsoid( (0.66051,-0.74426,0.099041), (-0.73062,-0.66752,-0.14356), (-0.17296,-0.022462,0.98467), 3.8949, 2.8199, 1.9862, (gDx*24,gDy*4,gDz*0)),rgb(0.078125,1,0));
		draw(
			ellipsoid( (0.48633,-0.84534,-0.2211), (-0.87206,-0.48543,-0.062201), (0.05475,-0.22307,0.97326), 3.5403, 1.5731, 0.87446, (gDx*0,gDy*5,gDz*0)),rgb(0,1,0.97656));
		draw(
			ellipsoid( (0.37507,-0.8718,-0.31509), (-0.90927,-0.41215,0.057975), (0.1804,-0.26475,0.94729), 3.2467, 1.5029, 0.89665, (gDx*1,gDy*5,gDz*0)),rgb(0,1,0.85938));
		draw(
			ellipsoid( (-0.35951,0.47937,-0.8006), (0.93261,0.15572,-0.32555), (0.031396,0.86369,0.50305), 0.8244, 1.5949, 3.1268, (gDx*2,gDy*5,gDz*0)),rgb(0,1,0.90625));
		draw(
			ellipsoid( (0.36758,0.76087,0.53476), (0.8981,-0.14112,-0.41654), (0.24146,-0.63337,0.73521), 3.1544, 1.5925, 0.91355, (gDx*3,gDy*5,gDz*0)),rgb(0,1,0.78906));
		draw(
			ellipsoid( (-0.46635,-0.6222,-0.62879), (-0.84102,0.091487,0.53322), (0.27424,-0.77749,0.56595), 3.0754, 1.6757, 1.0439, (gDx*4,gDy*5,gDz*0)),rgb(0,1,0.60156));
		draw(
			ellipsoid( (0.6101,0.44752,0.65384), (0.76676,-0.12556,-0.62953), (0.19963,-0.88542,0.41974), 2.9968, 1.7644, 1.0914, (gDx*5,gDy*5,gDz*0)),rgb(0,1,0.48438));
		draw(
			ellipsoid( (0.60918,0.44814,0.65427), (0.76866,-0.13071,-0.62616), (0.19508,-0.88435,0.4241), 2.984, 1.7686, 1.0891, (gDx*6,gDy*5,gDz*0)),rgb(0,1,0.48438));
		draw(
			ellipsoid( (-0.60967,-0.56544,-0.5555), (-0.7411,0.15802,0.65253), (0.28119,-0.80951,0.51539), 2.5577, 1.7085, 1.217, (gDx*7,gDy*5,gDz*0)),rgb(0,1,0.0625));
		draw(
			ellipsoid( (-0.55693,-0.64582,-0.52225), (-0.76037,0.14347,0.63344), (0.33416,-0.74989,0.57097), 2.3822, 1.6681, 1.2179, (gDx*8,gDy*5,gDz*0)),rgb(0.078125,1,0));
		draw(
			ellipsoid( (-0.43334,-0.86366,-0.2575), (-0.74077,0.50407,-0.44405), (-0.51331,0.0016816,0.8582), 2.7104, 1.1653, 1.7424, (gDx*9,gDy*5,gDz*0)),rgb(0,1,0.22656));
		draw(
			ellipsoid( (0.5966,-0.11839,0.79376), (0.69888,0.56284,-0.44133), (0.39451,-0.81804,-0.41853), 1.7007, 1.9662, 2.1811, (gDx*10,gDy*5,gDz*0)),rgb(1,0.89062,0));
		draw(
			ellipsoid( (0.83153,-0.50855,-0.22346), (-0.54243,-0.65674,-0.52389), (-0.11967,-0.55684,0.82196), 2.8022, 1.4279, 1.7081, (gDx*11,gDy*5,gDz*0)),rgb(0.03125,1,0));
		draw(
			ellipsoid( (-0.88829,0.45458,0.065536), (0.42832,0.87144,-0.23902), (0.16576,0.18425,0.9688), 3.974, 1.255, 2.0355, (gDx*12,gDy*5,gDz*0)),rgb(0,1,0.69531));
		draw(
			ellipsoid( (-0.89681,0.43554,0.077736), (0.39476,0.86707,-0.30389), (0.19976,0.24185,0.94953), 4.0748, 1.2209, 2.2868, (gDx*13,gDy*5,gDz*0)),rgb(0,1,0.74219));
		draw(
			ellipsoid( (-0.91102,0.39782,0.10858), (0.34363,0.87793,-0.33342), (0.22797,0.26644,0.93651), 3.9305, 1.23, 2.3667, (gDx*14,gDy*5,gDz*0)),rgb(0,1,0.69531));
		draw(
			ellipsoid( (0.92546,-0.25452,-0.2806), (-0.32918,-0.17366,-0.92816), (-0.18751,-0.95135,0.2445), 3.5431, 2.3088, 1.1573, (gDx*15,gDy*5,gDz*0)),rgb(0,1,0.64844));
		draw(
			ellipsoid( (0.92317,-0.093256,-0.37291), (-0.38327,-0.14907,-0.91153), (-0.029417,-0.98442,0.17336), 3.8695, 2.2774, 0.82898, (gDx*16,gDy*5,gDz*0)),rgb(0,0.85938,1));
		draw(
			ellipsoid( (0.94002,-0.036343,-0.33918), (0.33141,0.33279,0.88284), (-0.08079,0.9423,-0.32488), 3.7743, 2.0737, 1.2205, (gDx*17,gDy*5,gDz*0)),rgb(0,1,0.64844));
		draw(
			ellipsoid( (0.93394,-0.070601,-0.35038), (-0.34896,-0.39212,-0.85116), (0.077297,-0.9172,0.39085), 3.9159, 2.1166, 1.3065, (gDx*18,gDy*5,gDz*0)),rgb(0,1,0.625));
		draw(
			ellipsoid( (0.86294,-0.31099,-0.39826), (-0.50522,-0.54531,-0.66887), (0.0091645,-0.77841,0.62769), 3.8922, 2.4378, 1.5909, (gDx*19,gDy*5,gDz*0)),rgb(0,1,0.32031));
		draw(
			ellipsoid( (0.7756,-0.42818,-0.4638), (-0.63059,-0.49248,-0.59985), (-0.028433,-0.75771,0.65197), 3.8605, 2.649, 1.7783, (gDx*20,gDy*5,gDz*0)),rgb(0,1,0.10938));
		draw(
			ellipsoid( (0.75865,-0.56947,-0.31646), (-0.64676,-0.59987,-0.47101), (-0.078392,-0.56201,0.82341), 3.7222, 2.7501, 1.7194, (gDx*21,gDy*5,gDz*0)),rgb(0,1,0.13281));
		draw(
			ellipsoid( (0.72076,-0.65763,-0.21917), (-0.68425,-0.62435,-0.37681), (-0.11097,-0.42155,0.89999), 3.6039, 2.8116, 1.8077, (gDx*22,gDy*5,gDz*0)),rgb(0.03125,1,0));
		draw(
			ellipsoid( (0.6677,-0.73593,-0.11213), (-0.72081,-0.6015,-0.34444), (-0.18604,-0.31081,0.93209), 3.7014, 2.8566, 1.8538, (gDx*23,gDy*5,gDz*0)),rgb(0.03125,1,0));
		draw(
			ellipsoid( (0.5923,-0.80499,-0.034286), (-0.77735,-0.55973,-0.2871), (-0.21192,-0.1967,0.95729), 3.8134, 2.9652, 1.867, (gDx*24,gDy*5,gDz*0)),rgb(0,1,0.015625));
		draw(
			ellipsoid( (0.99489,-0.00035972,0.10097), (-0.099626,-0.16642,0.98101), (-0.016451,0.98605,0.16561), 1.4711, 1.0031, 3.0706, (gDx*0,gDy*6,gDz*0)),rgb(0,1,0.67188));
		draw(
			ellipsoid( (0.021235,0.98117,0.19199), (0.99777,-0.032957,0.058066), (-0.0633,-0.19033,0.97968), 3.0914, 1.4353, 0.97416, (gDx*1,gDy*6,gDz*0)),rgb(0,1,0.71875));
		draw(
			ellipsoid( (0.14977,0.9276,0.34223), (0.9862,-0.11543,-0.11872), (0.070628,-0.35528,0.93209), 3.0786, 1.4953, 1.0088, (gDx*2,gDy*6,gDz*0)),rgb(0,1,0.64844));
		draw(
			ellipsoid( (0.46729,0.76517,0.44289), (0.87124,-0.31341,-0.37776), (0.15025,-0.56239,0.81311), 3.1792, 1.6396, 0.92043, (gDx*3,gDy*6,gDz*0)),rgb(0,1,0.78906));
		draw(
			ellipsoid( (0.55898,0.65062,0.51403), (0.80539,-0.27861,-0.52318), (0.19718,-0.70645,0.67974), 3.1373, 1.7305, 1.0033, (gDx*4,gDy*6,gDz*0)),rgb(0,1,0.67188));
		draw(
			ellipsoid( (0.62476,0.44077,0.64452), (0.76007,-0.15426,-0.63127), (0.17882,-0.88427,0.43139), 2.9771, 1.7563, 1.1055, (gDx*5,gDy*6,gDz*0)),rgb(0,1,0.46094));
		draw(
			ellipsoid( (0.6939,0.30447,0.65253), (0.71677,-0.20547,-0.66635), (0.06881,-0.9301,0.36081), 2.899, 1.9085, 1.035, (gDx*6,gDy*6,gDz*0)),rgb(0,1,0.53125));
		draw(
			ellipsoid( (0.73715,0.29648,0.60721), (0.67261,-0.23582,-0.70141), (0.064765,-0.92547,0.37325), 2.8472, 1.9656, 1.064, (gDx*7,gDy*6,gDz*0)),rgb(0,1,0.46094));
		draw(
			ellipsoid( (0.80911,0.33519,0.48269), (0.57463,-0.27922,-0.76931), (0.12309,-0.89982,0.41853), 2.7182, 1.9199, 1.0529, (gDx*8,gDy*6,gDz*0)),rgb(0,1,0.41406));
		draw(
			ellipsoid( (0.48209,-0.77786,0.40315), (-0.76997,-0.59571,-0.22865), (-0.41802,0.20019,0.88611), 1.1724, 2.8397, 1.9695, (gDx*9,gDy*6,gDz*0)),rgb(0,1,0.29688));
		draw(
			ellipsoid( (0.50098,-0.76323,0.40804), (-0.77174,-0.60736,-0.18853), (-0.39171,0.22045,0.89329), 1.2123, 2.8007, 2.0194, (gDx*10,gDy*6,gDz*0)),rgb(0,1,0.22656));
		draw(
			ellipsoid( (0.63916,-0.63746,0.43026), (-0.65921,-0.74225,-0.12042), (-0.39612,0.20667,0.89464), 1.3851, 2.4979, 2.0157, (gDx*11,gDy*6,gDz*0)),rgb(0.21875,1,0));
		draw(
			ellipsoid( (-0.74832,-0.24385,0.61689), (-0.65913,0.37799,-0.65014), (0.074636,0.89312,0.44359), 1.7787, 2.1921, 2.4414, (gDx*12,gDy*6,gDz*0)),rgb(0.89844,1,0));
		draw(
			ellipsoid( (-0.48221,0.86255,0.15325), (0.81633,0.50589,-0.2787), (0.31792,0.0092933,0.94807), 3.3305, 1.5657, 2.2185, (gDx*13,gDy*6,gDz*0)),rgb(0,1,0.085938));
		draw(
			ellipsoid( (0.51576,0.67754,-0.52434), (0.75027,-0.65268,-0.10539), (0.41363,0.33903,0.84496), 1.336, 3.588, 2.6064, (gDx*14,gDy*6,gDz*0)),rgb(0,1,0.48438));
		draw(
			ellipsoid( (0.3823,0.78121,-0.49351), (0.85725,-0.4992,-0.12616), (0.34492,0.37483,0.86054), 1.3143, 3.3762, 2.5139, (gDx*15,gDy*6,gDz*0)),rgb(0,1,0.41406));
		draw(
			ellipsoid( (0.20405,0.84548,-0.49348), (0.88795,-0.3721,-0.27035), (0.4122,0.38302,0.82667), 1.2925, 3.4053, 2.4858, (gDx*16,gDy*6,gDz*0)),rgb(0,1,0.46094));
		draw(
			ellipsoid( (0.84208,-0.37072,-0.39174), (-0.52644,-0.40699,-0.74647), (-0.1173,-0.83482,0.53788), 3.2685, 2.2219, 1.5133, (gDx*17,gDy*6,gDz*0)),rgb(0,1,0.10938));
		draw(
			ellipsoid( (0.90666,-0.2063,-0.36799), (-0.41892,-0.33726,-0.84307), (-0.049815,-0.91853,0.3922), 3.6386, 2.2373, 1.5496, (gDx*18,gDy*6,gDz*0)),rgb(0,1,0.25));
		draw(
			ellipsoid( (0.82568,-0.30341,-0.47561), (-0.56179,-0.36518,-0.74232), (-0.051546,-0.88011,0.47197), 3.7452, 2.3455, 1.6205, (gDx*19,gDy*6,gDz*0)),rgb(0,1,0.22656));
		draw(
			ellipsoid( (0.76944,-0.41681,-0.48397), (-0.63642,-0.43609,-0.63624), (-0.054141,-0.79755,0.60081), 3.8161, 2.5516, 1.803, (gDx*20,gDy*6,gDz*0)),rgb(0,1,0.0625));
		draw(
			ellipsoid( (0.66404,-0.62074,-0.41681), (-0.74139,-0.47436,-0.47468), (-0.096932,-0.62423,0.7752), 3.6289, 2.7163, 1.7985, (gDx*21,gDy*6,gDz*0)),rgb(0.0078125,1,0));
		draw(
			ellipsoid( (0.56785,-0.76355,-0.30746), (-0.80848,-0.44723,-0.38255), (-0.15459,-0.4658,0.87128), 3.5158, 2.8113, 1.8222, (gDx*22,gDy*6,gDz*0)),rgb(0.078125,1,0));
		draw(
			ellipsoid( (0.52621,-0.82835,-0.1922), (-0.82576,-0.4438,-0.34807), (-0.20303,-0.34187,0.91755), 3.5591, 2.917, 1.8073, (gDx*23,gDy*6,gDz*0)),rgb(0.03125,1,0));
		draw(
			ellipsoid( (0.2332,0.23131,-0.94452), (0.87222,0.37968,0.30833), (-0.42994,0.89573,0.11321), 1.8368, 3.0046, 3.7055, (gDx*24,gDy*6,gDz*0)),rgb(0,1,0.015625));
		draw(
			ellipsoid( (0.51507,0.85714,-0.0032968), (0.85393,-0.51346,-0.084572), (0.074183,-0.040745,0.99641), 2.8943, 1.5418, 0.87095, (gDx*0,gDy*7,gDz*0)),rgb(0,1,0.74219));
		draw(
			ellipsoid( (0.51581,0.85586,0.03802), (0.85314,-0.50911,-0.11388), (0.078112,-0.091178,0.99277), 2.8746, 1.5564, 0.87462, (gDx*1,gDy*7,gDz*0)),rgb(0,1,0.74219));
		draw(
			ellipsoid( (0.52632,0.82218,0.21683), (0.83977,-0.46264,-0.28415), (0.13331,-0.33164,0.93394), 2.903, 1.6165, 1.0118, (gDx*2,gDy*7,gDz*0)),rgb(0,1,0.55469));
		draw(
			ellipsoid( (0.5254,0.74531,0.41045), (0.82076,-0.31678,-0.47541), (0.22431,-0.58666,0.77815), 3.1587, 1.6238, 1.011, (gDx*3,gDy*7,gDz*0)),rgb(0,1,0.67188));
		draw(
			ellipsoid( (0.56839,0.65439,0.4987), (0.79828,-0.29187,-0.52684), (0.19921,-0.69755,0.68829), 3.1095, 1.7574, 1.001, (gDx*4,gDy*7,gDz*0)),rgb(0,1,0.64844));
		draw(
			ellipsoid( (0.73974,0.4694,0.48213), (0.65915,-0.3614,-0.65948), (0.13531,-0.80564,0.57675), 2.8768, 1.7975, 1.0788, (gDx*5,gDy*7,gDz*0)),rgb(0,1,0.4375));
		draw(
			ellipsoid( (0.80144,0.23188,0.5513), (0.59765,-0.27562,-0.75289), (0.022632,-0.93288,0.35947), 2.7968, 1.9454, 0.9854, (gDx*6,gDy*7,gDz*0)),rgb(0,1,0.55469));
		draw(
			ellipsoid( (0.76814,0.14977,0.62252), (0.6381,-0.25934,-0.72497), (-0.052862,-0.9541,0.29478), 2.7139, 1.956, 1.0141, (gDx*7,gDy*7,gDz*0)),rgb(0,1,0.48438));
		draw(
			ellipsoid( (0.8471,0.11954,0.51781), (0.52918,-0.27938,-0.8012), (-0.048893,-0.95271,0.29992), 2.6228, 1.909, 1.0145, (gDx*8,gDy*7,gDz*0)),rgb(0,1,0.4375));
		draw(
			ellipsoid( (-0.92126,-0.34153,-0.18609), (-0.23501,0.87005,-0.43334), (-0.30991,0.35549,0.88181), 2.673, 1.1612, 1.7874, (gDx*9,gDy*7,gDz*0)),rgb(0,1,0.22656));
		draw(
			ellipsoid( (-0.90857,-0.39742,-0.12864), (-0.30474,0.84124,-0.44661), (-0.28571,0.36658,0.88543), 2.6497, 1.1775, 1.7686, (gDx*10,gDy*7,gDz*0)),rgb(0,1,0.17969));
		draw(
			ellipsoid( (-0.59099,0.79016,-0.16239), (0.79154,0.60685,0.072123), (-0.15554,0.085916,0.98409), 1.05, 2.5173, 1.8508, (gDx*11,gDy*7,gDz*0)),rgb(0,1,0.29688));
		draw(
			ellipsoid( (0.6907,-0.71977,0.069747), (-0.69414,-0.68695,-0.2151), (-0.20274,-0.10015,0.9741), 1.1087, 2.8494, 2.1137, (gDx*12,gDy*7,gDz*0)),rgb(0,1,0.41406));
		draw(
			ellipsoid( (0.799,-0.5955,0.083522), (-0.56298,-0.7896,-0.24408), (-0.2113,-0.148,0.96615), 1.3078, 2.8781, 2.2931, (gDx*13,gDy*7,gDz*0)),rgb(0,1,0.17969));
		draw(
			ellipsoid( (-0.96464,-0.044277,0.25983), (-0.26307,0.22252,-0.93876), (0.016251,0.97392,0.2263), 1.2893, 2.3491, 3.1384, (gDx*14,gDy*7,gDz*0)),rgb(0,1,0.34375));
		draw(
			ellipsoid( (0.64574,0.40898,-0.64478), (0.66183,0.12133,0.73977), (-0.38079,0.90444,0.19233), 1.5014, 2.5612, 2.948, (gDx*15,gDy*7,gDz*0)),rgb(0.0078125,1,0));
		draw(
			ellipsoid( (0.50174,0.64215,-0.57957), (0.606,-0.73905,-0.29423), (0.61727,0.20359,0.75995), 1.639, 3.4317, 2.56, (gDx*16,gDy*7,gDz*0)),rgb(0,1,0.0625));
		draw(
			ellipsoid( (-0.58063,0.73318,0.35401), (0.6094,0.10302,0.78614), (-0.53991,-0.67219,0.50661), 3.4248, 2.3229, 1.8257, (gDx*17,gDy*7,gDz*0)),rgb(0.14844,1,0));
		draw(
			ellipsoid( (0.8427,-0.34002,-0.41742), (-0.4989,-0.20177,-0.84284), (-0.20236,-0.91852,0.33967), 3.4525, 2.427, 1.6554, (gDx*18,gDy*7,gDz*0)),rgb(0,1,0.039062));
		draw(
			ellipsoid( (0.82207,-0.33982,-0.45685), (-0.53662,-0.19419,-0.82117), (-0.19033,-0.92022,0.342), 3.5464, 2.5032, 1.6752, (gDx*19,gDy*7,gDz*0)),rgb(0,1,0.0625));
		draw(
			ellipsoid( (0.70187,-0.43594,-0.56333), (-0.69566,-0.24955,-0.67363), (-0.15308,-0.86469,0.47841), 3.5674, 2.6588, 1.7729, (gDx*20,gDy*7,gDz*0)),rgb(0.0078125,1,0));
		draw(
			ellipsoid( (0.50784,-0.64997,-0.56537), (-0.83601,-0.21352,-0.50547), (-0.20782,-0.72935,0.65181), 3.5815, 2.7724, 1.818, (gDx*21,gDy*7,gDz*0)),rgb(0.054688,1,0));
		draw(
			ellipsoid( (-0.45235,0.7651,0.45826), (0.8574,0.23166,0.45957), (-0.24546,-0.6008,0.76079), 3.4774, 2.8137, 1.899, (gDx*22,gDy*7,gDz*0)),rgb(0.19531,1,0));
		draw(
			ellipsoid( (0.25159,0.46015,-0.85145), (0.8891,0.23768,0.39117), (-0.38237,0.85543,0.34932), 1.8913, 2.9563, 3.4169, (gDx*23,gDy*7,gDz*0)),rgb(0.19531,1,0));
		draw(
			ellipsoid( (0.26454,0.31616,-0.91108), (0.90443,0.24656,0.34817), (-0.33471,0.91611,0.22071), 1.9571, 3.0393, 3.5503, (gDx*24,gDy*7,gDz*0)),rgb(0.17188,1,0));
		draw(
			ellipsoid( (0.61159,0.76077,-0.21722), (0.78948,-0.56886,0.23049), (-0.051787,0.31246,0.94852), 3.2313, 1.329, 0.97099, (gDx*0,gDy*8,gDz*0)),rgb(0,1,0.8125));
		draw(
			ellipsoid( (0.68067,0.72359,-0.11448), (0.7314,-0.68014,0.049775), (0.041845,0.11761,0.99218), 3.2764, 1.4654, 0.94406, (gDx*1,gDy*8,gDz*0)),rgb(0,1,0.8125));
		draw(
			ellipsoid( (0.70117,0.71277,0.017927), (0.71224,-0.69906,-0.063427), (0.032677,-0.057241,0.99783), 3.2399, 1.704, 1.0642, (gDx*2,gDy*8,gDz*0)),rgb(0,1,0.64844));
		draw(
			ellipsoid( (0.63861,0.72819,0.24883), (0.75173,-0.52115,-0.40411), (0.16459,-0.44512,0.88021), 3.0403, 1.6859, 1.1726, (gDx*3,gDy*8,gDz*0)),rgb(0,1,0.41406));
		draw(
			ellipsoid( (0.66738,0.64796,0.3671), (0.72624,-0.45711,-0.51345), (0.16489,-0.60926,0.77563), 2.9646, 1.8657, 1.1545, (gDx*4,gDy*8,gDz*0)),rgb(0,1,0.39062));
		draw(
			ellipsoid( (0.78343,0.48665,0.38653), (0.61058,-0.48671,-0.62475), (0.11591,-0.72545,0.67844), 2.8168, 1.8506, 1.124, (gDx*5,gDy*8,gDz*0)),rgb(0,1,0.34375));
		draw(
			ellipsoid( (0.80907,0.23024,0.54073), (0.58751,-0.2926,-0.75447), (0.01549,-0.9281,0.372), 2.7844, 1.9545, 0.98621, (gDx*6,gDy*8,gDz*0)),rgb(0,1,0.55469));
		draw(
			ellipsoid( (0.77188,0.1424,0.61961), (0.63256,-0.26981,-0.726), (-0.063796,-0.95233,0.29834), 2.7013, 1.9583, 1.0066, (gDx*7,gDy*8,gDz*0)),rgb(0,1,0.48438));
		draw(
			ellipsoid( (0.81045,0.099265,0.57734), (-0.57952,0.27994,0.76537), (0.085648,0.95487,-0.2844), 2.622, 1.9317, 1.0171, (gDx*8,gDy*8,gDz*0)),rgb(0,1,0.4375));
		draw(
			ellipsoid( (0.98136,0.13428,0.13746), (0.092565,-0.9572,0.27422), (-0.1684,0.25638,0.95179), 2.5134, 1.2539, 1.8788, (gDx*9,gDy*8,gDz*0)),rgb(0.03125,1,0));
		draw(
			ellipsoid( (0.98414,0.17682,0.014419), (0.16731,-0.95209,0.256), (-0.058994,0.24952,0.96657), 2.5209, 1.287, 1.8317, (gDx*10,gDy*8,gDz*0)),rgb(0.078125,1,0));
		draw(
			ellipsoid( (-0.38444,0.90073,-0.20223), (0.91787,0.39636,0.020518), (-0.098637,0.17773,0.97912), 1.1632, 2.4263, 1.9599, (gDx*11,gDy*8,gDz*0)),rgb(0,1,0.085938));
		draw(
			ellipsoid( (0.87886,0.47421,0.052281), (0.4711,-0.87991,0.061898), (-0.075355,0.029769,0.99671), 2.9969, 1.1696, 2.1499, (gDx*12,gDy*8,gDz*0)),rgb(0,1,0.41406));
		draw(
			ellipsoid( (0.8633,0.5042,0.022484), (0.50345,-0.86343,0.031965), (-0.03553,0.016276,0.99924), 3.1393, 1.1946, 2.2096, (gDx*13,gDy*8,gDz*0)),rgb(0,1,0.4375));
		draw(
			ellipsoid( (0.8197,0.56298,0.10562), (0.5677,-0.82302,-0.018898), (-0.076286,-0.075449,0.99423), 3.166, 1.3885, 2.2572, (gDx*14,gDy*8,gDz*0)),rgb(0,1,0.20312));
		draw(
			ellipsoid( (0.71787,0.58458,0.37806), (0.69606,-0.61254,-0.37456), (-0.01262,-0.53204,0.84663), 3.2149, 1.7716, 2.3714, (gDx*15,gDy*8,gDz*0)),rgb(0.21875,1,0));
		draw(
			ellipsoid( (-0.62042,-0.21187,0.75511), (-0.78395,0.19486,-0.58945), (0.02225,0.95767,0.28699), 1.9841, 2.428, 3.1514, (gDx*16,gDy*8,gDz*0)),rgb(0.52344,1,0));
		draw(
			ellipsoid( (-0.65854,-0.27961,0.69867), (-0.74512,0.11216,-0.65743), (-0.10546,0.95354,0.2822), 1.9482, 2.298, 3.3147, (gDx*17,gDy*8,gDz*0)),rgb(0.33594,1,0));
		draw(
			ellipsoid( (-0.74041,-0.50791,0.44025), (-0.6655,0.46203,-0.5862), (-0.094334,0.72702,0.68011), 1.9157, 2.4159, 3.0307, (gDx*18,gDy*8,gDz*0)),rgb(0.54688,1,0));
		draw(
			ellipsoid( (-0.488,-0.80486,0.33773), (-0.84759,0.34457,-0.40356), (-0.20844,0.48319,0.85034), 1.8809, 2.7807, 3.2832, (gDx*19,gDy*8,gDz*0)),rgb(0.28906,1,0));
		draw(
			ellipsoid( (-0.45913,-0.80804,0.36915), (-0.8545,0.28806,-0.43226), (-0.24294,0.5139,0.82273), 1.844, 2.8056, 3.4165, (gDx*20,gDy*8,gDz*0)),rgb(0.14844,1,0));
		draw(
			ellipsoid( (-0.4689,-0.76628,0.43926), (-0.87484,0.33444,-0.35044), (-0.12163,0.5486,0.82719), 1.8882, 2.8725, 3.5262, (gDx*21,gDy*8,gDz*0)),rgb(0.14844,1,0));
		draw(
			ellipsoid( (-0.54936,-0.69815,0.45912), (-0.83356,0.41962,-0.35931), (-0.058197,0.58009,0.81247), 1.966, 2.8476, 3.5203, (gDx*22,gDy*8,gDz*0)),rgb(0.24219,1,0));
		draw(
			ellipsoid( (-0.54324,-0.63689,0.54705), (-0.83709,0.3607,-0.41132), (-0.064643,0.68137,0.72908), 2.0138, 2.8886, 3.5143, (gDx*23,gDy*8,gDz*0)),rgb(0.28906,1,0));
		draw(
			ellipsoid( (-0.5336,-0.52781,0.66082), (-0.8287,0.17027,-0.53316), (-0.16889,0.83212,0.52825), 2.0608, 2.9706, 3.5068, (gDx*24,gDy*8,gDz*0)),rgb(0.33594,1,0));
		draw(
			ellipsoid( (-0.62902,-0.62699,0.45958), (-0.62642,0.7589,0.17797), (0.46036,0.17594,0.87012), 3.2489, 1.2909, 0.90565, (gDx*0,gDy*9,gDz*0)),rgb(0,1,0.88281));
		draw(
			ellipsoid( (0.74439,0.62285,-0.24073), (0.64996,-0.75849,0.047357), (0.1531,0.19172,0.96944), 3.129, 1.4942, 0.98673, (gDx*1,gDy*9,gDz*0)),rgb(0,1,0.69531));
		draw(
			ellipsoid( (0.81578,0.57316,-0.077375), (0.57345,-0.81898,-0.020591), (0.075171,0.027574,0.99679), 3.395, 1.7496, 1.0189, (gDx*2,gDy*9,gDz*0)),rgb(0,1,0.74219));
		draw(
			ellipsoid( (0.85408,0.51993,0.014677), (0.50451,-0.82124,-0.26653), (0.12652,-0.23504,0.96372), 3.1946, 1.8378, 1.0977, (gDx*3,gDy*9,gDz*0)),rgb(0,1,0.57812));
		draw(
