	import three;
	import settings;

	surface ellipsoid(triple v1,triple v2,triple v3,real l1,real l2, real l3, triple pos=O) {
		transform3 T = identity(4);
		T[0][0] = l1*v1.x;
		T[1][0] = l1*v1.y;
		T[2][0] = l1*v1.z;
		T[0][1] = l2*v2.x;
		T[1][1] = l2*v2.y;
		T[2][1] = l2*v2.z;
		T[0][2] = l3*v3.x;
		T[1][2] = l3*v3.y;
		T[2][2] = l3*v3.z;
		T[0][3] = pos.x;
		T[1][3] = pos.y;
		T[2][3] = pos.z;
		return T*unitsphere;
	}

	size(200);

	real gDx=4;
	real gDy=4;
	real gDz=4;

	currentprojection=perspective( camera=(gDx*12,gDy*12,25),up=Y, target=(gDx*12,gDy*12,gDz*-0.5));
		draw(
			ellipsoid( (1,0,0), (-1.2246e-16,8.6042e-16,1), (1.2246e-16,1,-1.5124e-16), 1, 3.9412, 1.0588, (gDx*0,gDy*0,gDz*0)),rgb(0,0.90625,1));
		draw(
			ellipsoid( (-0.96858,-0.031169,-0.24673), (-0.24869,0.1214,0.96095), (-4.0922e-16,-0.99211,0.12533), 1, 3.8824, 1.1176, (gDx*1,gDy*0,gDz*0)),rgb(0,1,1));
		draw(
			ellipsoid( (-0.87631,-0.11981,-0.46662), (-0.48175,0.21793,0.84878), (-9.4005e-16,-0.96858,0.24869), 1, 3.8237, 1.1763, (gDx*2,gDy*0,gDz*0)),rgb(0,1,1));
		draw(
			ellipsoid( (-0.72897,-0.252,-0.63648), (-0.68455,0.26835,0.67778), (5.151e-16,-0.92978,0.36812), 1, 3.7649, 1.2351, (gDx*3,gDy*0,gDz*0)),rgb(0,1,1));
		draw(
			ellipsoid( (0.84433,-0.25814,-0.46955), (-0.53583,-0.40676,-0.73989), (0,-0.87631,0.48175), 3.7061, 1, 1.2939, (gDx*4,gDy*0,gDz*0)),rgb(0,1,0.90625));
		draw(
			ellipsoid( (0.95106,-0.18164,-0.25), (-0.30902,-0.55902,-0.76942), (0,-0.80902,0.58779), 3.6473, 1, 1.3527, (gDx*5,gDy*0,gDz*0)),rgb(0,1,0.90625));
		draw(
			ellipsoid( (-0.99803,0.042983,0.045772), (0.062791,0.6832,0.72753), (-1.3928e-16,-0.72897,0.68455), 3.5886, 1, 1.4114, (gDx*6,gDy*0,gDz*0)),rgb(0,1,0.8125));
		draw(
			ellipsoid( (0.98229,0.14438,0.11944), (0.18738,-0.75687,-0.62613), (5.3382e-17,-0.63742,0.77051), 3.5298, 1, 1.4702, (gDx*7,gDy*0,gDz*0)),rgb(0,1,0.8125));
		draw(
			ellipsoid( (0.90483,0.3595,0.22814), (0.42578,-0.76397,-0.48483), (1.0288e-16,-0.53583,0.84433), 3.471, 1, 1.529, (gDx*8,gDy*0,gDz*0)),rgb(0,1,0.8125));
		draw(
			ellipsoid( (0.77051,0.57676,0.2714), (0.63742,-0.69718,-0.32807), (-2.8594e-16,-0.42578,0.90483), 3.4122, 1, 1.5878, (gDx*9,gDy*0,gDz*0)),rgb(0,1,0.71875));
		draw(
			ellipsoid( (0.80902,-0.55902,-0.18164), (1.3878e-16,0.30902,-0.95106), (0.58779,0.76942,0.25), 1, 1.6465, 3.3535, (gDx*10,gDy*0,gDz*0)),rgb(0,1,0.71875));
		draw(
			ellipsoid( (-0.92978,0.3616,0.06898), (0.36812,0.91331,0.17422), (0,-0.18738,0.98229), 1, 3.2947, 1.7053, (gDx*11,gDy*0,gDz*0)),rgb(0,1,0.71875));
		draw(
			ellipsoid( (-0.99211,0.12509,0.0078697), (0.12533,0.99016,0.062295), (6.0629e-18,-0.062791,0.99803), 1, 4.7359, 1.7641, (gDx*12,gDy*0,gDz*0)),rgb(0,0.90625,1));
		draw(
			ellipsoid( (-0.99211,0.12509,-0.0078697), (0.12533,0.99016,-0.062295), (1.3665e-17,0.062791,0.99803), 1, 4.6771, 1.8229, (gDx*13,gDy*0,gDz*0)),rgb(0,0.90625,1));
		draw(
			ellipsoid( (-0.92978,0.3616,-0.06898), (0.36812,0.91331,-0.17422), (8.8133e-17,0.18738,0.98229), 1, 4.6184, 1.8816, (gDx*14,gDy*0,gDz*0)),rgb(0,0.90625,1));
		draw(
			ellipsoid( (-0.80902,0.55902,-0.18164), (0.58779,0.76942,-0.25), (1.5259e-16,0.30902,0.95106), 1, 4.5596, 1.9404, (gDx*15,gDy*0,gDz*0)),rgb(0,0.90625,1));
		draw(
			ellipsoid( (0.77051,0.57676,-0.2714), (0.63742,-0.69718,0.32807), (7.6369e-17,0.42578,0.90483), 4.5008, 1, 1.9992, (gDx*16,gDy*0,gDz*0)),rgb(0,1,1));
		draw(
			ellipsoid( (0.90483,0.3595,-0.22814), (0.42578,-0.76397,0.48483), (1.3584e-16,0.53583,0.84433), 4.442, 1, 2.058, (gDx*17,gDy*0,gDz*0)),rgb(0,1,1));
		draw(
			ellipsoid( (0.98229,0.14438,-0.11944), (0.18738,-0.75687,0.62613), (1.0857e-17,0.63742,0.77051), 4.3833, 1, 2.1167, (gDx*18,gDy*0,gDz*0)),rgb(0,1,1));
		draw(
			ellipsoid( (-0.99803,0.042983,-0.045772), (0.062791,0.6832,-0.72753), (1.0987e-16,0.72897,0.68455), 4.3245, 1, 2.1755, (gDx*19,gDy*0,gDz*0)),rgb(0,1,1));
		draw(
			ellipsoid( (0.95106,-0.18164,0.25), (-0.30902,-0.55902,0.76942), (3.306e-18,0.80902,0.58779), 4.2657, 1, 2.2343, (gDx*20,gDy*0,gDz*0)),rgb(0,1,1));
		draw(
			ellipsoid( (0.84433,-0.25814,0.46955), (-0.53583,-0.40676,0.73989), (-3.3406e-17,0.87631,0.48175), 4.2069, 1, 2.2931, (gDx*21,gDy*0,gDz*0)),rgb(0,1,1));
		draw(
			ellipsoid( (-0.72897,-0.252,0.63648), (-0.68455,0.26835,-0.67778), (-2.5794e-16,0.92978,0.36812), 1, 4.1482, 2.3518, (gDx*22,gDy*0,gDz*0)),rgb(0,1,1));
		draw(
			ellipsoid( (-0.87631,-0.11981,0.46662), (-0.48175,0.21793,-0.84878), (-3.9898e-16,0.96858,0.24869), 1, 4.0894, 2.4106, (gDx*23,gDy*0,gDz*0)),rgb(0,1,1));
		draw(
			ellipsoid( (-0.96858,-0.031169,0.24673), (-0.24869,0.1214,-0.96095), (-2.9404e-16,0.99211,0.12533), 1.75, 4.0306, 2.4694, (gDx*24,gDy*0,gDz*0)),rgb(0,1,0.15625));
		draw(
			ellipsoid( (0.24088,-0.061847,-0.96858), (-0.93815,0.24088,-0.24869), (-0.24869,-0.96858,2.8882e-17), 3.8824, 1, 1.1176, (gDx*0,gDy*1,gDz*0)),rgb(0,1,1));
		draw(
			ellipsoid( (0.031169,0.1214,0.99211), (0.96858,-0.24869,-7.3419e-17), (-0.24673,-0.96095,0.12533), 3.8237, 1, 1.1763, (gDx*1,gDy*1,gDz*0)),rgb(0,1,1));
		draw(
			ellipsoid( (0.18097,-0.29516,-0.93815), (-0.95353,0.18097,-0.24088), (-0.24088,-0.93815,0.24869), 3.7649, 1, 1.2351, (gDx*2,gDy*1,gDz*0)),rgb(0,1,1));
		draw(
			ellipsoid( (0.38639,-0.43226,-0.81477), (-0.89288,0.046155,-0.44792), (-0.23123,-0.90057,0.36812), 3.7061, 1, 1.2939, (gDx*3,gDy*1,gDz*0)),rgb(0,1,0.90625));
		draw(
			ellipsoid( (0.57571,-0.51039,-0.6388), (-0.78808,-0.13814,-0.59987), (-0.21793,-0.84878,0.48175), 3.6473, 1, 1.3527, (gDx*4,gDy*1,gDz*0)),rgb(0,1,0.90625));
		draw(
			ellipsoid( (0.73948,-0.51503,-0.43349), (-0.64241,-0.34744,-0.68308), (-0.20119,-0.7836,0.58779), 3.5886, 1, 1.4114, (gDx*5,gDy*1,gDz*0)),rgb(0,1,0.8125));
		draw(
			ellipsoid( (-0.86857,0.44141,0.22526), (0.46122,0.55374,0.69329), (-0.18129,-0.70607,0.68455), 3.5298, 1, 1.4702, (gDx*6,gDy*1,gDz*0)),rgb(0,1,0.8125));
		draw(
			ellipsoid( (0.95464,-0.29506,-0.040024), (-0.25206,-0.72922,-0.63617), (-0.15852,-0.6174,0.77051), 3.471, 1, 1.529, (gDx*7,gDy*1,gDz*0)),rgb(0,1,0.8125));
		draw(
			ellipsoid( (0.99077,-0.091044,0.1004), (-0.13325,-0.51899,0.84433), (0.024762,0.84992,0.52634), 3.4122, 1.5878, 1, (gDx*8,gDy*1,gDz*0)),rgb(0,1,0.71875));
		draw(
			ellipsoid( (0.97221,0.14813,0.18129), (0.2088,-0.89888,-0.38526), (-0.10589,-0.4124,0.90483), 3.3535, 1, 1.6465, (gDx*9,gDy*1,gDz*0)),rgb(0,1,0.71875));
		draw(
			ellipsoid( (0.89707,0.39556,0.19697), (0.43516,-0.8683,-0.2381), (-0.076849,-0.29931,0.95106), 3.2947, 1, 1.7053, (gDx*10,gDy*1,gDz*0)),rgb(0,1,0.71875));
		draw(
			ellipsoid( (0.76695,0.62354,0.15159), (0.64001,-0.76043,-0.11014), (-0.0466,-0.18149,0.98229), 3.2359, 1, 1.7641, (gDx*11,gDy*1,gDz*0)),rgb(0,1,0.71875));
		draw(
			ellipsoid( (0.58733,0.80724,0.058381), (0.8092,-0.58708,-0.023115), (-0.015615,-0.060818,0.99803), 4.6771, 1, 1.8229, (gDx*12,gDy*1,gDz*0)),rgb(0,0.90625,1));
		draw(
			ellipsoid( (0.36764,0.92788,-0.062295), (0.92984,-0.36789,0.0078697), (0.015615,0.060818,0.99803), 4.6184, 1, 1.8816, (gDx*13,gDy*1,gDz*0)),rgb(0,0.90625,1));
		draw(
			ellipsoid( (0.36375,0.91276,-0.1859), (0.93033,-0.36597,0.023485), (0.0466,0.18149,0.98229), 4.5596, 1, 1.9404, (gDx*14,gDy*1,gDz*0)),rgb(0,0.90625,1));
		draw(
			ellipsoid( (0.57647,0.76494,-0.28732), (0.8135,-0.57033,0.11376), (0.076849,0.29931,0.95106), 4.5008, 1, 1.9992, (gDx*15,gDy*1,gDz*0)),rgb(0,1,1));
		draw(
			ellipsoid( (0.75136,0.56285,-0.34446), (0.65134,-0.71633,0.25027), (0.10589,0.4124,0.90483), 4.442, 1, 2.058, (gDx*16,gDy*1,gDz*0)),rgb(0,1,1));
		draw(
			ellipsoid( (0.88015,0.32967,-0.34155), (0.45561,-0.78865,0.41286), (0.13325,0.51899,0.84433), 4.3833, 1, 2.1167, (gDx*17,gDy*1,gDz*0)),rgb(0,1,1));
		draw(
			ellipsoid( (0.95799,0.09274,-0.2714), (0.23902,-0.78117,0.57676), (0.15852,0.6174,0.77051), 4.3245, 1, 2.1755, (gDx*18,gDy*1,gDz*0)),rgb(0,1,1));
		draw(
			ellipsoid( (0.98333,-0.12004,-0.1366), (-0.18129,-0.70607,-0.68455), (0.01427,-0.6979,0.71606), 4.2657, 2.2343, 1, (gDx*19,gDy*1,gDz*0)),rgb(0,1,1));
		draw(
			ellipsoid( (0.95749,-0.28395,0.050799), (-0.20671,-0.55258,0.80742), (0.20119,0.7836,0.58779), 4.2069, 1, 2.2931, (gDx*20,gDy*1,gDz*0)),rgb(0,1,1));
		draw(
			ellipsoid( (-0.88415,0.38071,-0.27079), (0.41325,0.36693,-0.83342), (0.21793,0.84878,0.48175), 4.1482, 1, 2.3518, (gDx*21,gDy*1,gDz*0)),rgb(0,1,1));
		draw(
			ellipsoid( (-0.76875,0.40103,-0.4982), (0.59629,0.1678,-0.78504), (0.23123,0.90057,0.36812), 4.0894, 1, 2.4106, (gDx*22,gDy*1,gDz*0)),rgb(0,1,1));
		draw(
			ellipsoid( (-0.61796,0.34583,-0.70607), (0.7484,-0.016396,-0.66304), (0.24088,0.93815,0.24869), 4.0306, 1.75, 2.4694, (gDx*23,gDy*1,gDz*0)),rgb(0,1,0.15625));
		draw(
			ellipsoid( (-0.4393,0.22619,-0.8694), (0.86379,-0.15945,-0.47795), (0.24673,0.96095,0.12533), 3.9718, 1.75, 2.5282, (gDx*24,gDy*1,gDz*0)),rgb(0,1,0.15625));
		draw(
			ellipsoid( (-0.42216,0.23209,0.87631), (0.76791,-0.42216,0.48175), (-0.48175,-0.87631,7.3464e-16), 3.8237, 1, 1.1763, (gDx*0,gDy*2,gDz*0)),rgb(0,1,1));
		draw(
			ellipsoid( (-0.15945,0.22619,0.96095), (0.86379,-0.4393,0.24673), (-0.47795,-0.8694,0.12533), 3.7649, 1, 1.2351, (gDx*1,gDy*2,gDz*0)),rgb(0,1,1));
		draw(
			ellipsoid( (-0.11981,-0.21793,-0.96858), (-0.87631,0.48175,-2.3767e-16), (-0.46662,-0.84878,0.24869), 3.7061, 1, 1.2939, (gDx*2,gDy*2,gDz*0)),rgb(0,1,0.90625));
		draw(
			ellipsoid( (-0.89288,0.38639,-0.23123), (0.44792,0.81477,-0.36812), (-0.046155,0.43226,0.90057), 1, 1.3527, 3.6473, (gDx*3,gDy*2,gDz*0)),rgb(0,1,0.90625));
		draw(
			ellipsoid( (-0.21878,0.60203,0.76791), (0.87972,-0.21878,0.42216), (-0.42216,-0.76791,0.48175), 3.5886, 1, 1.4114, (gDx*4,gDy*2,gDz*0)),rgb(0,1,0.8125));
		draw(
			ellipsoid( (-0.39345,0.70526,0.58975), (0.83264,0.0014133,0.55381), (-0.38975,-0.70895,0.58779), 3.5298, 1, 1.4702, (gDx*5,gDy*2,gDz*0)),rgb(0,1,0.8125));
		draw(
			ellipsoid( (-0.56318,0.72819,0.3906), (0.74799,0.24835,0.61549), (-0.35118,-0.6388,0.68455), 3.471, 1, 1.529, (gDx*6,gDy*2,gDz*0)),rgb(0,1,0.8125));
		draw(
			ellipsoid( (-0.71871,0.66683,0.19697), (0.62382,0.49329,0.60623), (-0.30708,-0.55858,0.77051), 3.4122, 1, 1.5878, (gDx*7,gDy*2,gDz*0)),rgb(0,1,0.71875));
		draw(
			ellipsoid( (-0.84904,0.52726,0.033645), (0.46098,0.70818,0.53477), (-0.25814,-0.46955,0.84433), 3.3535, 1, 1.6465, (gDx*8,gDy*2,gDz*0)),rgb(0,1,0.71875));
		draw(
			ellipsoid( (-0.94247,0.32464,-0.079783), (0.26398,0.86913,0.41824), (-0.20512,-0.37311,0.90483), 3.2947, 1, 1.7053, (gDx*9,gDy*2,gDz*0)),rgb(0,1,0.71875));
		draw(
			ellipsoid( (0.98799,-0.081052,0.13157), (-0.14887,-0.27079,0.95106), (0.041456,0.95922,0.27961), 3.2359, 1.7641, 1, (gDx*10,gDy*2,gDz*0)),rgb(0,1,0.71875));
		draw(
			ellipsoid( (0.97685,0.17749,0.11944), (0.19396,-0.97033,-0.14438), (-0.090272,-0.1642,0.98229), 3.1771, 1, 1.8229, (gDx*11,gDy*2,gDz*0)),rgb(0,1,0.625));
		draw(
			ellipsoid( (0.90406,0.42438,0.050799), (0.42634,-0.90381,-0.036907), (-0.03025,-0.055024,0.99803), 4.6184, 1, 1.8816, (gDx*12,gDy*2,gDz*0)),rgb(0,0.90625,1));
		draw(
			ellipsoid( (0.76963,0.63582,-0.058381), (0.63777,-0.76988,0.023115), (0.03025,0.055024,0.99803), 4.5596, 1, 1.9404, (gDx*13,gDy*2,gDz*0)),rgb(0,0.90625,1));
		draw(
			ellipsoid( (0.57932,0.79362,-0.1859), (0.81009,-0.58584,0.023485), (0.090272,0.1642,0.98229), 4.5008, 1, 1.9992, (gDx*14,gDy*2,gDz*0)),rgb(0,1,1));
		draw(
			ellipsoid( (0.56439,0.76647,-0.30658), (0.81197,-0.58241,0.03873), (0.14887,0.27079,0.95106), 4.442, 1, 2.058, (gDx*15,gDy*2,gDz*0)),rgb(0,1,1));
		draw(
			ellipsoid( (-0.72788,-0.55988,0.39588), (-0.6543,0.73981,-0.15674), (0.20512,0.37311,0.90483), 4.3833, 1, 2.1167, (gDx*16,gDy*2,gDz*0)),rgb(0,1,1));
		draw(
			ellipsoid( (-0.84415,-0.31542,0.43349), (-0.46986,0.82464,-0.31495), (0.25814,0.46955,0.84433), 4.3245, 1, 2.1755, (gDx*17,gDy*2,gDz*0)),rgb(0,1,1));
		draw(
			ellipsoid( (-0.91182,-0.059195,0.40631), (-0.27257,0.82734,-0.49114), (0.30708,0.55858,0.77051), 4.2657, 1, 2.2343, (gDx*18,gDy*2,gDz*0)),rgb(0,1,1));
		draw(
			ellipsoid( (0.93332,-0.18049,-0.31038), (-0.35118,-0.6388,-0.68455), (0.074717,-0.7479,0.65959), 4.2069, 2.2931, 1, (gDx*19,gDy*2,gDz*0)),rgb(0,1,1));
		draw(
			ellipsoid( (0.91385,-0.3767,-0.15159), (-0.38975,-0.70895,-0.58779), (-0.11395,-0.59623,0.79469), 4.1482, 2.3518, 1, (gDx*20,gDy*2,gDz*0)),rgb(0,1,1));
		draw(
			ellipsoid( (-0.86,0.50731,-0.055024), (0.42216,0.76791,0.48175), (-0.28665,-0.39108,0.87458), 4.0894, 2.4106, 1, (gDx*21,gDy*2,gDz*0)),rgb(0,1,1));
		draw(
			ellipsoid( (-0.77861,0.55786,-0.28732), (0.44792,0.81477,0.36812), (-0.43946,-0.15793,0.88427), 4.0306, 2.4694, 1.75, (gDx*22,gDy*2,gDz*0)),rgb(0,1,0.15625));
		draw(
			ellipsoid( (-0.67569,0.52353,-0.51899), (0.57071,-0.074133,-0.8178), (0.46662,0.84878,0.24869), 3.9718, 1.75, 2.5282, (gDx*23,gDy*2,gDz*0)),rgb(0,1,0.15625));
		draw(
			ellipsoid( (-0.55586,0.40985,-0.72322), (0.68013,-0.276,-0.67915), (0.47795,0.8694,0.12533), 3.9131, 1.75, 2.5869, (gDx*24,gDy*2,gDz*0)),rgb(0,1,0.15625));
		draw(
			ellipsoid( (-0.49901,0.4686,0.72897), (0.68455,0.72897,-1.3327e-15), (0.5314,-0.49901,0.68455), 3.7649, 1.2351, 1, (gDx*0,gDy*3,gDz*0)),rgb(0,1,1));
		draw(
			ellipsoid( (-0.276,0.40985,0.8694), (0.68013,-0.55586,0.47795), (-0.67915,-0.72322,0.12533), 3.7061, 1, 1.2939, (gDx*1,gDy*3,gDz*0)),rgb(0,1,0.90625));
		draw(
			ellipsoid( (-0.7484,0.61796,-0.24088), (0.66304,0.70607,-0.24869), (-0.016396,0.34583,0.93815), 1, 1.3527, 3.6473, (gDx*2,gDy*3,gDz*0)),rgb(0,1,0.90625));
		draw(
			ellipsoid( (-0.252,-0.26835,-0.92978), (-0.72897,0.68455,-2.2082e-16), (-0.63648,-0.67778,0.36812), 3.5886, 1, 1.4114, (gDx*3,gDy*3,gDz*0)),rgb(0,1,0.8125));
		draw(
			ellipsoid( (-0.13814,-0.51039,-0.84878), (-0.78808,0.57571,-0.21793), (-0.59987,-0.6388,0.48175), 3.5298, 1, 1.4702, (gDx*4,gDy*3,gDz*0)),rgb(0,1,0.8125));
		draw(
			ellipsoid( (-0.83264,0.39345,-0.38975), (0.55381,0.58975,-0.58779), (0.0014133,0.70526,0.70895), 1, 1.529, 3.471, (gDx*5,gDy*3,gDz*0)),rgb(0,1,0.8125));
		draw(
			ellipsoid( (-0.85218,0.15742,-0.49901), (-0.49901,-0.5314,0.68455), (-0.15742,0.83237,0.5314), 1, 1.5878, 3.4122, (gDx*6,gDy*3,gDz*0)),rgb(0,1,0.71875));
		draw(
			ellipsoid( (-0.33287,0.87895,0.34155), (0.83594,0.10744,0.53819), (-0.43635,-0.46466,0.77051), 3.3535, 1, 1.6465, (gDx*7,gDy*3,gDz*0)),rgb(0,1,0.71875));
		draw(
			ellipsoid( (-0.51468,0.84124,0.16558), (0.77496,0.37383,0.5096), (-0.3668,-0.3906,0.84433), 3.2947, 1, 1.7053, (gDx*8,gDy*3,gDz*0)),rgb(0,1,0.71875));
		draw(
			ellipsoid( (-0.68864,0.72461,0.026735), (0.66395,0.61531,0.42494), (-0.29147,-0.31038,0.90483), 3.2359, 1, 1.7641, (gDx*9,gDy*3,gDz*0)),rgb(0,1,0.71875));
		draw(
			ellipsoid( (-0.83805,0.54251,-0.057904), (0.50292,0.80928,0.30354), (-0.21154,-0.22526,0.95106), 3.1771, 1, 1.8229, (gDx*10,gDy*3,gDz*0)),rgb(0,1,0.625));
		draw(
			ellipsoid( (0.94589,-0.31451,0.079783), (-0.29805,-0.93937,-0.16955), (-0.12827,-0.1366,0.98229), 3.1184, 1, 1.8816, (gDx*11,gDy*3,gDz*0)),rgb(0,1,0.625));
		draw(
			ellipsoid( (0.99717,-0.063707,0.040024), (-0.06175,-0.99692,-0.048381), (-0.042983,-0.045772,0.99803), 4.5596, 1, 1.9404, (gDx*12,gDy*3,gDz*0)),rgb(0,0.90625,1));
		draw(
			ellipsoid( (0.98119,0.18622,-0.050799), (0.18818,-0.98144,0.036907), (0.042983,0.045772,0.99803), 4.5008, 1, 1.9992, (gDx*13,gDy*3,gDz*0)),rgb(0,1,1));
		draw(
			ellipsoid( (0.89355,0.41377,-0.17422), (0.43024,-0.90007,0.06898), (0.12827,0.1366,0.98229), 4.442, 1, 2.058, (gDx*14,gDy*3,gDz*0)),rgb(0,1,1));
		draw(
			ellipsoid( (-0.73727,-0.60203,0.30658), (-0.64162,0.76604,-0.03873), (0.21154,0.22526,0.95106), 4.3833, 1, 2.1167, (gDx*15,gDy*3,gDz*0)),rgb(0,1,1));
		draw(
			ellipsoid( (-0.70588,-0.56859,0.42242), (-0.64559,0.76182,-0.053364), (0.29147,0.31038,0.90483), 4.3245, 1, 2.1755, (gDx*16,gDy*3,gDz*0)),rgb(0,1,1));
		draw(
			ellipsoid( (-0.80575,-0.32027,0.4982), (-0.46501,0.86305,-0.19725), (0.3668,0.3906,0.84433), 4.2657, 1, 2.2343, (gDx*17,gDy*3,gDz*0)),rgb(0,1,1));
		draw(
			ellipsoid( (-0.8552,-0.052042,0.51569), (-0.43635,-0.46466,-0.77051), (-0.27972,0.88396,-0.37467), 4.2069, 2.2931, 1, (gDx*18,gDy*3,gDz*0)),rgb(0,1,1));
		draw(
			ellipsoid( (0.86038,-0.20937,-0.46466), (-0.49901,-0.5314,-0.68455), (0.1036,-0.82084,0.56168), 4.1482, 2.3518, 1, (gDx*19,gDy*3,gDz*0)),rgb(0,1,1));
		draw(
			ellipsoid( (0.83091,-0.43696,-0.34446), (-0.55381,-0.58975,-0.58779), (-0.053693,-0.67916,0.73202), 4.0894, 2.4106, 1, (gDx*20,gDy*3,gDz*0)),rgb(0,1,1));
		draw(
			ellipsoid( (0.77785,-0.60662,-0.1642), (-0.59987,-0.6388,-0.48175), (-0.18735,-0.47323,0.86078), 4.0306, 2.4694, 1.75, (gDx*21,gDy*3,gDz*0)),rgb(0,1,0.15625));
		draw(
			ellipsoid( (-0.71171,0.70005,-0.058381), (0.63648,0.67778,0.36812), (-0.29727,-0.22484,0.92794), 3.9718, 2.5282, 1.75, (gDx*22,gDy*3,gDz*0)),rgb(0,1,0.15625));
		draw(
			ellipsoid( (-0.64068,0.70706,-0.29931), (0.66304,0.70607,0.24869), (-0.38717,0.039122,0.92118), 3.9131, 2.5869, 1.75, (gDx*23,gDy*3,gDz*0)),rgb(0,1,0.15625));
		draw(
			ellipsoid( (-0.56952,0.62694,-0.5316), (0.67915,0.72322,0.12533), (-0.46304,0.28966,0.83767), 3.8543, 2.6457, 1.75, (gDx*24,gDy*3,gDz*0)),rgb(0,1,0.15625));
		draw(
			ellipsoid( (0.45241,-0.71289,-0.53583), (-0.84433,-0.53583,-7.5127e-18), (0.28711,-0.45241,0.84433), 3.7061, 1.2939, 1, (gDx*0,gDy*4,gDz*0)),rgb(0,1,0.90625));
		draw(
			ellipsoid( (-0.28966,0.62694,0.72322), (0.83767,0.5316,-0.12533), (0.46304,-0.56952,0.67915), 3.6473, 1.3527, 1, (gDx*1,gDy*4,gDz*0)),rgb(0,1,0.90625));
		draw(
			ellipsoid( (-0.57071,0.67569,-0.46662), (0.8178,0.51899,-0.24869), (-0.074133,0.52353,0.84878), 1, 1.4114, 3.5886, (gDx*2,gDy*4,gDz*0)),rgb(0,1,0.8125));
		draw(
			ellipsoid( (-0.1678,-0.40103,-0.90057), (-0.78504,-0.4982,0.36812), (0.59629,-0.76875,0.23123), 3.5298, 1.4702, 1, (gDx*3,gDy*4,gDz*0)),rgb(0,1,0.8125));
		draw(
			ellipsoid( (-0.40676,-0.25814,-0.87631), (-0.73989,-0.46955,0.48175), (0.53583,-0.84433,1.7514e-16), 3.471, 1.529, 1, (gDx*4,gDy*4,gDz*0)),rgb(0,1,0.8125));
		draw(
			ellipsoid( (-0.34744,-0.51503,-0.7836), (-0.68308,-0.43349,0.58779), (0.64241,-0.73948,0.20119), 3.4122, 1.5878, 1, (gDx*5,gDy*4,gDz*0)),rgb(0,1,0.71875));
		draw(
			ellipsoid( (-0.24835,-0.72819,-0.6388), (-0.74799,0.56318,-0.35118), (-0.61549,-0.3906,0.68455), 3.3535, 1, 1.6465, (gDx*6,gDy*4,gDz*0)),rgb(0,1,0.71875));
		draw(
			ellipsoid( (-0.83594,0.33287,-0.43635), (0.53819,0.34155,-0.77051), (0.10744,0.87895,0.46466), 1, 1.7053, 3.2947, (gDx*7,gDy*4,gDz*0)),rgb(0,1,0.71875));
		draw(
			ellipsoid( (-0.88902,0.070428,-0.45241), (-0.45241,-0.28711,0.84433), (0.070428,-0.9553,-0.28711), 1, 1.7641, 3.2359, (gDx*8,gDy*4,gDz*0)),rgb(0,1,0.71875));
		draw(
			ellipsoid( (-0.27352,0.95282,0.13157), (0.89216,0.20019,0.40494), (-0.3595,-0.22814,0.90483), 3.1771, 1, 1.8229, (gDx*9,gDy*4,gDz*0)),rgb(0,1,0.625));
		draw(
			ellipsoid( (-0.48435,0.87466,0.019403), (0.83506,0.45558,0.30841), (-0.26091,-0.16558,0.95106), 3.1184, 1, 1.8816, (gDx*10,gDy*4,gDz*0)),rgb(0,1,0.625));
		draw(
			ellipsoid( (-0.68174,0.73075,-0.035112), (0.71428,0.67522,0.18406), (-0.15821,-0.1004,0.98229), 3.0596, 1, 1.9404, (gDx*11,gDy*4,gDz*0)),rgb(0,1,0.625));
		draw(
			ellipsoid( (0.84362,-0.53628,0.026735), (-0.53432,-0.84337,-0.056815), (-0.053016,-0.033645,0.99803), 4.5008, 1, 1.9992, (gDx*12,gDy*4,gDz*0)),rgb(0,1,1));
		draw(
			ellipsoid( (0.94999,-0.30969,-0.040024), (-0.30773,-0.95024,0.048381), (0.053016,0.033645,0.99803), 4.442, 1, 2.058, (gDx*13,gDy*4,gDz*0)),rgb(0,1,1));
		draw(
			ellipsoid( (0.98593,-0.070469,-0.15159), (-0.15821,-0.1004,-0.98229), (-0.054,-0.99245,0.11014), 4.3833, 2.1167, 1, (gDx*14,gDy*4,gDz*0)),rgb(0,1,1));
		draw(
			ellipsoid( (-0.94386,-0.163,0.28732), (-0.26091,-0.16558,-0.95106), (-0.20259,0.97263,-0.11376), 4.3245, 2.1755, 1, (gDx*15,gDy*4,gDz*0)),rgb(0,1,1));
		draw(
			ellipsoid( (-0.8251,-0.37519,0.42242), (-0.3595,-0.22814,-0.90483), (-0.43585,0.89844,-0.053364), 4.2657, 2.2343, 1, (gDx*16,gDy*4,gDz*0)),rgb(0,1,1));
		draw(
			ellipsoid( (-0.77443,-0.34302,0.5316), (-0.45241,-0.28711,-0.84433), (-0.44225,0.89437,-0.067157), 4.2069, 2.2931, 1, (gDx*17,gDy*4,gDz*0)),rgb(0,1,1));
		draw(
			ellipsoid( (-0.80213,-0.073051,0.59266), (-0.53819,-0.34155,-0.77051), (-0.25871,0.93702,-0.23465), 4.1482, 2.3518, 1, (gDx*18,gDy*4,gDz*0)),rgb(0,1,1));
		draw(
			ellipsoid( (0.78255,-0.19954,-0.58975), (-0.61549,-0.3906,-0.68455), (0.093764,-0.89867,0.42848), 4.0894, 2.4106, 1, (gDx*19,gDy*4,gDz*0)),rgb(0,1,1));
		draw(
			ellipsoid( (0.7292,-0.44981,-0.51569), (-0.68308,-0.43349,-0.58779), (-0.040844,-0.78087,0.62336), 4.0306, 2.4694, 1.75, (gDx*20,gDy*4,gDz*0)),rgb(0,1,0.15625));
		draw(
			ellipsoid( (0.65802,-0.65406,-0.37311), (-0.73989,-0.46955,-0.48175), (-0.1399,-0.59307,0.79291), 3.9718, 2.5282, 1.75, (gDx*21,gDy*4,gDz*0)),rgb(0,1,0.15625));
		draw(
			ellipsoid( (0.58458,-0.79241,-0.17422), (-0.78504,-0.4982,-0.36812), (-0.20491,-0.35197,0.91331), 3.9131, 2.5869, 1.75, (gDx*22,gDy*4,gDz*0)),rgb(0,1,0.15625));
		draw(
			ellipsoid( (0.52158,-0.85103,0.060818), (-0.8178,-0.51899,-0.24869), (-0.24321,-0.079976,0.96667), 3.8543, 2.6457, 1.75, (gDx*23,gDy*4,gDz*0)),rgb(0,1,0.15625));
		draw(
			ellipsoid( (-0.4769,0.82376,-0.30658), (0.83767,0.5316,0.12533), (-0.26622,0.19704,0.94356), 3.7955, 2.7045, 1.75, (gDx*24,gDy*4,gDz*0)),rgb(0,1,0.0625));
		draw(
			ellipsoid( (0.29389,-0.90451,-0.30902), (-0.95106,-0.30902,3.7057e-17), (0.095492,-0.29389,0.95106), 3.6473, 1.3527, 1, (gDx*0,gDy*5,gDz*0)),rgb(0,1,0.90625));
		draw(
			ellipsoid( (0.19704,-0.82376,-0.5316), (-0.94356,-0.30658,0.12533), (0.26622,-0.4769,0.83767), 3.5886, 1.4114, 1, (gDx*1,gDy*5,gDz*0)),rgb(0,1,0.8125));
		draw(
			ellipsoid( (0.92118,0.29931,-0.24869), (0.38717,-0.64068,0.66304), (-0.039122,0.70706,0.70607), 1.4702, 1, 3.5298, (gDx*2,gDy*5,gDz*0)),rgb(0,1,0.8125));
		draw(
			ellipsoid( (-0.15793,-0.55786,-0.81477), (-0.88427,-0.28732,0.36812), (0.43946,-0.77861,0.44792), 3.471, 1.529, 1, (gDx*3,gDy*5,gDz*0)),rgb(0,1,0.8125));
		draw(
			ellipsoid( (-0.36693,-0.38071,-0.84878), (-0.83342,-0.27079,0.48175), (0.41325,-0.88415,0.21793), 3.4122, 1.5878, 1, (gDx*4,gDy*5,gDz*0)),rgb(0,1,0.71875));
		draw(
			ellipsoid( (-0.55902,-0.18164,-0.80902), (-0.76942,-0.25,0.58779), (0.30902,-0.95106,8.8729e-17), 3.3535, 1.6465, 1, (gDx*5,gDy*5,gDz*0)),rgb(0,1,0.71875));
		draw(
			ellipsoid( (-0.55374,-0.44141,-0.70607), (-0.69329,-0.22526,0.68455), (0.46122,-0.86857,0.18129), 3.2947, 1.7053, 1, (gDx*6,gDy*5,gDz*0)),rgb(0,1,0.71875));
		draw(
			ellipsoid( (-0.49329,-0.66683,-0.55858), (-0.62382,0.71871,-0.30708), (-0.60623,-0.19697,0.77051), 3.2359, 1, 1.7641, (gDx*7,gDy*5,gDz*0)),rgb(0,1,0.71875));
		draw(
			ellipsoid( (-0.37383,-0.84124,-0.3906), (-0.77496,0.51468,-0.3668), (-0.5096,-0.16558,0.84433), 3.1771, 1, 1.8229, (gDx*8,gDy*5,gDz*0)),rgb(0,1,0.625));
		draw(
			ellipsoid( (-0.20019,-0.95282,-0.22814), (-0.89216,0.27352,-0.3595), (-0.40494,-0.13157,0.90483), 3.1184, 1, 1.8816, (gDx*9,gDy*5,gDz*0)),rgb(0,1,0.625));
		draw(
			ellipsoid( (-0.95573,0.014384,-0.29389), (-0.29389,-0.095492,0.95106), (0.014384,-0.99533,-0.095492), 1, 1.9404, 3.0596, (gDx*10,gDy*5,gDz*0)),rgb(0,1,0.625));
		draw(
			ellipsoid( (-0.95177,-0.24323,-0.18701), (-0.24975,0.96824,0.011766), (-0.17821,-0.057904,0.98229), 1, 3.0008, 1.9992, (gDx*11,gDy*5,gDz*0)),rgb(0,1,0.625));
		draw(
			ellipsoid( (0.4814,-0.87642,0.011766), (-0.87446,-0.48115,-0.061678), (-0.059717,-0.019403,0.99803), 4.442, 1, 2.058, (gDx*12,gDy*5,gDz*0)),rgb(0,1,1));
		draw(
			ellipsoid( (0.68375,-0.72923,-0.026735), (-0.72727,-0.684,0.056815), (0.059717,0.019403,0.99803), 4.3833, 1, 2.1167, (gDx*13,gDy*5,gDz*0)),rgb(0,1,1));
		draw(
			ellipsoid( (-0.83359,0.53932,0.11944), (0.52285,0.84011,-0.14438), (0.17821,0.057904,0.98229), 4.3245, 1, 2.1755, (gDx*14,gDy*5,gDz*0)),rgb(0,1,1));
		draw(
			ellipsoid( (-0.9134,0.32125,0.25), (0.28166,0.94217,-0.18164), (0.29389,0.095492,0.95106), 4.2657, 1, 2.2343, (gDx*15,gDy*5,gDz*0)),rgb(0,1,1));
		draw(
			ellipsoid( (0.91387,-0.090135,-0.39588), (-0.40494,-0.13157,-0.90483), (-0.02947,-0.9872,0.15674), 4.2069, 2.2931, 1, (gDx*16,gDy*5,gDz*0)),rgb(0,1,1));
		draw(
			ellipsoid( (0.8354,0.13966,-0.5316), (0.5096,0.16558,0.84433), (-0.20594,0.97626,-0.067157), 4.1482, 2.3518, 1, (gDx*17,gDy*5,gDz*0)),rgb(0,1,1));
		draw(
			ellipsoid( (0.76575,0.11703,-0.6324), (0.60623,0.19697,0.77051), (-0.21474,0.9734,-0.07989), 4.0894, 2.4106, 1, (gDx*18,gDy*5,gDz*0)),rgb(0,1,1));
		draw(
			ellipsoid( (0.71908,-0.15343,-0.67778), (-0.69329,-0.22526,-0.68455), (0.047652,-0.96214,0.26835), 4.0306, 2.4694, 1.75, (gDx*19,gDy*5,gDz*0)),rgb(0,1,0.15625));
		draw(
			ellipsoid( (0.63389,-0.41207,-0.65451), (-0.76942,-0.25,-0.58779), (-0.078582,-0.87618,0.47553), 3.9718, 2.5282, 1.75, (gDx*20,gDy*5,gDz*0)),rgb(0,1,0.15625));
		draw(
			ellipsoid( (0.53015,-0.63791,-0.55858), (-0.83342,-0.27079,-0.48175), (-0.15606,-0.72093,0.67521), 3.9131, 2.5869, 1.75, (gDx*21,gDy*5,gDz*0)),rgb(0,1,0.15625));
		draw(
			ellipsoid( (0.42868,-0.81211,-0.39588), (-0.88427,-0.28732,-0.36812), (-0.18521,-0.50787,0.84129), 3.8543, 2.6457, 1.75, (gDx*22,gDy*5,gDz*0)),rgb(0,1,0.15625));
		draw(
			ellipsoid( (0.34786,-0.91981,-0.18149), (-0.92118,-0.29931,-0.24869), (-0.17442,-0.2537,0.95143), 3.7955, 2.7045, 1.75, (gDx*23,gDy*5,gDz*0)),rgb(0,1,0.0625));
		draw(
			ellipsoid( (0.30092,-0.95161,0.062295), (-0.94356,-0.30658,-0.12533), (-0.13837,0.021064,0.99016), 3.7367, 2.7633, 1.75, (gDx*24,gDy*5,gDz*0)),rgb(0,1,0.0625));
		draw(
			ellipsoid( (0.062667,-0.99606,-0.062791), (-0.99803,-0.062791,1.2674e-17), (0.0039426,-0.062667,0.99803), 3.5886, 1.4114, 1, (gDx*0,gDy*6,gDz*0)),rgb(0,1,0.8125));
		draw(
			ellipsoid( (0.99016,0.062295,-0.12533), (-0.13837,0.30092,-0.94356), (0.021064,-0.95161,-0.30658), 1.4702, 1, 3.5298, (gDx*1,gDy*6,gDz*0)),rgb(0,1,0.8125));
		draw(
			ellipsoid( (0.079976,0.85103,0.51899), (0.96667,0.060818,-0.24869), (0.24321,-0.52158,0.8178), 3.471, 1.529, 1, (gDx*2,gDy*6,gDz*0)),rgb(0,1,0.8125));
		draw(
			ellipsoid( (-0.22484,-0.70005,-0.67778), (-0.92794,-0.058381,0.36812), (0.29727,-0.71171,0.63648), 3.4122, 1.5878, 1, (gDx*3,gDy*6,gDz*0)),rgb(0,1,0.71875));
		draw(
			ellipsoid( (-0.39108,-0.50731,-0.76791), (-0.87458,-0.055024,0.48175), (0.28665,-0.86,0.42216), 3.3535, 1.6465, 1, (gDx*4,gDy*6,gDz*0)),rgb(0,1,0.71875));
		draw(
			ellipsoid( (0.55258,0.28395,0.7836), (0.80742,0.050799,-0.58779), (0.20671,-0.95749,0.20119), 3.2947, 1.7053, 1, (gDx*5,gDy*6,gDz*0)),rgb(0,1,0.71875));
		draw(
			ellipsoid( (0.6832,0.042983,0.72897), (0.72753,0.045772,-0.68455), (0.062791,-0.99803,2.0768e-17), 3.2359, 1.7641, 1, (gDx*6,gDy*6,gDz*0)),rgb(0,1,0.71875));
		draw(
			ellipsoid( (-0.72922,-0.29506,-0.6174), (-0.63617,-0.040024,0.77051), (0.25206,-0.95464,0.15852), 3.1771, 1.8229, 1, (gDx*7,gDy*6,gDz*0)),rgb(0,1,0.625));
		draw(
			ellipsoid( (-0.70818,-0.52726,-0.46955), (-0.53477,-0.033645,0.84433), (0.46098,-0.84904,0.25814), 3.1184, 1.8816, 1, (gDx*8,gDy*6,gDz*0)),rgb(0,1,0.625));
		draw(
			ellipsoid( (-0.61531,-0.72461,-0.31038), (-0.66395,0.68864,-0.29147), (-0.42494,-0.026735,0.90483), 3.0596, 1, 1.9404, (gDx*9,gDy*6,gDz*0)),rgb(0,1,0.625));
		draw(
			ellipsoid( (-0.45558,-0.87466,-0.16558), (-0.83506,0.48435,-0.26091), (-0.30841,-0.019403,0.95106), 3.0008, 1, 1.9992, (gDx*10,gDy*6,gDz*0)),rgb(0,1,0.625));
		draw(
			ellipsoid( (-0.95177,0.24975,-0.17821), (0.24323,0.96824,0.057904), (-0.18701,-0.011766,0.98229), 1, 2.942, 2.058, (gDx*11,gDy*6,gDz*0)),rgb(0,1,0.625));
		draw(
			ellipsoid( (0.99803,-0.00012366,0.062667), (0.062667,0.0039426,-0.99803), (0.00012366,-0.99999,-0.0039426), 1, 2.1167, 4.3833, (gDx*12,gDy*6,gDz*0)),rgb(0,1,1));
		draw(
			ellipsoid( (0.24832,-0.96861,-0.011766), (-0.96665,-0.24857,0.061678), (0.062667,0.0039426,0.99803), 4.3245, 1, 2.1755, (gDx*13,gDy*6,gDz*0)),rgb(0,1,1));
		draw(
			ellipsoid( (0.47423,-0.87678,-0.079783), (-0.86031,-0.48075,0.16955), (0.18701,0.011766,0.98229), 4.2657, 1, 2.2343, (gDx*14,gDy*6,gDz*0)),rgb(0,1,1));
		draw(
			ellipsoid( (-0.65341,0.73093,0.19697), (0.69133,0.68218,-0.2381), (0.30841,0.019403,0.95106), 4.2069, 1, 2.2931, (gDx*15,gDy*6,gDz*0)),rgb(0,1,1));
		draw(
			ellipsoid( (-0.76748,0.54066,0.34446), (0.42494,0.026735,0.90483), (-0.48,-0.84082,0.25027), 4.1482, 2.3518, 1, (gDx*16,gDy*6,gDz*0)),rgb(0,1,1));
		draw(
			ellipsoid( (-0.8066,0.31811,0.4982), (0.53477,0.033645,0.84433), (-0.25182,-0.94746,0.19725), 4.0894, 2.4106, 1, (gDx*17,gDy*6,gDz*0)),rgb(0,1,1));
		draw(
			ellipsoid( (0.7708,-0.077086,-0.6324), (-0.63617,-0.040024,-0.77051), (-0.034085,-0.99622,0.07989), 4.0306, 2.4694, 1.75, (gDx*18,gDy*6,gDz*0)),rgb(0,1,0.15625));
		draw(
			ellipsoid( (0.68568,-0.082442,-0.72322), (-0.72753,-0.045772,-0.68455), (-0.023332,-0.99554,0.091364), 3.9718, 2.5282, 1.75, (gDx*19,gDy*6,gDz*0)),rgb(0,1,0.15625));
		draw(
			ellipsoid( (0.56855,-0.33308,-0.7522), (-0.80742,-0.050799,-0.58779), (-0.15757,-0.94153,0.29782), 3.9131, 2.5869, 1.75, (gDx*20,gDy*6,gDz*0)),rgb(0,1,0.15625));
		draw(
			ellipsoid( (0.42589,-0.56215,-0.70895), (-0.87458,-0.055024,-0.48175), (-0.23181,-0.8252,0.51508), 3.8543, 2.6457, 1.75, (gDx*21,gDy*6,gDz*0)),rgb(0,1,0.15625));
		draw(
			ellipsoid( (0.28257,-0.75426,-0.59266), (-0.92794,-0.058381,-0.36812), (-0.24306,-0.65398,0.71641), 3.7955, 2.7045, 1.75, (gDx*22,gDy*6,gDz*0)),rgb(0,1,0.0625));
		draw(
			ellipsoid( (-0.19784,-0.43907,0.8764), (-0.96667,-0.060818,-0.24869), (-0.16249,0.89639,0.4124), 1.75, 2.7633, 3.7367, (gDx*23,gDy*6,gDz*0)),rgb(0,1,0.0625));
		draw(
			ellipsoid( (-0.1111,-0.19474,0.97454), (-0.99016,-0.062295,-0.12533), (-0.085117,0.97887,0.1859), 1.75, 2.822, 3.678, (gDx*24,gDy*6,gDz*0)),rgb(0,1,0.0625));
		draw(
			ellipsoid( (0.18406,0.96489,-0.18738), (0.98229,-0.18738,-7.4721e-17), (0.035112,0.18406,0.98229), 3.5298, 1.4702, 1, (gDx*0,gDy*7,gDz*0)),rgb(0,1,0.8125));
		draw(
			ellipsoid( (0.19474,0.97887,0.062295), (0.97454,-0.1859,-0.12533), (0.1111,-0.085117,0.99016), 3.471, 1.529, 1, (gDx*1,gDy*7,gDz*0)),rgb(0,1,0.8125));
		draw(
			ellipsoid( (0.2537,0.91981,0.29931), (0.95143,-0.18149,-0.24869), (0.17442,-0.34786,0.92118), 3.4122, 1.5878, 1, (gDx*2,gDy*7,gDz*0)),rgb(0,1,0.71875));
		draw(
			ellipsoid( (0.35197,0.79241,0.4982), (0.91331,-0.17422,-0.36812), (0.20491,-0.58458,0.78504), 3.3535, 1.6465, 1, (gDx*3,gDy*7,gDz*0)),rgb(0,1,0.71875));
		draw(
			ellipsoid( (0.47323,0.60662,0.6388), (0.86078,-0.1642,-0.48175), (0.18735,-0.77785,0.59987), 3.2947, 1.7053, 1, (gDx*4,gDy*7,gDz*0)),rgb(0,1,0.71875));
		draw(
			ellipsoid( (0.59623,0.3767,0.70895), (0.79469,-0.15159,-0.58779), (0.11395,-0.91385,0.38975), 3.2359, 1.7641, 1, (gDx*5,gDy*7,gDz*0)),rgb(0,1,0.71875));
		draw(
			ellipsoid( (0.6979,0.12004,0.70607), (0.71606,-0.1366,-0.68455), (-0.01427,-0.98333,0.18129), 3.1771, 1.8229, 1, (gDx*6,gDy*7,gDz*0)),rgb(0,1,0.625));
		draw(
			ellipsoid( (0.75687,-0.14438,0.63742), (-0.62613,0.11944,0.77051), (0.18738,0.98229,-1.1662e-16), 3.1184, 1.8816, 1, (gDx*7,gDy*7,gDz*0)),rgb(0,1,0.625));
		draw(
			ellipsoid( (0.84992,0.091044,0.51899), (0.52634,-0.1004,-0.84433), (0.024762,-0.99077,0.13325), 3.0596, 1.9404, 1, (gDx*8,gDy*7,gDz*0)),rgb(0,1,0.625));
		draw(
			ellipsoid( (-0.86913,-0.32464,-0.37311), (-0.26398,0.94247,-0.20512), (-0.41824,0.079783,0.90483), 3.0008, 1, 1.9992, (gDx*9,gDy*7,gDz*0)),rgb(0,1,0.625));
		draw(
			ellipsoid( (0.50292,-0.83805,0.21154), (-0.80928,-0.54251,-0.22526), (-0.30354,0.057904,0.95106), 1, 2.942, 2.058, (gDx*10,gDy*7,gDz*0)),rgb(0,1,0.625));
		draw(
			ellipsoid( (0.71428,-0.68174,0.15821), (-0.67522,-0.73075,-0.1004), (-0.18406,0.035112,0.98229), 1, 2.8833, 2.1167, (gDx*11,gDy*7,gDz*0)),rgb(0,1,0.53125));
		draw(
			ellipsoid( (0.48115,0.87642,0.019403), (0.87446,-0.4814,0.059717), (-0.061678,0.011766,0.99803), 4.3245, 1, 2.1755, (gDx*12,gDy*7,gDz*0)),rgb(0,1,1));
		draw(
			ellipsoid( (0.24857,0.96861,-0.0039426), (0.96665,-0.24832,-0.062667), (0.061678,-0.011766,0.99803), 4.2657, 1, 2.2343, (gDx*13,gDy*7,gDz*0)),rgb(0,1,1));
		draw(
			ellipsoid( (-0.98291,-0.0032602,0.18406), (0.18406,-0.035112,0.98229), (-0.0032602,-0.99938,-0.035112), 1, 2.2931, 4.2069, (gDx*14,gDy*7,gDz*0)),rgb(0,1,1));
		draw(
			ellipsoid( (-0.22822,0.96468,0.13157), (0.92508,0.25699,-0.27961), (0.30354,-0.057904,0.95106), 4.1482, 1, 2.3518, (gDx*15,gDy*7,gDz*0)),rgb(0,1,1));
		draw(
			ellipsoid( (-0.42216,0.86494,0.2714), (0.80427,0.49549,-0.32807), (0.41824,-0.079783,0.90483), 4.0894, 1, 2.4106, (gDx*16,gDy*7,gDz*0)),rgb(0,1,1));
		draw(
			ellipsoid( (-0.56084,0.70537,0.43349), (0.63909,0.70169,-0.31495), (0.52634,-0.1004,0.84433), 4.0306, 1.75, 2.4694, (gDx*17,gDy*7,gDz*0)),rgb(0,1,0.15625));
		draw(
			ellipsoid( (-0.63474,0.49584,0.59266), (0.62613,-0.11944,0.77051), (-0.45284,-0.86016,0.23465), 3.9718, 2.5282, 1.75, (gDx*18,gDy*7,gDz*0)),rgb(0,1,0.15625));
		draw(
			ellipsoid( (-0.64363,0.25037,0.72322), (0.71606,-0.1366,0.68455), (-0.27018,-0.95846,0.091364), 3.9131, 2.5869, 1.75, (gDx*19,gDy*7,gDz*0)),rgb(0,1,0.15625));
		draw(
			ellipsoid( (-0.54934,0.23238,0.80264), (0.79469,-0.15159,0.58779), (-0.25827,-0.96074,0.1014), 3.8543, 2.6457, 1.75, (gDx*20,gDy*7,gDz*0)),rgb(0,1,0.15625));
		draw(
			ellipsoid( (-0.37101,0.44554,0.81477), (0.86078,-0.1642,0.48175), (-0.34843,-0.88008,0.32259), 3.7955, 2.7045, 1.75, (gDx*21,gDy*7,gDz*0)),rgb(0,1,0.0625));
		draw(
			ellipsoid( (-0.36414,-0.75414,0.54651), (-0.91331,0.17422,-0.36812), (-0.1824,0.63318,0.7522), 1.75, 2.7633, 3.7367, (gDx*22,gDy*7,gDz*0)),rgb(0,1,0.0625));
		draw(
			ellipsoid( (-0.30767,-0.59023,0.74631), (-0.95143,0.18149,-0.24869), (-0.011333,0.78657,0.6174), 1.75, 2.822, 3.678, (gDx*23,gDy*7,gDz*0)),rgb(0,1,0.0625));
		draw(
			ellipsoid( (-0.19118,-0.39699,0.89769), (-0.97454,0.1859,-0.12533), (0.11713,0.8988,0.42242), 1.75, 2.8808, 3.6192, (gDx*24,gDy*7,gDz*0)),rgb(0,1,0.0625));
		draw(
			ellipsoid( (0.38526,0.81871,-0.42578), (0.90483,-0.42578,-2.7198e-16), (0.18129,0.38526,0.90483), 3.471, 1.529, 1, (gDx*0,gDy*8,gDz*0)),rgb(0,1,0.8125));
		draw(
			ellipsoid( (0.39699,0.8988,-0.1859), (0.89769,-0.42242,-0.12533), (0.19118,0.11713,0.97454), 3.4122, 1.5878, 1, (gDx*1,gDy*8,gDz*0)),rgb(0,1,0.71875));
		draw(
			ellipsoid( (0.43907,0.89639,0.060818), (0.8764,-0.4124,-0.24869), (0.19784,-0.16249,0.96667), 3.3535, 1.6465, 1, (gDx*2,gDy*8,gDz*0)),rgb(0,1,0.71875));
		draw(
			ellipsoid( (0.50787,0.81211,0.28732), (0.84129,-0.39588,-0.36812), (0.18521,-0.42868,0.88427), 3.2947, 1.7053, 1, (gDx*3,gDy*8,gDz*0)),rgb(0,1,0.71875));
		draw(
			ellipsoid( (0.59307,0.65406,0.46955), (0.79291,-0.37311,-0.48175), (0.1399,-0.65802,0.73989), 3.2359, 1.7641, 1, (gDx*4,gDy*8,gDz*0)),rgb(0,1,0.71875));
		draw(
			ellipsoid( (0.67916,0.43696,0.58975), (0.73202,-0.34446,-0.58779), (0.053693,-0.83091,0.55381), 3.1771, 1.8229, 1, (gDx*5,gDy*8,gDz*0)),rgb(0,1,0.625));
		draw(
			ellipsoid( (0.7479,0.18049,0.6388), (0.65959,-0.31038,-0.68455), (-0.074717,-0.93332,0.35118), 3.1184, 1.8816, 1, (gDx*6,gDy*8,gDz*0)),rgb(0,1,0.625));
		draw(
			ellipsoid( (-0.78117,0.09274,-0.6174), (0.57676,-0.2714,-0.77051), (0.23902,0.95799,-0.15852), 3.0596, 1.9404, 1, (gDx*7,gDy*8,gDz*0)),rgb(0,1,0.625));
		draw(
			ellipsoid( (0.42578,0.90483,1.1102e-16), (0.76397,-0.3595,0.53583), (-0.48483,0.22814,0.84433), 1, 3.0008, 1.9992, (gDx*8,gDy*8,gDz*0)),rgb(0,1,0.625));
		draw(
			ellipsoid( (0.2088,0.97221,-0.10589), (0.89888,-0.14813,0.4124), (-0.38526,0.18129,0.90483), 1, 2.942, 2.058, (gDx*9,gDy*8,gDz*0)),rgb(0,1,0.625));
		draw(
			ellipsoid( (0.95922,0.081052,0.27079), (0.27961,-0.13157,-0.95106), (0.041456,-0.98799,0.14887), 2.8833, 2.1167, 1, (gDx*10,gDy*8,gDz*0)),rgb(0,1,0.53125));
		draw(
			ellipsoid( (-0.29805,0.94589,-0.12827), (0.93937,0.31451,0.1366), (-0.16955,0.079783,0.98229), 1, 2.8245, 2.1755, (gDx*11,gDy*8,gDz*0)),rgb(0,1,0.53125));
		draw(
			ellipsoid( (0.84337,0.53628,0.033645), (0.53432,-0.84362,0.053016), (-0.056815,0.026735,0.99803), 4.2657, 1, 2.2343, (gDx*12,gDy*8,gDz*0)),rgb(0,1,1));
		draw(
			ellipsoid( (0.684,0.72923,-0.019403), (0.72727,-0.68375,-0.059717), (0.056815,-0.026735,0.99803), 4.2069, 1, 2.2931, (gDx*13,gDy*8,gDz*0)),rgb(0,1,1));
		draw(
			ellipsoid( (-0.48075,-0.87678,0.011766), (-0.86031,0.47423,0.18701), (0.16955,-0.079783,0.98229), 4.1482, 1, 2.3518, (gDx*14,gDy*8,gDz*0)),rgb(0,1,1));
		draw(
			ellipsoid( (-0.25699,-0.96468,-0.057904), (-0.92508,0.22822,0.30354), (0.27961,-0.13157,0.95106), 4.0894, 1, 2.4106, (gDx*15,gDy*8,gDz*0)),rgb(0,1,1));
		draw(
			ellipsoid( (-0.92208,-0.036666,0.38526), (0.38526,-0.18129,0.90483), (-0.036666,-0.98275,-0.18129), 1.75, 2.4694, 4.0306, (gDx*16,gDy*8,gDz*0)),rgb(0,1,0.15625));
		draw(
			ellipsoid( (-0.86005,-0.29976,0.41286), (0.48483,-0.22814,0.84433), (-0.1589,0.92633,0.34155), 1.75, 2.5282, 3.9718, (gDx*17,gDy*8,gDz*0)),rgb(0,1,0.15625));
		draw(
			ellipsoid( (-0.31376,0.79726,0.51569), (0.75426,0.53919,-0.37467), (0.57676,-0.2714,0.77051), 3.9131, 1.75, 2.5869, (gDx*18,gDy*8,gDz*0)),rgb(0,1,0.15625));
		draw(
			ellipsoid( (-0.41916,0.60409,0.67778), (0.62389,0.73399,-0.26835), (0.65959,-0.31038,0.68455), 3.8543, 1.75, 2.6457, (gDx*19,gDy*8,gDz*0)),rgb(0,1,0.15625));
		draw(
			ellipsoid( (-0.47429,0.3617,0.80264), (0.73202,-0.34446,0.58779), (-0.48908,-0.86633,0.1014), 3.7955, 2.7045, 1.75, (gDx*20,gDy*8,gDz*0)),rgb(0,1,0.0625));
		draw(
			ellipsoid( (0.47706,0.87198,-0.10983), (0.79291,-0.37311,0.48175), (-0.3791,0.31691,0.8694), 1.75, 2.7633, 3.7367, (gDx*21,gDy*8,gDz*0)),rgb(0,1,0.0625));
		draw(
			ellipsoid( (-0.5185,-0.78359,0.34227), (-0.84129,0.39588,-0.36812), (-0.15296,0.47882,0.86448), 1.75, 2.822, 3.678, (gDx*22,gDy*8,gDz*0)),rgb(0,1,0.0625));
		draw(
			ellipsoid( (-0.47673,-0.66978,0.56932), (-0.8764,0.4124,-0.24869), (0.068221,0.61751,0.7836), 1.75, 2.8808, 3.6192, (gDx*23,gDy*8,gDz*0)),rgb(0,1,0.0625));
		draw(
			ellipsoid( (-0.35878,-0.53564,0.76444), (-0.89769,0.42242,-0.12533), (0.25578,0.7312,0.6324), 1.75, 2.9396, 3.5604, (gDx*24,gDy*8,gDz*0)),rgb(0,1,0.0625));
		draw(
			ellipsoid( (-0.49114,-0.59369,0.63742), (-0.77051,0.63742,4.7078e-16), (0.40631,0.49114,0.77051), 3.4122, 1.5878, 1, (gDx*0,gDy*9,gDz*0)),rgb(0,1,0.71875));
		draw(
			ellipsoid( (-0.53564,-0.7312,0.42242), (-0.76444,0.6324,0.12533), (0.35878,0.25578,0.89769), 3.3535, 1.6465, 1, (gDx*1,gDy*9,gDz*0)),rgb(0,1,0.71875));
		draw(
			ellipsoid( (-0.59023,-0.78657,0.18149), (-0.74631,0.6174,0.24869), (0.30767,-0.011333,0.95143), 3.2947, 1.7053, 1, (gDx*2,gDy*9,gDz*0)),rgb(0,1,0.71875));
		draw(
			ellipsoid( (0.65398,0.75426,0.058381), (0.71641,-0.59266,-0.36812), (0.24306,-0.28257,0.92794), 3.2359, 1.7641, 1, (gDx*3,gDy*9,gDz*0)),rgb(0,1,0.71875));
		draw(
			ellipsoid( (0.72093,0.63791,0.27079), (0.67521,-0.55858,-0.48175), (0.15606,-0.53015,0.83342), 3.1771, 1.8229, 1, (gDx*4,gDy*9,gDz*0)),rgb(0,1,0.625));
		draw(
			ellipsoid( (0.78087,0.44981,0.43349), (0.62336,-0.51569,-0.58779), (0.040844,-0.7292,0.68308), 3.1184, 1.8816, 1, (gDx*5,gDy*9,gDz*0)),rgb(0,1,0.625));
		draw(
			ellipsoid( (0.82084,0.20937,0.5314), (0.56168,-0.46466,-0.68455), (-0.1036,-0.86038,0.49901), 3.0596, 1.9404, 1, (gDx*6,gDy*9,gDz*0)),rgb(0,1,0.625));
		draw(
			ellipsoid( (-0.82734,0.059195,-0.55858), (0.49114,-0.40631,-0.77051), (0.27257,0.91182,-0.30708), 3.0008, 1.9992, 1, (gDx*7,gDy*9,gDz*0)),rgb(0,1,0.625));
		draw(
			ellipsoid( (0.45561,0.88015,-0.13325), (0.78865,-0.32967,0.51899), (-0.41286,0.34155,0.84433), 1, 2.942, 2.058, (gDx*8,gDy*9,gDz*0)),rgb(0,1,0.625));
		draw(
			ellipsoid( (0.63742,0.77051,-4.8572e-17), (0.69718,-0.57676,0.42578), (-0.32807,0.2714,0.90483), 1, 2.8833, 2.1167, (gDx*9,gDy*9,gDz*0)),rgb(0,1,0.53125));
		draw(
			ellipsoid( (0.43516,0.89707,-0.076849), (0.8683,-0.39556,0.29931), (-0.2381,0.19697,0.95106), 1, 2.8245, 2.1755, (gDx*10,gDy*9,gDz*0)),rgb(0,1,0.53125));
		draw(
			ellipsoid( (-0.19396,-0.97685,0.090272), (-0.97033,0.17749,-0.1642), (-0.14438,0.11944,0.98229), 1, 2.7657, 2.2343, (gDx*11,gDy*9,gDz*0)),rgb(0,1,0.53125));
		draw(
			ellipsoid( (0.99692,0.063707,0.045772), (0.06175,-0.99717,0.042983), (-0.048381,0.040024,0.99803), 4.2069, 1, 2.2931, (gDx*12,gDy*9,gDz*0)),rgb(0,1,1));
		draw(
