	import three;
	import settings;

	surface ellipsoid(triple v1,triple v2,triple v3,real l1,real l2, real l3, triple pos=O) {
		transform3 T = identity(4);
		T[0][0] = l1*v1.x;
		T[1][0] = l1*v1.y;
		T[2][0] = l1*v1.z;
		T[0][1] = l2*v2.x;
		T[1][1] = l2*v2.y;
		T[2][1] = l2*v2.z;
		T[0][2] = l3*v3.x;
		T[1][2] = l3*v3.y;
		T[2][2] = l3*v3.z;
		T[0][3] = pos.x;
		T[1][3] = pos.y;
		T[2][3] = pos.z;
		return T*unitsphere;
	}

	size(200);

	real gDx=4;
	real gDy=4;
	real gDz=4;

	currentprojection=perspective( camera=(gDx*12,gDy*12,25),up=Y, target=(gDx*12,gDy*12,gDz*0));
		draw(
			ellipsoid( (-0.53471,0.84292,0.059784), (-0.83948,-0.53797,0.076592), (0.096722,-0.0092329,0.99527), 0.81055, 1.1199, 4.0116, (gDx*0,gDy*0,gDz*0)),rgb(0,0.8125,1));
		draw(
			ellipsoid( (0.027534,0.99752,-0.064698), (-0.94821,0.0055739,-0.3176), (-0.31645,0.070092,0.94602), 0.97071, 1.7526, 3.3618, (gDx*1,gDy*0,gDz*0)),rgb(0,1,0.71875));
		draw(
			ellipsoid( (0.11893,0.97794,-0.17171), (-0.59848,-0.067384,-0.7983), (-0.79226,0.19771,0.57727), 0.92208, 1.3966, 4.0297, (gDx*2,gDy*0,gDz*0)),rgb(0,0.90625,1));
		draw(
			ellipsoid( (-0.40173,-0.7762,-0.48592), (0.16731,-0.5839,0.7944), (-0.90034,0.23784,0.36444), 0.91413, 1.0722, 4.0263, (gDx*3,gDy*0,gDz*0)),rgb(0,0.8125,1));
		draw(
			ellipsoid( (-0.28266,-0.6531,-0.70254), (0.043246,-0.74034,0.67084), (-0.95824,0.15924,0.23751), 1.0131, 1.2491, 3.6554, (gDx*4,gDy*0,gDz*0)),rgb(0,1,0.90625));
		draw(
			ellipsoid( (-0.10676,-0.57119,-0.81384), (0.0046606,-0.8188,0.57406), (-0.99427,0.057493,0.090077), 0.99791, 1.4738, 3.6865, (gDx*5,gDy*0,gDz*0)),rgb(0,1,0.90625));
		draw(
			ellipsoid( (-0.03932,0.57192,0.81936), (-0.032946,0.81881,-0.57312), (-0.99868,-0.049529,-0.013353), 0.89439, 1.6319, 4.0518, (gDx*6,gDy*0,gDz*0)),rgb(0,0.90625,1));
		draw(
			ellipsoid( (-0.13788,0.62602,0.76752), (-0.055943,0.76876,-0.63708), (-0.98887,-0.13078,-0.070973), 0.77843, 1.4912, 4.1403, (gDx*7,gDy*0,gDz*0)),rgb(0,0.8125,1));
		draw(
			ellipsoid( (-0.18473,0.78247,0.59466), (-0.0013154,0.60487,-0.79632), (-0.98279,-0.14789,-0.11071), 0.64146, 1.4321, 3.5536, (gDx*8,gDy*0,gDz*0)),rgb(0,0.71875,1));
		draw(
			ellipsoid( (-0.21271,0.82385,0.52538), (-0.023374,0.53324,-0.84564), (-0.97684,-0.19215,-0.094167), 0.59288, 1.3441, 3.0388, (gDx*9,gDy*0,gDz*0)),rgb(0,0.8125,1));
		draw(
			ellipsoid( (-0.43952,0.75659,0.48415), (0.20853,-0.43833,0.87429), (-0.87369,-0.48523,-0.034882), 0.93206, 1.7058, 2.9876, (gDx*10,gDy*0,gDz*0)),rgb(0,1,0.625));
		draw(
			ellipsoid( (0.88033,-0.46095,-0.11199), (0.13663,0.020319,0.99041), (0.45426,0.88719,-0.080866), 1.168, 2.1384, 2.9798, (gDx*11,gDy*0,gDz*0)),rgb(0,1,0.34375));
		draw(
			ellipsoid( (0.97811,-0.19255,0.078941), (0.089481,0.046663,-0.99489), (0.18788,0.98018,0.062871), 0.57126, 2.004, 4.7309, (gDx*12,gDy*0,gDz*0)),rgb(0,0.4375,1));
		draw(
			ellipsoid( (0.94518,-0.32131,-0.058326), (0.053652,-0.023388,0.99829), (0.32212,0.94669,0.0048672), 1.0009, 1.5545, 5.3709, (gDx*13,gDy*0,gDz*0)),rgb(0,0.71875,1));
		draw(
			ellipsoid( (0.75405,-0.64208,0.1384), (-0.044415,0.16039,0.98605), (-0.65532,-0.74968,0.092421), 0.94827, 1.9301, 4.5242, (gDx*14,gDy*0,gDz*0)),rgb(0,0.90625,1));
		draw(
			ellipsoid( (0.57106,-0.79924,0.18735), (0.056725,0.2661,0.96227), (-0.81894,-0.53889,0.1973), 0.81129, 2.0293, 4.7966, (gDx*15,gDy*0,gDz*0)),rgb(0,0.71875,1));
		draw(
			ellipsoid( (-0.38539,0.82366,-0.416), (-0.036271,0.43695,0.89875), (-0.92204,-0.36146,0.13852), 0.89683, 1.8281, 4.4834, (gDx*16,gDy*0,gDz*0)),rgb(0,0.8125,1));
		draw(
			ellipsoid( (0.17578,-0.72341,0.66767), (-0.0015324,0.67802,0.73504), (-0.98443,-0.13023,0.11807), 0.79976, 1.65, 4.7647, (gDx*17,gDy*0,gDz*0)),rgb(0,0.71875,1));
		draw(
			ellipsoid( (0.060278,-0.60494,0.79398), (0.018643,0.79597,0.60505), (-0.99801,-0.021669,0.059258), 0.87268, 1.8239, 4.8991, (gDx*18,gDy*0,gDz*0)),rgb(0,0.71875,1));
		draw(
			ellipsoid( (-0.097924,-0.47934,0.87215), (0.045386,0.8733,0.48507), (-0.99416,0.087084,-0.063761), 1.0382, 2.0307, 4.1599, (gDx*19,gDy*0,gDz*0)),rgb(0,1,0.90625));
		draw(
			ellipsoid( (-0.31666,-0.37961,0.86926), (0.11863,0.89338,0.43336), (-0.94109,0.24035,-0.23786), 1.023, 2.2021, 3.764, (gDx*20,gDy*0,gDz*0)),rgb(0,1,0.8125));
		draw(
			ellipsoid( (-0.39197,-0.26186,0.88192), (0.14706,0.92847,0.34105), (-0.90815,0.26338,-0.32543), 1.0748, 2.199, 4.0419, (gDx*21,gDy*0,gDz*0)),rgb(0,1,0.8125));
		draw(
			ellipsoid( (-0.35625,-0.094177,0.92963), (-0.13104,-0.98004,-0.1495), (0.92516,-0.17508,0.33679), 0.96514, 2.0996, 4.5209, (gDx*22,gDy*0,gDz*0)),rgb(0,0.90625,1));
		draw(
			ellipsoid( (-0.57987,-0.1522,0.80037), (0.065185,0.97058,0.2318), (-0.8121,0.18658,-0.55288), 1.4209, 2.4407, 3.6134, (gDx*23,gDy*0,gDz*0)),rgb(0,1,0.34375));
		draw(
			ellipsoid( (-0.95692,-0.16223,0.24082), (-0.11891,0.97557,0.18471), (0.2649,-0.14812,0.95283), 1.7395, 2.6677, 3.7, (gDx*24,gDy*0,gDz*0)),rgb(0,1,0.0625));
		draw(
			ellipsoid( (-0.13919,-0.94925,0.28203), (0.93334,-0.030583,0.3577), (-0.33092,0.31302,0.89023), 0.87576, 1.3013, 3.9801, (gDx*0,gDy*1,gDz*0)),rgb(0,0.90625,1));
		draw(
			ellipsoid( (0.99695,0.0073972,0.077636), (0.021286,0.93188,-0.36214), (-0.075026,0.36268,0.92889), 0.95229, 1.2396, 3.7826, (gDx*1,gDy*1,gDz*0)),rgb(0,1,1));
		draw(
			ellipsoid( (-0.48835,0.71823,-0.49565), (0.80153,0.59376,0.070666), (-0.34505,0.36277,0.86565), 1.1569, 1.4296, 3.2018, (gDx*2,gDy*1,gDz*0)),rgb(0,1,0.53125));
		draw(
			ellipsoid( (-0.32049,0.6504,-0.68867), (0.63978,0.68476,0.34897), (-0.69854,0.32876,0.63557), 1.2041, 1.3087, 3.53, (gDx*3,gDy*1,gDz*0)),rgb(0,1,0.71875));
		draw(
			ellipsoid( (-0.61496,-0.4474,-0.64935), (0.049456,0.79997,-0.598), (-0.78701,0.39986,0.46982), 1.0984, 1.4008, 3.5138, (gDx*4,gDy*1,gDz*0)),rgb(0,1,0.71875));
		draw(
			ellipsoid( (-0.5245,-0.51604,-0.6772), (0.16772,0.71718,-0.6764), (0.83473,-0.46835,-0.28961), 1.011, 1.5231, 3.2303, (gDx*5,gDy*1,gDz*0)),rgb(0,1,0.71875));
		draw(
			ellipsoid( (0.2621,0.80506,0.53215), (0.022272,-0.55633,0.83066), (-0.96478,0.20587,0.16375), 0.8686, 1.5902, 3.0797, (gDx*6,gDy*1,gDz*0)),rgb(0,1,0.8125));
		draw(
			ellipsoid( (0.10842,0.91951,0.37782), (-0.019912,-0.37797,0.9256), (-0.99391,0.10788,0.02267), 0.57915, 1.5112, 3.3087, (gDx*7,gDy*1,gDz*0)),rgb(0,0.71875,1));
		draw(
			ellipsoid( (0.042426,0.88829,0.45732), (-0.04956,-0.4553,0.88896), (-0.99787,0.06038,-0.024707), 0.68762, 1.4116, 2.9864, (gDx*8,gDy*1,gDz*0)),rgb(0,1,1));
		draw(
			ellipsoid( (-0.057463,0.80482,0.59073), (0.038988,0.59307,-0.80421), (-0.99759,-0.023181,-0.065457), 0.77803, 1.3498, 2.7635, (gDx*9,gDy*1,gDz*0)),rgb(0,1,0.8125));
		draw(
			ellipsoid( (-0.21177,0.73635,0.64261), (-0.11377,0.63448,-0.76452), (-0.97067,-0.23501,-0.050585), 0.90038, 1.3094, 2.7199, (gDx*10,gDy*1,gDz*0)),rgb(0,1,0.625));
		draw(
			ellipsoid( (0.45593,-0.88729,-0.069639), (0.040194,0.098692,-0.99431), (0.88911,0.45053,0.08066), 0.929, 1.2099, 2.9616, (gDx*11,gDy*1,gDz*0)),rgb(0,1,0.71875));
		draw(
			ellipsoid( (0.58321,-0.81123,0.0421), (0.058023,-0.010093,-0.99826), (0.81025,0.58464,0.041184), 0.93322, 1.5389, 3.6273, (gDx*12,gDy*1,gDz*0)),rgb(0,1,0.90625));
		draw(
			ellipsoid( (0.67104,-0.74039,0.039008), (-0.0024706,0.050379,0.99873), (-0.74142,-0.67028,0.031977), 0.92071, 1.9856, 4.4866, (gDx*13,gDy*1,gDz*0)),rgb(0,0.90625,1));
		draw(
			ellipsoid( (0.65124,-0.75688,0.054917), (0.051491,0.11627,0.99188), (-0.75712,-0.64312,0.11469), 0.98802, 2.0217, 4.5117, (gDx*14,gDy*1,gDz*0)),rgb(0,0.90625,1));
		draw(
			ellipsoid( (0.53554,-0.82696,0.17125), (0.039794,0.22726,0.97302), (-0.84357,-0.51428,0.15462), 1.0312, 2.0222, 4.3335, (gDx*15,gDy*1,gDz*0)),rgb(0,1,1));
		draw(
			ellipsoid( (-0.38394,0.85283,-0.35394), (0.045111,0.40019,0.91532), (-0.92226,-0.33546,0.19212), 1.0525, 1.9578, 4.3509, (gDx*16,gDy*1,gDz*0)),rgb(0,1,1));
		draw(
			ellipsoid( (0.22458,-0.79481,0.56377), (-0.090492,-0.59306,-0.80005), (-0.97024,-0.12866,0.20512), 0.99781, 1.9474, 4.482, (gDx*17,gDy*1,gDz*0)),rgb(0,1,1));
		draw(
			ellipsoid( (0.10893,-0.67904,0.72598), (0.11415,0.73404,0.66945), (-0.98747,0.0099453,0.15747), 1.0469, 2.1055, 4.5772, (gDx*18,gDy*1,gDz*0)),rgb(0,1,1));
		draw(
			ellipsoid( (-0.019667,-0.5468,0.83703), (0.13252,0.82838,0.54426), (-0.99099,0.12163,0.056171), 1.1697, 2.2927, 4.3116, (gDx*19,gDy*1,gDz*0)),rgb(0,1,0.8125));
		draw(
			ellipsoid( (-0.15052,-0.40894,0.90006), (0.23895,0.86839,0.43451), (-0.9593,0.28047,-0.03299), 1.143, 2.512, 4.4068, (gDx*20,gDy*1,gDz*0)),rgb(0,1,0.90625));
		draw(
			ellipsoid( (-0.27345,-0.38481,0.88156), (0.17941,0.88,0.43978), (-0.94501,0.27842,-0.17159), 1.2217, 2.3484, 4.2973, (gDx*21,gDy*1,gDz*0)),rgb(0,1,0.8125));
		draw(
			ellipsoid( (-0.41055,-0.42128,0.80868), (0.061112,0.87216,0.48538), (-0.90979,0.24869,-0.33233), 1.3644, 2.1232, 4.311, (gDx*22,gDy*1,gDz*0)),rgb(0,1,0.625));
		draw(
			ellipsoid( (-0.55208,-0.31821,0.77068), (0.052854,0.90909,0.41322), (0.83211,-0.26887,0.48508), 1.643, 2.2446, 4.0083, (gDx*23,gDy*1,gDz*0)),rgb(0,1,0.34375));
		draw(
			ellipsoid( (-0.73148,-0.030807,0.68117), (0.24288,0.92168,0.30251), (0.63714,-0.38672,0.66671), 1.8355, 2.5899, 4.0419, (gDx*24,gDy*1,gDz*0)),rgb(0,1,0.15625));
		draw(
			ellipsoid( (-0.8017,-0.17787,-0.57065), (0.077528,0.91569,-0.39434), (-0.59268,0.36039,0.72032), 1.0416, 1.1339, 3.7218, (gDx*0,gDy*2,gDz*0)),rgb(0,1,1));
		draw(
			ellipsoid( (-0.94499,0.18971,-0.26645), (-0.28818,-0.86823,0.40389), (-0.15472,0.45846,0.87514), 0.60984, 1.3668, 3.6441, (gDx*1,gDy*2,gDz*0)),rgb(0,0.71875,1));
		draw(
			ellipsoid( (-0.85368,0.4395,-0.27942), (-0.51924,-0.75982,0.39124), (-0.040362,0.47908,0.87685), 0.92237, 1.4026, 3.5866, (gDx*2,gDy*2,gDz*0)),rgb(0,1,0.90625));
		draw(
			ellipsoid( (-0.34229,0.81694,-0.46416), (0.93808,0.32518,-0.11945), (-0.053355,0.4763,0.87766), 1.0856, 1.7893, 3.5964, (gDx*3,gDy*2,gDz*0)),rgb(0,1,0.71875));
		draw(
			ellipsoid( (-0.22929,0.72948,-0.64443), (0.86169,0.46003,0.21415), (-0.45268,0.50619,0.73406), 1.3132, 1.7087, 3.1814, (gDx*4,gDy*2,gDz*0)),rgb(0,1,0.34375));
		draw(
			ellipsoid( (-0.6923,-0.061042,-0.71902), (0.43093,0.76426,-0.4798), (-0.5788,0.64202,0.50279), 1.2415, 1.5745, 2.9207, (gDx*5,gDy*2,gDz*0)),rgb(0,1,0.25));
		draw(
			ellipsoid( (0.53521,0.24584,0.80816), (-0.43014,-0.74408,0.51121), (0.72701,-0.62122,-0.29249), 1.22, 1.5356, 2.676, (gDx*6,gDy*2,gDz*0)),rgb(0,1,0.15625));
		draw(
			ellipsoid( (0.32979,0.35382,0.87524), (0.45139,0.75517,-0.47537), (-0.82915,0.55185,0.089337), 1.0961, 1.4869, 2.7346, (gDx*7,gDy*2,gDz*0)),rgb(0,1,0.34375));
		draw(
			ellipsoid( (0.19418,0.40742,0.89236), (0.40506,0.7952,-0.4512), (-0.89343,0.44907,-0.010619), 0.94195, 1.3971, 2.9165, (gDx*8,gDy*2,gDz*0)),rgb(0,1,0.625));
		draw(
			ellipsoid( (0.1715,0.76801,0.61705), (-0.14331,-0.60022,0.7869), (-0.97471,0.22338,-0.0071257), 0.89041, 1.3418, 2.9112, (gDx*9,gDy*2,gDz*0)),rgb(0,1,0.71875));
		draw(
			ellipsoid( (0.037664,0.8914,0.45165), (0.0012683,-0.45201,0.89201), (-0.99929,0.033024,0.018155), 0.86122, 1.3491, 2.8213, (gDx*10,gDy*2,gDz*0)),rgb(0,1,0.71875));
		draw(
			ellipsoid( (-0.11004,0.95681,0.26907), (0.024524,-0.26802,0.9631), (-0.99362,-0.11258,-0.0060293), 1.0157, 1.4063, 3.2236, (gDx*11,gDy*2,gDz*0)),rgb(0,1,0.71875));
		draw(
			ellipsoid( (0.24011,-0.96996,-0.039036), (0.045214,0.051344,-0.99766), (0.96969,0.23778,0.056184), 1.0793, 1.5839, 3.8571, (gDx*12,gDy*2,gDz*0)),rgb(0,1,0.8125));
		draw(
			ellipsoid( (-0.40006,0.91151,0.095408), (0.048558,-0.082874,0.99538), (-0.9152,-0.40284,0.011107), 1.1057, 1.8716, 4.3549, (gDx*13,gDy*2,gDz*0)),rgb(0,1,0.90625));
		draw(
			ellipsoid( (0.49962,-0.8603,-0.10136), (0.15238,-0.027901,0.98793), (-0.85274,-0.50903,0.11715), 1.0133, 2.0324, 4.733, (gDx*14,gDy*2,gDz*0)),rgb(0,0.90625,1));
		draw(
			ellipsoid( (0.43243,-0.90008,0.053485), (0.1397,0.12548,0.98221), (-0.89078,-0.41726,0.18), 1.1139, 2.0437, 4.4544, (gDx*15,gDy*2,gDz*0)),rgb(0,1,0.90625));
		draw(
			ellipsoid( (0.348,-0.91643,0.1976), (0.19582,0.27718,0.94065), (-0.91681,-0.28866,0.27591), 1.1415, 2.0771, 4.4491, (gDx*16,gDy*2,gDz*0)),rgb(0,1,0.90625));
		draw(
			ellipsoid( (0.24853,-0.88302,0.39812), (0.24952,0.45551,0.85454), (-0.93593,-0.11304,0.33354), 1.0989, 2.2167, 4.5398, (gDx*17,gDy*2,gDz*0)),rgb(0,1,1));
		draw(
			ellipsoid( (0.16357,-0.7361,0.65682), (0.22217,0.67616,0.70245), (-0.96119,0.031027,0.27414), 1.1217, 2.2865, 4.3417, (gDx*18,gDy*2,gDz*0)),rgb(0,1,0.90625));
		draw(
			ellipsoid( (0.045121,-0.551,0.83328), (0.27051,0.80971,0.52077), (-0.96166,0.20191,0.18559), 1.1677, 2.4807, 4.2112, (gDx*19,gDy*2,gDz*0)),rgb(0,1,0.8125));
		draw(
			ellipsoid( (-0.057813,-0.43404,0.89904), (0.36864,0.82762,0.42327), (-0.92777,0.35589,0.11216), 1.0834, 2.5822, 4.3947, (gDx*20,gDy*2,gDz*0)),rgb(0,1,0.90625));
		draw(
			ellipsoid( (-0.17595,-0.4444,0.87838), (0.29511,0.82745,0.47775), (-0.93912,0.34327,-0.014444), 1.3222, 2.4662, 4.1019, (gDx*21,gDy*2,gDz*0)),rgb(0,1,0.625));
		draw(
			ellipsoid( (-0.33506,-0.43964,0.83334), (0.19478,0.83303,0.5178), (-0.92184,0.33581,-0.19348), 1.5711, 2.3751, 4.0044, (gDx*22,gDy*2,gDz*0)),rgb(0,1,0.34375));
		draw(
			ellipsoid( (-0.49895,-0.31424,0.80765), (-0.1819,-0.87321,-0.45212), (0.84733,-0.3725,0.37852), 1.8116, 2.3944, 4.0145, (gDx*23,gDy*2,gDz*0)),rgb(0,1,0.15625));
		draw(
			ellipsoid( (-0.64801,0.011439,0.76155), (0.40469,0.85223,0.33156), (0.64522,-0.52305,0.55688), 1.7347, 2.5382, 4.1351, (gDx*24,gDy*2,gDz*0)),rgb(0,1,0.25));
		draw(
			ellipsoid( (-0.5352,0.076744,-0.84123), (0.41949,0.88853,-0.18583), (-0.7332,0.45235,0.50774), 0.95257, 1.3277, 3.5162, (gDx*0,gDy*3,gDz*0)),rgb(0,1,0.90625));
		draw(
			ellipsoid( (-0.58429,0.52477,-0.61905), (0.72715,0.67725,-0.11222), (-0.36036,0.51571,0.7773), 0.96001, 1.253, 3.1098, (gDx*1,gDy*3,gDz*0)),rgb(0,1,0.71875));
		draw(
			ellipsoid( (-0.42783,0.74798,-0.50743), (0.90385,0.35683,-0.23608), (-0.0044833,0.55964,0.82872), 0.97504, 1.4541, 3.3361, (gDx*2,gDy*3,gDz*0)),rgb(0,1,0.8125));
		draw(
			ellipsoid( (-0.32387,0.82809,-0.45758), (0.912,0.14458,-0.38387), (0.25172,0.54163,0.80204), 0.97584, 1.4891, 3.9372, (gDx*3,gDy*3,gDz*0)),rgb(0,1,1));
		draw(
			ellipsoid( (-0.35848,0.77379,-0.52225), (0.91458,0.17895,-0.36266), (0.18716,0.60765,0.77184), 1.1027, 1.6827, 3.3548, (gDx*4,gDy*3,gDz*0)),rgb(0,1,0.625));
		draw(
			ellipsoid( (-0.49258,0.57467,-0.65355), (0.86853,0.27709,-0.41096), (0.055074,0.77005,0.6356), 1.1819, 1.7206, 2.9099, (gDx*5,gDy*3,gDz*0)),rgb(0,1,0.34375));
		draw(
			ellipsoid( (-0.60034,0.29337,-0.74399), (0.79581,0.3113,-0.5194), (0.079228,-0.90389,-0.42036), 1.0439, 1.7158, 2.9592, (gDx*6,gDy*3,gDz*0)),rgb(0,1,0.53125));
		draw(
			ellipsoid( (-0.62077,-0.00062456,-0.78399), (0.72654,0.37528,-0.57559), (0.29457,-0.92691,-0.23251), 1.1213, 1.6707, 2.8044, (gDx*7,gDy*3,gDz*0)),rgb(0,1,0.34375));
		draw(
			ellipsoid( (0.59244,0.28401,0.75389), (0.64236,0.39823,-0.65482), (-0.4862,0.87221,0.053487), 1.1334, 1.7382, 2.9612, (gDx*8,gDy*3,gDz*0)),rgb(0,1,0.4375));
		draw(
			ellipsoid( (0.46158,0.57822,0.67276), (-0.37593,-0.55942,0.73873), (-0.80351,0.59389,0.04085), 1.1341, 1.789, 2.7303, (gDx*9,gDy*3,gDz*0)),rgb(0,1,0.25));
		draw(
			ellipsoid( (0.32622,0.83981,0.43393), (-0.1105,-0.42202,0.89983), (-0.93881,0.34149,0.044873), 1.0168, 1.7338, 2.9271, (gDx*10,gDy*3,gDz*0)),rgb(0,1,0.53125));
		draw(
			ellipsoid( (0.17893,0.94823,0.2624), (-0.029732,-0.26137,0.96478), (-0.98341,0.18043,0.018574), 1.1015, 1.6603, 3.2784, (gDx*11,gDy*3,gDz*0)),rgb(0,1,0.625));
		draw(
			ellipsoid( (0.057072,0.99777,0.034511), (-0.045371,-0.03194,0.99846), (0.99734,-0.05855,0.043447), 1.0744, 1.659, 3.9085, (gDx*12,gDy*3,gDz*0)),rgb(0,1,0.8125));
		draw(
			ellipsoid( (-0.10255,0.9941,0.035405), (-0.017618,-0.037402,0.99914), (0.99457,0.10183,0.021349), 1.1532, 1.6816, 4.353, (gDx*13,gDy*3,gDz*0)),rgb(0,1,0.90625));
		draw(
			ellipsoid( (-0.25344,0.95877,0.12854), (0.092584,-0.10823,0.98981), (-0.96291,-0.26276,0.061337), 1.1898, 1.8637, 4.4289, (gDx*14,gDy*3,gDz*0)),rgb(0,1,0.90625));
		draw(
			ellipsoid( (0.2947,-0.95504,-0.032408), (0.19804,0.027861,0.9798), (-0.93484,-0.29517,0.19734), 1.1482, 2.0534, 4.525, (gDx*15,gDy*3,gDz*0)),rgb(0,1,0.90625));
		draw(
			ellipsoid( (0.28683,-0.95681,0.047257), (0.31146,0.13979,0.93992), (-0.90594,-0.25488,0.3381), 1.1062, 2.1829, 4.5918, (gDx*16,gDy*3,gDz*0)),rgb(0,1,1));
		draw(
			ellipsoid( (-0.23687,0.92918,-0.28377), (-0.32506,-0.35104,-0.87813), (-0.91555,-0.11577,0.38519), 1.0843, 2.2232, 4.5561, (gDx*17,gDy*3,gDz*0)),rgb(0,1,1));
		draw(
			ellipsoid( (0.18294,-0.76633,0.61585), (0.26911,0.64153,0.71834), (-0.94557,0.034321,0.32359), 1.1777, 2.2609, 4.2409, (gDx*18,gDy*3,gDz*0)),rgb(0,1,0.8125));
		draw(
			ellipsoid( (0.085656,-0.56225,0.82252), (0.41451,0.77082,0.48375), (-0.906,0.29951,0.29909), 1.1131, 2.5495, 4.1671, (gDx*19,gDy*3,gDz*0)),rgb(0,1,0.90625));
		draw(
			ellipsoid( (-0.0089206,-0.51902,0.85472), (0.48214,0.7466,0.4584), (-0.87605,0.41618,0.24358), 1.0625, 2.5966, 4.2312, (gDx*20,gDy*3,gDz*0)),rgb(0,1,0.90625));
		draw(
			ellipsoid( (-0.07549,-0.48122,0.87334), (0.44681,0.76667,0.46106), (-0.89144,0.42503,0.15714), 1.3817, 2.591, 4.0003, (gDx*21,gDy*3,gDz*0)),rgb(0,1,0.53125));
		draw(
			ellipsoid( (-0.1891,-0.39185,0.90038), (0.41606,0.79858,0.43493), (-0.88946,0.45686,0.012021), 1.7438, 2.5826, 3.901, (gDx*22,gDy*3,gDz*0)),rgb(0,1,0.15625));
		draw(
			ellipsoid( (-0.33111,-0.15997,0.92993), (-0.46221,-0.8317,-0.30764), (0.82264,-0.53169,0.20145), 2.0021, 2.5864, 3.9581, (gDx*23,gDy*3,gDz*0)),rgb(0.03125,1,0));
		draw(
			ellipsoid( (-0.40329,0.11736,0.90751), (-0.67931,-0.70287,-0.21099), (0.61311,-0.70157,0.36318), 1.9038, 2.6399, 4.1584, (gDx*24,gDy*3,gDz*0)),rgb(0,1,0.0625));
		draw(
			ellipsoid( (0.19412,-0.18279,0.9638), (-0.65476,-0.75575,-0.011457), (0.73049,-0.62883,-0.26639), 0.86276, 1.4528, 3.9255, (gDx*0,gDy*4,gDz*0)),rgb(0,0.90625,1));
		draw(
			ellipsoid( (-0.24236,0.40578,-0.88125), (0.79363,0.60539,0.060496), (-0.55805,0.68472,0.46876), 0.85895, 1.3281, 3.2067, (gDx*1,gDy*4,gDz*0)),rgb(0,1,0.90625));
		draw(
			ellipsoid( (-0.29776,0.61314,-0.73171), (0.94507,0.2976,-0.1352), (-0.13486,0.73178,0.66807), 0.80705, 1.4807, 2.9168, (gDx*2,gDy*4,gDz*0)),rgb(0,1,0.8125));
		draw(
			ellipsoid( (-0.12905,0.76684,-0.62873), (0.94874,-0.088979,-0.30327), (0.2885,0.63564,0.71605), 0.99114, 1.3313, 3.4055, (gDx*3,gDy*4,gDz*0)),rgb(0,1,0.8125));
		draw(
			ellipsoid( (-0.29546,0.8148,-0.4988), (0.87903,0.027366,-0.47598), (0.37418,0.57909,0.72432), 1.0497, 1.5184, 3.4054, (gDx*4,gDy*4,gDz*0)),rgb(0,1,0.71875));
		draw(
			ellipsoid( (-0.44447,0.80492,-0.39314), (-0.773,-0.12285,0.62239), (0.45267,0.58053,0.67681), 1.0903, 1.7476, 3.3744, (gDx*5,gDy*4,gDz*0)),rgb(0,1,0.625));
		draw(
			ellipsoid( (-0.57688,0.64568,-0.50031), (-0.72118,-0.115,0.68314), (0.38355,0.7549,0.53199), 1.047, 1.7381, 3.2142, (gDx*6,gDy*4,gDz*0)),rgb(0,1,0.625));
		draw(
			ellipsoid( (-0.68293,0.35898,-0.63619), (0.71175,0.13107,-0.69009), (-0.16435,-0.9241,-0.34502), 1.1034, 1.6486, 3.0253, (gDx*7,gDy*4,gDz*0)),rgb(0,1,0.4375));
		draw(
			ellipsoid( (-0.79131,0.093331,-0.60425), (0.61141,0.12165,-0.78191), (0.00052971,-0.98818,-0.15333), 1.0305, 1.6871, 2.9582, (gDx*8,gDy*4,gDz*0)),rgb(0,1,0.53125));
		draw(
			ellipsoid( (0.76774,0.048184,0.63895), (-0.63963,-0.0016327,0.76868), (-0.038081,0.99884,-0.029567), 1.0558, 1.8682, 2.6926, (gDx*9,gDy*4,gDz*0)),rgb(0,1,0.34375));
		draw(
			ellipsoid( (0.59163,0.63072,0.50216), (-0.20881,-0.48173,0.85108), (-0.7787,0.60838,0.15331), 1.2775, 1.8982, 2.5678, (gDx*10,gDy*4,gDz*0)),rgb(0.03125,1,0));
		draw(
			ellipsoid( (0.4165,0.88209,0.22011), (-0.040361,-0.22393,0.97377), (-0.90824,0.41446,0.057666), 1.081, 1.9018, 3.5675, (gDx*11,gDy*4,gDz*0)),rgb(0,1,0.71875));
		draw(
			ellipsoid( (0.30869,0.94323,-0.12256), (0.02791,0.11982,0.9924), (-0.95075,0.30976,-0.01066), 1.0338, 1.8476, 4.5855, (gDx*12,gDy*4,gDz*0)),rgb(0,1,1));
		draw(
			ellipsoid( (0.19185,0.9484,-0.25244), (0.035891,0.25027,0.96751), (-0.98077,0.19468,-0.013975), 1.1533, 1.9744, 4.5824, (gDx*13,gDy*4,gDz*0)),rgb(0,1,0.90625));
		draw(
			ellipsoid( (0.056937,0.96668,-0.24958), (0.066881,0.24573,0.96703), (-0.99614,0.071752,0.050662), 1.2159, 2.018, 4.1644, (gDx*14,gDy*4,gDz*0)),rgb(0,1,0.71875));
		draw(
			ellipsoid( (-0.058476,0.99028,-0.12621), (-0.20938,-0.13578,-0.96836), (-0.97608,-0.0302,0.21529), 1.072, 2.1081, 3.9521, (gDx*15,gDy*4,gDz*0)),rgb(0,1,0.8125));
		draw(
			ellipsoid( (-0.14142,0.98627,-0.085285), (-0.38529,-0.13419,-0.91299), (-0.9119,-0.096255,0.39897), 0.90716, 2.1322, 4.1041, (gDx*16,gDy*4,gDz*0)),rgb(0,0.90625,1));
		draw(
			ellipsoid( (-0.16914,0.95291,-0.25172), (-0.3457,-0.29653,-0.89026), (-0.92298,-0.063556,0.37958), 1.0763, 2.0557, 4.1745, (gDx*17,gDy*4,gDz*0)),rgb(0,1,0.90625));
		draw(
			ellipsoid( (0.1597,-0.81873,0.55152), (0.31268,0.57188,0.75841), (-0.93634,0.051333,0.34733), 1.2309, 2.1838, 4.1829, (gDx*18,gDy*4,gDz*0)),rgb(0,1,0.71875));
		draw(
			ellipsoid( (0.086057,-0.64068,0.76297), (0.43984,0.71157,0.54791), (-0.89394,0.28843,0.34303), 1.2036, 2.5905, 4.3294, (gDx*19,gDy*4,gDz*0)),rgb(0,1,0.8125));
		draw(
			ellipsoid( (0.013652,-0.6055,0.79573), (0.56009,0.66387,0.49556), (-0.82832,0.43891,0.3482), 1.3588, 2.6955, 4.177, (gDx*20,gDy*4,gDz*0)),rgb(0,1,0.625));
		draw(
			ellipsoid( (-0.043864,-0.53686,0.84253), (0.61219,0.65201,0.44733), (-0.7895,0.53541,0.30006), 1.5442, 2.7321, 3.9654, (gDx*21,gDy*4,gDz*0)),rgb(0,1,0.34375));
		draw(
			ellipsoid( (-0.070706,-0.36366,0.92884), (0.62693,0.70807,0.32495), (-0.77586,0.6053,0.17793), 1.8018, 2.7581, 3.8657, (gDx*22,gDy*4,gDz*0)),rgb(0,1,0.0625));
		draw(
			ellipsoid( (-0.081784,-0.057917,0.99497), (0.69388,0.71331,0.098557), (-0.71543,0.69845,-0.01815), 1.9568, 2.801, 4.033, (gDx*23,gDy*4,gDz*0)),rgb(0.03125,1,0));
		draw(
			ellipsoid( (-0.069997,0.19743,0.97782), (0.81044,0.58278,-0.059651), (-0.58163,0.78828,-0.20079), 1.8548, 2.873, 4.4913, (gDx*24,gDy*4,gDz*0)),rgb(0,1,0.25));
		draw(
			ellipsoid( (-0.0082543,-0.18013,0.98361), (0.84686,0.52182,0.10267), (-0.53176,0.83382,0.14824), 0.81703, 1.4946, 4.2899, (gDx*0,gDy*5,gDz*0)),rgb(0,0.8125,1));
		draw(
			ellipsoid( (0.16045,-0.29984,0.9404), (-0.93255,-0.35824,0.044887), (0.32343,-0.88417,-0.3371), 0.85162, 1.4932, 3.3206, (gDx*1,gDy*5,gDz*0)),rgb(0,1,0.90625));
		draw(
			ellipsoid( (0.32202,-0.47194,0.82072), (-0.94672,-0.16446,0.27689), (0.0043059,-0.86616,-0.49975), 0.74872, 1.4783, 3.2951, (gDx*2,gDy*5,gDz*0)),rgb(0,1,1));
		draw(
			ellipsoid( (-0.2087,0.62276,-0.75406), (0.93076,-0.11021,-0.34862), (0.30022,0.77461,0.55664), 0.84275, 1.4707, 3.3345, (gDx*3,gDy*5,gDz*0)),rgb(0,1,0.90625));
		draw(
			ellipsoid( (-0.24286,0.78718,-0.56689), (0.8444,-0.11611,-0.52298), (0.4775,0.60569,0.6365), 1.0137, 1.5777, 3.2862, (gDx*4,gDy*5,gDz*0)),rgb(0,1,0.71875));
		draw(
			ellipsoid( (0.27574,-0.91378,0.29828), (0.75786,0.015788,-0.65223), (0.59128,0.4059,0.69687), 1.021, 1.7691, 3.5743, (gDx*5,gDy*5,gDz*0)),rgb(0,1,0.8125));
		draw(
			ellipsoid( (-0.25371,0.87747,-0.40704), (-0.76159,0.078222,0.64333), (0.59634,0.47322,0.64842), 1.1179, 1.7852, 3.0373, (gDx*6,gDy*5,gDz*0)),rgb(0,1,0.4375));
		draw(
			ellipsoid( (-0.30229,0.78107,-0.54639), (-0.75742,0.15119,0.63518), (0.57874,0.60586,0.54589), 1.1892, 1.7599, 2.6324, (gDx*7,gDy*5,gDz*0)),rgb(0,1,0.15625));
		draw(
			ellipsoid( (-0.50307,0.64142,-0.57922), (0.71348,-0.069975,-0.69717), (-0.48771,-0.76399,-0.42244), 1.1482, 1.6889, 2.504, (gDx*8,gDy*5,gDz*0)),rgb(0,1,0.0625));
		draw(
			ellipsoid( (-0.78614,0.45834,-0.41463), (-0.46632,0.00043333,0.88462), (-0.40563,-0.88878,-0.21339), 1.035, 1.7732, 2.8724, (gDx*9,gDy*5,gDz*0)),rgb(0,1,0.4375));
		draw(
			ellipsoid( (-0.74181,0.1366,-0.65655), (-0.67041,-0.12746,0.73096), (-0.016164,-0.98239,-0.18613), 1.5096, 2.0275, 2.2758, (gDx*10,gDy*5,gDz*0)),rgb(0.59375,1,0));
		draw(
			ellipsoid( (0.59345,0.6356,0.49378), (-0.1879,-0.48713,0.85287), (-0.78263,0.59893,0.16966), 1.4197, 1.8425, 2.9603, (gDx*11,gDy*5,gDz*0)),rgb(0,1,0.0625));
		draw(
			ellipsoid( (0.51431,0.84584,-0.14156), (0.12749,0.087816,0.98794), (-0.84807,0.52616,0.062675), 1.28, 1.9716, 4.2573, (gDx*12,gDy*5,gDz*0)),rgb(0,1,0.71875));
		draw(
			ellipsoid( (0.45103,0.83683,-0.31029), (0.18704,0.25131,0.94966), (-0.87269,0.48637,0.043176), 1.1405, 2.3898, 4.8237, (gDx*13,gDy*5,gDz*0)),rgb(0,1,1));
		draw(
			ellipsoid( (0.34028,0.87752,-0.3379), (0.24007,0.26636,0.9335), (-0.90916,0.39877,0.12003), 1.17, 2.4609, 4.3025, (gDx*14,gDy*5,gDz*0)),rgb(0,1,0.8125));
		draw(
			ellipsoid( (-0.16702,-0.95236,0.25518), (0.32059,0.19229,0.92749), (-0.93237,0.23672,0.2732), 0.99732, 2.3442, 3.8255, (gDx*15,gDy*5,gDz*0)),rgb(0,1,0.90625));
		draw(
			ellipsoid( (0.022655,0.98827,-0.15102), (-0.403,-0.12922,-0.90603), (-0.91492,0.081387,0.39534), 0.57077, 2.2096, 4.012, (gDx*16,gDy*5,gDz*0)),rgb(0,0.53125,1));
		draw(
			ellipsoid( (-0.064124,0.96304,-0.26163), (-0.34168,-0.26751,-0.90094), (-0.93763,0.031621,0.3462), 1.0555, 1.9457, 3.8878, (gDx*17,gDy*5,gDz*0)),rgb(0,1,0.8125));
		draw(
			ellipsoid( (0.082193,-0.88146,0.46506), (0.37414,0.4598,0.80536), (-0.92372,0.1078,0.36758), 1.3223, 2.1506, 4.0283, (gDx*18,gDy*5,gDz*0)),rgb(0,1,0.625));
		draw(
			ellipsoid( (0.074204,-0.77323,0.62976), (0.49311,0.57735,0.65077), (-0.86679,0.26226,0.42413), 1.4893, 2.4945, 4.1957, (gDx*19,gDy*5,gDz*0)),rgb(0,1,0.53125));
		draw(
			ellipsoid( (0.042493,-0.7184,0.69433), (0.67803,0.53116,0.50807), (-0.7338,0.44919,0.50967), 1.6756, 2.7944, 4.2821, (gDx*20,gDy*5,gDz*0)),rgb(0,1,0.34375));
		draw(
			ellipsoid( (-0.022652,-0.58468,0.81095), (0.71964,0.55354,0.41919), (-0.69398,0.59308,0.40822), 1.7048, 2.785, 3.905, (gDx*21,gDy*5,gDz*0)),rgb(0,1,0.15625));
		draw(
			ellipsoid( (-0.097488,-0.42952,0.89778), (0.7611,0.54907,0.34533), (-0.64127,0.71696,0.27337), 1.7581, 2.8042, 3.7156, (gDx*22,gDy*5,gDz*0)),rgb(0,1,0.0625));
		draw(
			ellipsoid( (-0.14359,-0.2198,0.96492), (0.7953,0.55464,0.24469), (-0.58897,0.80253,0.095162), 1.8189, 2.8938, 3.813, (gDx*23,gDy*5,gDz*0)),rgb(0,1,0.0625));
		draw(
			ellipsoid( (-0.1775,-0.030514,0.98365), (-0.85684,-0.48685,-0.16972), (0.48406,-0.87295,0.060269), 1.775, 3.0257, 4.1888, (gDx*24,gDy*5,gDz*0)),rgb(0,1,0.25));
		draw(
			ellipsoid( (-0.16551,-0.1074,0.98034), (0.97831,0.10766,0.17696), (-0.12455,0.98837,0.087256), 0.93938, 1.5058, 3.3724, (gDx*0,gDy*6,gDz*0)),rgb(0,1,0.8125));
		draw(
			ellipsoid( (0.0052699,-0.21889,0.97574), (-0.99962,0.025256,0.011065), (-0.027065,-0.97542,-0.21867), 0.89426, 1.4301, 3.3557, (gDx*1,gDy*6,gDz*0)),rgb(0,1,0.90625));
		draw(
			ellipsoid( (0.15046,-0.38029,0.91255), (-0.97527,0.094071,0.20001), (-0.1619,-0.92007,-0.35673), 0.87434, 1.483, 3.3347, (gDx*2,gDy*6,gDz*0)),rgb(0,1,0.90625));
		draw(
			ellipsoid( (0.16593,-0.54092,0.82454), (-0.90559,0.24739,0.34454), (-0.39035,-0.80387,-0.4488), 0.80698, 1.6202, 3.456, (gDx*3,gDy*6,gDz*0)),rgb(0,1,1));
		draw(
			ellipsoid( (-0.19677,0.73061,-0.65383), (0.8134,-0.25069,-0.52492), (0.54742,0.63511,0.54495), 0.9717, 1.6303, 3.2969, (gDx*4,gDy*6,gDz*0)),rgb(0,1,0.71875));
		draw(
			ellipsoid( (-0.1665,0.91239,-0.37394), (-0.76095,0.12228,0.63718), (0.62708,0.39064,0.67392), 1.0414, 1.7196, 3.1756, (gDx*5,gDy*6,gDz*0)),rgb(0,1,0.625));
		draw(
			ellipsoid( (0.039958,-0.96291,0.26685), (0.72067,-0.15721,-0.67521), (0.69212,0.21929,0.68766), 0.97851, 1.8864, 3.1982, (gDx*6,gDy*6,gDz*0)),rgb(0,1,0.71875));
		draw(
			ellipsoid( (-0.035589,0.9413,-0.33568), (-0.57888,0.25439,0.77472), (0.81464,0.22189,0.53584), 1.0142, 2.0044, 3.055, (gDx*7,gDy*6,gDz*0)),rgb(0,1,0.625));
		draw(
			ellipsoid( (-0.17946,0.87236,-0.45473), (-0.46999,0.33005,0.81864), (-0.86423,-0.36064,-0.35077), 0.97563, 1.8732, 2.9151, (gDx*8,gDy*6,gDz*0)),rgb(0,1,0.625));
		draw(
			ellipsoid( (-0.45596,0.77506,-0.43748), (-0.4404,0.23067,0.86766), (-0.7734,-0.58829,-0.23616), 1.0105, 1.8624, 3.1069, (gDx*9,gDy*6,gDz*0)),rgb(0,1,0.625));
		draw(
			ellipsoid( (-0.57293,0.70971,-0.40995), (-0.36651,0.22553,0.90267), (-0.73309,-0.66742,-0.13091), 1.1736, 1.9509, 2.9351, (gDx*10,gDy*6,gDz*0)),rgb(0,1,0.34375));
		draw(
			ellipsoid( (-0.71791,0.58287,-0.38061), (-0.32458,0.20342,0.92373), (-0.61584,-0.78669,-0.043152), 1.4286, 1.9903, 2.615, (gDx*11,gDy*6,gDz*0)),rgb(0.21875,1,0));
		draw(
			ellipsoid( (0.96746,0.1348,-0.21414), (-0.24242,0.25118,-0.93709), (-0.072536,0.95851,0.27569), 1.7513, 2.0681, 2.538, (gDx*12,gDy*6,gDz*0)),rgb(0.78125,1,0));
		draw(
			ellipsoid( (0.85337,0.46088,-0.24361), (0.261,0.026792,0.96497), (-0.45126,0.88706,0.097428), 1.3625, 2.3292, 3.6384, (gDx*13,gDy*6,gDz*0)),rgb(0,1,0.4375));
		draw(
			ellipsoid( (0.6045,0.65484,-0.45362), (0.41837,0.22361,0.88032), (-0.6779,0.72193,0.13879), 1.2455, 2.6648, 3.8452, (gDx*14,gDy*6,gDz*0)),rgb(0,1,0.625));
		draw(
			ellipsoid( (-0.40146,-0.79323,0.45784), (0.41686,0.28686,0.86252), (0.81551,-0.53712,-0.2155), 1.2419, 2.5986, 3.4288, (gDx*15,gDy*6,gDz*0)),rgb(0,1,0.53125));
		draw(
			ellipsoid( (-0.19688,-0.88342,0.42522), (0.35618,0.33963,0.87051), (0.91344,-0.32283,-0.24779), 1.0866, 2.5165, 3.5185, (gDx*16,gDy*6,gDz*0)),rgb(0,1,0.71875));
		draw(
			ellipsoid( (-0.12494,-0.89349,0.43135), (0.45232,0.33565,0.82628), (-0.88306,0.29834,0.36221), 1.4056, 2.1329, 3.3952, (gDx*17,gDy*6,gDz*0)),rgb(0,1,0.25));
		draw(
			ellipsoid( (0.053154,0.93338,-0.35492), (-0.44992,-0.29492,-0.84297), (-0.89149,0.20449,0.40427), 1.4874, 2.1974, 3.7974, (gDx*18,gDy*6,gDz*0)),rgb(0,1,0.34375));
		draw(
			ellipsoid( (-0.027426,-0.9272,0.37356), (0.58112,0.28927,0.76067), (-0.81335,0.23795,0.53089), 1.5446, 2.401, 4.1111, (gDx*19,gDy*6,gDz*0)),rgb(0,1,0.4375));
		draw(
			ellipsoid( (-0.03523,-0.84076,0.54026), (0.67676,0.37771,0.63193), (-0.73536,0.38789,0.55568), 1.7593, 2.6284, 4.1151, (gDx*20,gDy*6,gDz*0)),rgb(0,1,0.25));
		draw(
			ellipsoid( (-0.054932,-0.67449,0.73624), (0.78706,0.42449,0.4476), (-0.61443,0.60405,0.50754), 1.8025, 2.7236, 3.8158, (gDx*21,gDy*6,gDz*0)),rgb(0,1,0.0625));
		draw(
			ellipsoid( (-0.117,-0.47614,0.87155), (0.89023,0.33873,0.30456), (-0.44023,0.81151,0.38425), 1.7071, 2.7748, 3.6875, (gDx*22,gDy*6,gDz*0)),rgb(0,1,0.0625));
		draw(
			ellipsoid( (-0.16331,-0.31236,0.93582), (0.93144,0.26384,0.25061), (-0.32519,0.91259,0.24786), 1.6564, 2.9135, 3.7674, (gDx*23,gDy*6,gDz*0)),rgb(0,1,0.15625));
		draw(
			ellipsoid( (-0.21487,-0.16187,0.96313), (0.95765,0.15864,0.24031), (-0.19169,0.97398,0.12093), 1.6887, 3.1128, 4.142, (gDx*24,gDy*6,gDz*0)),rgb(0,1,0.34375));
		draw(
			ellipsoid( (0.011731,0.080848,0.99666), (-0.89029,0.45463,-0.0264), (-0.45524,-0.88701,0.077311), 0.81354, 1.4696, 3.092, (gDx*0,gDy*7,gDz*0)),rgb(0,1,0.90625));
		draw(
			ellipsoid( (0.061798,-0.092701,0.99377), (-0.89834,0.42872,0.095855), (-0.43493,-0.89867,-0.056783), 0.90628, 1.5476, 3.0298, (gDx*1,gDy*7,gDz*0)),rgb(0,1,0.71875));
		draw(
			ellipsoid( (0.10352,-0.29669,0.94935), (-0.88943,0.3996,0.22187), (-0.44519,-0.86735,-0.22252), 0.97826, 1.6087, 3.1498, (gDx*2,gDy*7,gDz*0)),rgb(0,1,0.71875));
		draw(
			ellipsoid( (0.17158,-0.50807,0.84405), (-0.85773,0.34441,0.38168), (-0.48462,-0.78946,-0.37669), 0.98241, 1.6357, 3.4552, (gDx*3,gDy*7,gDz*0)),rgb(0,1,0.8125));
		draw(
			ellipsoid( (-0.18813,0.67325,-0.71508), (0.80182,-0.31517,-0.50769), (0.56717,0.66888,0.48054), 0.97854, 1.7109, 3.338, (gDx*4,gDy*7,gDz*0)),rgb(0,1,0.71875));
		draw(
			ellipsoid( (-0.10893,0.83567,-0.53831), (-0.69875,0.3208,0.6394), (0.70702,0.4458,0.54898), 1.0353, 1.8226, 2.9026, (gDx*5,gDy*7,gDz*0)),rgb(0,1,0.53125));
		draw(
			ellipsoid( (-0.017297,0.95233,-0.30456), (-0.63056,0.22601,0.74251), (0.77595,0.20489,0.59659), 0.91509, 1.9549, 2.9959, (gDx*6,gDy*7,gDz*0)),rgb(0,1,0.71875));
		draw(
			ellipsoid( (-0.062944,-0.97015,0.23419), (0.62836,-0.22083,-0.74592), (0.77537,0.10021,0.6235), 0.91389, 2.0731, 3.0402, (gDx*7,gDy*7,gDz*0)),rgb(0,1,0.71875));
		draw(
			ellipsoid( (0.0070684,0.95541,-0.29519), (-0.34472,0.27943,0.89615), (0.93868,0.095424,0.33133), 0.95507, 1.9072, 2.862, (gDx*8,gDy*7,gDz*0)),rgb(0,1,0.625));
		draw(
			ellipsoid( (-0.16129,0.87514,-0.4562), (-0.26508,0.40685,0.87419), (-0.95064,-0.26192,-0.16637), 1.006, 1.7084, 3.0145, (gDx*9,gDy*7,gDz*0)),rgb(0,1,0.625));
		draw(
			ellipsoid( (-0.39081,0.81109,-0.43521), (-0.28585,0.3425,0.89498), (-0.87496,-0.47417,-0.097996), 1.0348, 1.6041, 2.9615, (gDx*10,gDy*7,gDz*0)),rgb(0,1,0.53125));
		draw(
			ellipsoid( (-0.62673,0.76566,-0.1448), (-0.12603,0.083779,0.98848), (-0.76897,-0.63776,-0.043988), 0.89944, 1.7522, 2.9485, (gDx*11,gDy*7,gDz*0)),rgb(0,1,0.71875));
		draw(
			ellipsoid( (0.73669,-0.67157,0.079209), (0.12779,0.023233,-0.99153), (0.66404,0.74058,0.10293), 0.97245, 2.1508, 3.0921, (gDx*12,gDy*7,gDz*0)),rgb(0,1,0.71875));
		draw(
			ellipsoid( (0.87173,-0.4879,0.045054), (0.16758,0.21048,-0.96313), (0.46043,0.84714,0.26525), 1.183, 2.4557, 3.1763, (gDx*13,gDy*7,gDz*0)),rgb(0,1,0.4375));
		draw(
			ellipsoid( (-0.97073,-0.027399,0.23862), (0.2381,-0.24044,0.94101), (-0.031591,-0.97028,-0.23993), 1.0546, 2.4525, 3.3793, (gDx*14,gDy*7,gDz*0)),rgb(0,1,0.71875));
		draw(
			ellipsoid( (-0.7031,-0.38135,0.60019), (0.67656,-0.098911,0.72972), (0.21891,-0.91912,-0.32755), 1.3757, 2.6429, 3.1656, (gDx*15,gDy*7,gDz*0)),rgb(0,1,0.25));
		draw(
			ellipsoid( (-0.52153,-0.59552,0.61104), (0.62581,0.21981,0.74836), (-0.57997,0.77269,0.25805), 1.4894, 2.7562, 3.8211, (gDx*16,gDy*7,gDz*0)),rgb(0,1,0.34375));
		draw(
			ellipsoid( (-0.51339,-0.70384,0.49096), (0.5986,0.11622,0.79257), (-0.6149,0.70079,0.36165), 1.7081, 2.3126, 3.6703, (gDx*17,gDy*7,gDz*0)),rgb(0,1,0.0625));
		draw(
			ellipsoid( (0.28311,0.92581,-0.25046), (-0.51283,-0.074545,-0.85525), (-0.81046,0.37057,0.45368), 1.5987, 2.3454, 3.5265, (gDx*18,gDy*7,gDz*0)),rgb(0,1,0.15625));
		draw(
			ellipsoid( (0.18853,0.96383,-0.18841), (-0.61473,-0.033797,-0.78801), (-0.76587,0.26438,0.58612), 1.5355, 2.5842, 3.778, (gDx*19,gDy*7,gDz*0)),rgb(0,1,0.34375));
		draw(
			ellipsoid( (-0.188,-0.90985,0.36991), (0.73519,0.11937,0.66727), (-0.65127,0.3974,0.64647), 1.705, 2.7129, 3.7246, (gDx*20,gDy*7,gDz*0)),rgb(0,1,0.15625));
		draw(
			ellipsoid( (0.24006,0.79677,-0.55455), (0.83431,0.1227,0.53746), (-0.49628,0.59169,0.6353), 1.8255, 2.799, 3.7352, (gDx*21,gDy*7,gDz*0)),rgb(0.03125,1,0));
		draw(
			ellipsoid( (-0.26868,-0.65054,0.71036), (0.8757,0.14219,0.46144), (-0.40119,0.74604,0.53148), 1.8781, 2.827, 3.6247, (gDx*22,gDy*7,gDz*0)),rgb(0.125,1,0));
		draw(
			ellipsoid( (-0.26811,-0.46592,0.84323), (0.92692,0.1138,0.3576), (-0.26258,0.87748,0.40136), 1.8603, 2.9331, 3.6491, (gDx*23,gDy*7,gDz*0)),rgb(0.03125,1,0));
		draw(
			ellipsoid( (-0.27129,-0.27491,0.9224), (0.95708,0.024468,0.28878), (-0.10196,0.96116,0.25647), 1.8356, 3.0893, 3.9836, (gDx*24,gDy*7,gDz*0)),rgb(0,1,0.15625));
		draw(
			ellipsoid( (-0.089834,0.41069,0.90734), (-0.79642,0.51741,-0.31305), (-0.59803,-0.75075,0.2806), 0.84093, 1.1688, 3.5167, (gDx*0,gDy*8,gDz*0)),rgb(0,1,1));
		draw(
			ellipsoid( (0.020492,0.1385,0.99015), (-0.74108,0.66688,-0.077944), (-0.67111,-0.73218,0.1163), 0.9246, 1.4246, 3.4224, (gDx*1,gDy*8,gDz*0)),rgb(0,1,0.90625));
		draw(
			ellipsoid( (0.019572,-0.094087,0.99537), (-0.7267,0.68242,0.078794), (-0.68668,-0.72488,-0.055016), 0.98769, 1.7384, 3.485, (gDx*2,gDy*8,gDz*0)),rgb(0,1,0.8125));
		draw(
			ellipsoid( (0.092828,-0.36262,0.9273), (-0.77593,0.55728,0.2956), (-0.62395,-0.74696,-0.22964), 1.1004, 1.7404, 3.4292, (gDx*3,gDy*8,gDz*0)),rgb(0,1,0.625));
		draw(
			ellipsoid( (0.15119,-0.5653,0.81091), (-0.76214,0.45576,0.45982), (-0.62952,-0.68754,-0.36193), 1.0684, 1.9048, 3.3113, (gDx*4,gDy*8,gDz*0)),rgb(0,1,0.625));
		draw(
			ellipsoid( (-0.094806,0.73163,-0.67507), (0.64389,-0.47211,-0.60209), (-0.75922,-0.49175,-0.42633), 1.0402, 1.9621, 2.8903, (gDx*5,gDy*8,gDz*0)),rgb(0,1,0.53125));
		draw(
			ellipsoid( (0.0063447,-0.90261,0.43041), (-0.56451,0.35204,0.74659), (-0.8254,-0.24771,-0.5073), 0.9281, 2.0274, 2.8181, (gDx*6,gDy*8,gDz*0)),rgb(0,1,0.625));
		draw(
			ellipsoid( (0.11232,0.9522,-0.28406), (-0.652,0.28635,0.70207), (0.74986,0.10635,0.653), 0.92223, 2.0633, 2.8306, (gDx*7,gDy*8,gDz*0)),rgb(0,1,0.625));
		draw(
			ellipsoid( (0.16628,0.96002,-0.22522), (-0.50148,0.27898,0.81896), (0.84904,-0.023235,0.52782), 1.0186, 2.0058, 2.6197, (gDx*8,gDy*8,gDz*0)),rgb(0,1,0.4375));
		draw(
			ellipsoid( (-0.096074,-0.97903,0.17966), (-0.12865,0.1912,0.97308), (0.98703,-0.070376,0.14432), 1.1942, 1.9289, 2.4126, (gDx*9,gDy*8,gDz*0)),rgb(0.03125,1,0));
		draw(
			ellipsoid( (-0.11809,0.97729,-0.17593), (-0.0072345,0.17631,0.98431), (-0.99298,-0.11751,0.01375), 1.2319, 1.845, 2.4534, (gDx*10,gDy*8,gDz*0)),rgb(0.03125,1,0));
		draw(
			ellipsoid( (-0.30873,0.94598,-0.098974), (-0.0053613,0.10232,0.99474), (-0.95113,-0.30764,0.026519), 1.1413, 1.923, 2.5624, (gDx*11,gDy*8,gDz*0)),rgb(0,1,0.15625));
		draw(
			ellipsoid( (-0.43421,0.90039,-0.027681), (-0.019094,-0.039922,-0.99902), (-0.90061,-0.43325,0.034526), 1.0991, 2.0937, 2.9005, (gDx*12,gDy*8,gDz*0)),rgb(0,1,0.4375));
		draw(
			ellipsoid( (0.51322,-0.85809,-0.017084), (-0.056628,-0.013993,-0.9983), (0.85639,0.51331,-0.055773), 1.0375, 2.2801, 3.3603, (gDx*13,gDy*8,gDz*0)),rgb(0,1,0.71875));
		draw(
			ellipsoid( (0.60942,-0.78613,-0.10297), (0.064871,0.17888,-0.98173), (0.79019,0.5916,0.16001), 1.2628, 2.3861, 3.3801, (gDx*14,gDy*8,gDz*0)),rgb(0,1,0.4375));
		draw(
			ellipsoid( (-0.75683,0.52727,0.38626), (0.03959,-0.55289,0.83231), (0.65241,0.64521,0.39757), 1.6471, 2.4907, 3.4665, (gDx*15,gDy*8,gDz*0)),rgb(0,1,0.0625));
		draw(
			ellipsoid( (-0.7128,-0.087656,0.69586), (0.68549,-0.29694,0.66478), (0.14836,0.95086,0.27175), 1.8606, 2.5698, 3.4921, (gDx*16,gDy*8,gDz*0)),rgb(0.21875,1,0));
		draw(
			ellipsoid( (-0.73297,-0.28884,0.6159), (0.66229,-0.096233,0.74305), (-0.15535,0.95253,0.26183), 1.8136, 2.2589, 3.7091, (gDx*17,gDy*8,gDz*0)),rgb(0,1,0.0625));
		draw(
			ellipsoid( (-0.76258,-0.4942,0.41742), (0.61944,-0.37185,0.69139), (-0.18647,0.78581,0.58969), 1.8695, 2.4456, 3.0821, (gDx*18,gDy*8,gDz*0)),rgb(0.5,1,0));
		draw(
			ellipsoid( (0.49845,0.81228,-0.30289), (0.85653,-0.4075,0.3167), (-0.13382,0.4173,0.89886), 1.8324, 2.6511, 3.1971, (gDx*19,gDy*8,gDz*0)),rgb(0.3125,1,0));
		draw(
			ellipsoid( (-0.39634,-0.85354,0.33821), (0.87596,-0.24123,0.41774), (0.27497,-0.46183,-0.84327), 1.7267, 2.8157, 3.538, (gDx*20,gDy*8,gDz*0)),rgb(0,1,0.0625));
		draw(
			ellipsoid( (-0.36861,-0.83514,0.40826), (0.89316,-0.19644,0.40457), (0.25768,-0.51377,-0.81832), 1.7506, 2.9435, 3.7945, (gDx*21,gDy*8,gDz*0)),rgb(0,1,0.15625));
		draw(
			ellipsoid( (0.40933,0.76548,-0.49647), (0.89319,-0.22517,0.38925), (-0.18617,0.60278,0.77589), 1.8989, 2.9558, 3.7563, (gDx*22,gDy*8,gDz*0)),rgb(0.03125,1,0));
		draw(
			ellipsoid( (-0.41088,-0.62182,0.66673), (0.90259,-0.17435,0.39362), (-0.12851,0.76351,0.63288), 1.9935, 2.987, 3.7048, (gDx*23,gDy*8,gDz*0)),rgb(0.21875,1,0));
		draw(
			ellipsoid( (-0.37645,-0.40795,0.83178), (0.92357,-0.094668,0.37156), (-0.072835,0.90808,0.41241), 1.9393, 3.0379, 3.8732, (gDx*24,gDy*8,gDz*0)),rgb(0.03125,1,0));
		draw(
			ellipsoid( (0.41351,0.30381,0.85832), (0.68935,-0.72031,-0.07714), (-0.59482,-0.62358,0.50729), 0.86948, 1.1366, 3.4242, (gDx*0,gDy*9,gDz*0)),rgb(0,1,1));
		draw(
			ellipsoid( (0.11096,0.25373,0.96089), (-0.67299,0.73063,-0.11521), (-0.73128,-0.63388,0.25182), 0.97546, 1.474, 3.3493, (gDx*1,gDy*9,gDz*0)),rgb(0,1,0.8125));
		draw(
			ellipsoid( (-0.010802,0.065055,0.99782), (-0.56393,0.82366,-0.059805), (-0.82576,-0.56334,0.027788), 0.89526, 1.8601, 4.1719, (gDx*2,gDy*9,gDz*0)),rgb(0,0.90625,1));
		draw(
			ellipsoid( (0.064427,-0.18289,0.98102), (-0.57623,0.79579,0.1862), (-0.81475,-0.57729,-0.054116), 1.0582, 1.9258, 3.6747, (gDx*3,gDy*9,gDz*0)),rgb(0,1,0.71875));
		draw(
			ellipsoid( (0.12332,-0.43149,0.89365), (-0.68159,0.61768,0.3923), (-0.72127,-0.65748,-0.21792), 1.1067, 2.1577, 3.3798, (gDx*4,gDy*9,gDz*0)),rgb(0,1,0.625));
		draw(
