	import three;
	import settings;

	surface ellipsoid(triple v1,triple v2,triple v3,real l1,real l2, real l3, triple pos=O) {
		transform3 T = identity(4);
		T[0][0] = l1*v1.x;
		T[1][0] = l1*v1.y;
		T[2][0] = l1*v1.z;
		T[0][1] = l2*v2.x;
		T[1][1] = l2*v2.y;
		T[2][1] = l2*v2.z;
		T[0][2] = l3*v3.x;
		T[1][2] = l3*v3.y;
		T[2][2] = l3*v3.z;
		T[0][3] = pos.x;
		T[1][3] = pos.y;
		T[2][3] = pos.z;
		return T*unitsphere;
	}

	size(200);

	real gDx=4;
	real gDy=4;
	real gDz=4;

	currentprojection=perspective( camera=(gDx*12,gDy*12,25),up=Y, target=(gDx*12,gDy*12,gDz*-0.5));
		draw(
			ellipsoid( (0.94255,0.33184,-0.038444), (0.33202,-0.94327,-0.0016396), (0.036807,0.011219,0.99926), 1.2034, 0.90054, 3.415, (gDx*0,gDy*0,gDz*0)),rgb(0,1,0.97656));
		draw(
			ellipsoid( (0.25877,-0.052385,-0.96452), (-0.96586,-0.026731,-0.25768), (0.012284,-0.99827,0.057514), 3.3941, 1.6097, 1.0371, (gDx*1,gDy*0,gDz*0)),rgb(0,1,0.74219));
		draw(
			ellipsoid( (0.77243,-0.20121,-0.60238), (-0.63379,-0.18337,-0.75146), (-0.040746,-0.96223,0.26917), 3.6277, 1.4247, 0.94972, (gDx*2,gDy*0,gDz*0)),rgb(0,1,0.95312));
		draw(
			ellipsoid( (-0.90384,0.22614,0.36322), (0.30132,-0.26625,0.9156), (-0.30376,-0.937,-0.17251), 3.6291, 1.1268, 0.98605, (gDx*3,gDy*0,gDz*0)),rgb(0,1,1));
		draw(
			ellipsoid( (0.94467,-0.16885,-0.28123), (-0.32094,-0.65292,-0.68606), (0.067784,-0.73836,0.67099), 3.3844, 1.1367, 1.2937, (gDx*4,gDy*0,gDz*0)),rgb(0,1,0.74219));
		draw(
			ellipsoid( (0.99314,-0.070559,-0.093254), (-0.11641,-0.52053,-0.84587), (-0.011142,-0.85092,0.52517), 3.3866, 1.0735, 1.4554, (gDx*5,gDy*0,gDz*0)),rgb(0,1,0.74219));
		draw(
			ellipsoid( (0.99878,0.044637,-0.021059), (0.048168,-0.78856,0.61307), (-0.010759,0.61334,0.78975), 3.6938, 1.5967, 0.91993, (gDx*6,gDy*0,gDz*0)),rgb(0,1,0.97656));
		draw(
			ellipsoid( (0.99412,0.10308,0.033134), (0.089472,-0.60977,-0.78752), (0.06097,-0.78585,0.6154), 3.6828, 0.85308, 1.3927, (gDx*7,gDy*0,gDz*0)),rgb(0,0.92969,1));
		draw(
			ellipsoid( (0.98892,0.11655,0.091925), (0.1482,-0.81026,-0.56702), (-0.0083977,-0.57437,0.81856), 3.0404, 0.71248, 1.4581, (gDx*8,gDy*0,gDz*0)),rgb(0,0.97656,1));
		draw(
			ellipsoid( (0.9876,0.13781,0.075252), (0.15595,-0.80505,-0.57234), (0.018293,-0.57697,0.81656), 2.8829, 0.69853, 1.4061, (gDx*9,gDy*0,gDz*0)),rgb(0,1,1));
		draw(
			ellipsoid( (-0.87075,-0.49146,-0.016107), (-0.41918,0.72477,0.5468), (0.25705,-0.48288,0.83711), 2.9185, 0.98275, 1.6923, (gDx*10,gDy*0,gDz*0)),rgb(0,1,0.60156));
		draw(
			ellipsoid( (0.81818,-0.54888,-0.1712), (-0.55205,-0.83316,0.032895), (0.16069,-0.067595,0.98469), 1.2887, 2.6497, 2.1618, (gDx*11,gDy*0,gDz*0)),rgb(0,1,0.0625));
		draw(
			ellipsoid( (0.23329,0.97056,0.059909), (0.96654,-0.2382,0.095218), (-0.10668,-0.035691,0.99365), 4.1855, 0.73113, 1.8778, (gDx*12,gDy*0,gDz*0)),rgb(0,0.69531,1));
		draw(
			ellipsoid( (0.33463,0.94233,0.0057391), (0.93265,-0.3303,-0.14513), (0.13487,-0.053917,0.9894), 5.1398, 1.1187, 1.5705, (gDx*13,gDy*0,gDz*0)),rgb(0,0.83594,1));
		draw(
			ellipsoid( (0.71924,0.68737,-0.10105), (0.69468,-0.70924,0.12001), (-0.010823,0.15652,0.98762), 4.2487, 0.96172, 1.9396, (gDx*14,gDy*0,gDz*0)),rgb(0,0.92969,1));
		draw(
			ellipsoid( (0.83696,0.52394,-0.15806), (0.5471,-0.80809,0.21836), (0.013317,0.26924,0.96298), 4.3004, 0.97192, 1.9569, (gDx*15,gDy*0,gDz*0)),rgb(0,0.92969,1));
		draw(
			ellipsoid( (0.90967,0.38395,-0.15839), (0.41532,-0.83765,0.35475), (-0.0035308,0.38848,0.92145), 4.3401, 1.0225, 1.944, (gDx*16,gDy*0,gDz*0)),rgb(0,0.97656,1));
		draw(
			ellipsoid( (0.98673,0.11001,-0.11945), (0.16171,-0.73316,0.66055), (0.01491,0.6711,0.74122), 4.3528, 0.91308, 1.7233, (gDx*17,gDy*0,gDz*0)),rgb(0,0.85938,1));
		draw(
			ellipsoid( (0.99562,0.047662,-0.080381), (0.092113,-0.64545,0.75822), (0.015743,0.76231,0.64702), 4.6061, 0.9156, 1.8622, (gDx*18,gDy*0,gDz*0)),rgb(0,0.8125,1));
		draw(
			ellipsoid( (0.9939,-0.10735,0.025445), (-0.075372,-0.49227,0.86718), (0.080569,0.8638,0.49735), 4.2158, 1.1843, 2.1445, (gDx*19,gDy*0,gDz*0)),rgb(0,1,0.83594));
		draw(
			ellipsoid( (0.95444,-0.22112,0.20038), (-0.27621,-0.40052,0.87366), (0.11293,0.88921,0.44335), 3.6535, 1.0557, 2.2026, (gDx*20,gDy*0,gDz*0)),rgb(0,1,0.8125));
		draw(
			ellipsoid( (0.9195,-0.26571,0.28968), (-0.36444,-0.30006,0.88156), (0.14732,0.91617,0.37274), 3.7995, 1.1616, 2.2165, (gDx*21,gDy*0,gDz*0)),rgb(0,1,0.71875));
		draw(
			ellipsoid( (0.92617,-0.21111,0.31247), (-0.34791,-0.1587,0.924), (0.14548,0.96449,0.22043), 4.1912, 1.1349, 2.1031, (gDx*22,gDy*0,gDz*0)),rgb(0,1,0.85938));
		draw(
			ellipsoid( (0.81013,-0.23026,0.53914), (-0.58246,-0.21167,0.78482), (0.066589,0.94983,0.3056), 3.6091, 1.4908, 2.5471, (gDx*23,gDy*0,gDz*0)),rgb(0,1,0.32031));
		draw(
			ellipsoid( (-0.88071,-0.21662,0.42123), (-0.47066,0.30018,-0.82968), (-0.05328,0.92896,0.36633), 1.847, 3.3208, 2.6256, (gDx*24,gDy*0,gDz*0)),rgb(0.24219,1,0));
		draw(
			ellipsoid( (0.32391,-0.33693,-0.88406), (-0.9363,0.019912,-0.35064), (-0.13574,-0.94132,0.30902), 3.7263, 1.3608, 0.92086, (gDx*0,gDy*1,gDz*0)),rgb(0,0.97656,1));
		draw(
			ellipsoid( (0.10217,-0.38563,-0.91698), (-0.97099,-0.23898,-0.0076885), (0.21618,-0.89116,0.39887), 3.6537, 1.0477, 1.2253, (gDx*1,gDy*1,gDz*0)),rgb(0,1,0.92969));
		draw(
			ellipsoid( (-0.37558,0.39836,0.83681), (0.74444,0.66749,0.016367), (0.55204,-0.6291,0.54725), 3.2312, 1.5106, 1.123, (gDx*2,gDy*1,gDz*0)),rgb(0,1,0.60156));
		draw(
			ellipsoid( (-0.72625,0.36567,0.58211), (0.54594,0.82138,0.16516), (0.41774,-0.43774,0.79616), 3.3698, 1.2132, 1.2031, (gDx*3,gDy*1,gDz*0)),rgb(0,1,0.71875));
		draw(
			ellipsoid( (0.80117,-0.40071,-0.44447), (-0.59805,-0.50943,-0.61872), (-0.021504,-0.76152,0.64779), 3.4032, 1.0336, 1.3859, (gDx*4,gDy*1,gDz*0)),rgb(0,1,0.78906));
		draw(
			ellipsoid( (0.85564,-0.42604,-0.29388), (-0.49613,-0.51344,-0.70017), (-0.14741,-0.74489,0.6507), 3.0341, 1.0551, 1.4483, (gDx*5,gDy*1,gDz*0)),rgb(0,1,0.60156));
		draw(
			ellipsoid( (0.97614,-0.10476,-0.19021), (-0.19529,-0.80653,-0.558), (0.094955,-0.58184,0.80774), 3.1418, 0.87983, 1.6254, (gDx*6,gDy*1,gDz*0)),rgb(0,1,0.83594));
		draw(
			ellipsoid( (0.99719,-0.056327,-0.049433), (-0.072151,-0.89992,-0.43005), (0.020263,-0.43241,0.90145), 3.1347, 0.72793, 1.4545, (gDx*7,gDy*1,gDz*0)),rgb(0,0.95312,1));
		draw(
			ellipsoid( (0.99971,-0.016065,0.018156), (-0.023392,-0.44259,0.89642), (0.0063654,0.89658,0.44283), 2.8444, 1.4378, 0.7418, (gDx*8,gDy*1,gDz*0)),rgb(0,1,0.90625));
		draw(
			ellipsoid( (0.99971,0.0061546,0.023356), (0.016866,-0.87007,-0.49265), (-0.017289,-0.4929,0.86992), 2.8425, 0.73227, 1.3591, (gDx*9,gDy*1,gDz*0)),rgb(0,1,0.92969));
		draw(
			ellipsoid( (0.96234,0.27001,0.031452), (0.21704,-0.69353,-0.68696), (0.16367,-0.66792,0.72602), 2.7218, 0.93266, 1.4233, (gDx*10,gDy*1,gDz*0)),rgb(0,1,0.57812));
		draw(
			ellipsoid( (0.87871,0.4666,0.10079), (0.46926,-0.88306,-0.0029896), (-0.087612,-0.049925,0.9949), 2.8316, 0.95802, 1.3076, (gDx*11,gDy*1,gDz*0)),rgb(0,1,0.625));
		draw(
			ellipsoid( (0.8298,0.5557,0.051294), (0.54955,-0.82967,0.098192), (-0.097123,0.053291,0.99384), 3.3737, 0.96455, 1.5008, (gDx*12,gDy*1,gDz*0)),rgb(0,1,0.83594));
		draw(
			ellipsoid( (0.74269,0.6663,-0.066817), (0.66941,-0.73614,0.099945), (-0.017406,0.11896,0.99275), 4.2225, 0.979, 1.914, (gDx*13,gDy*1,gDz*0)),rgb(0,0.95312,1));
		draw(
			ellipsoid( (0.74238,0.66561,-0.07642), (0.66974,-0.73426,0.11093), (-0.017721,0.13353,0.99089), 4.2182, 0.97499, 1.9265, (gDx*14,gDy*1,gDz*0)),rgb(0,0.95312,1));
		draw(
			ellipsoid( (0.8472,0.5143,-0.13321), (0.53098,-0.81123,0.24489), (-0.01788,0.2782,0.96036), 4.1189, 1.0293, 1.9742, (gDx*15,gDy*1,gDz*0)),rgb(0,1,0.95312));
		draw(
			ellipsoid( (0.91155,0.37642,-0.16549), (0.41116,-0.83937,0.35552), (0.0050774,0.39212,0.9199), 4.2387, 1.0646, 1.953, (gDx*16,gDy*1,gDz*0)),rgb(0,1,0.95312));
		draw(
			ellipsoid( (0.98106,0.092531,-0.17017), (0.18218,-0.73922,0.64836), (0.065798,0.66708,0.74207), 4.2191, 1.0087, 1.8967, (gDx*17,gDy*1,gDz*0)),rgb(0,1,1));
		draw(
			ellipsoid( (0.99048,0.012171,-0.1371), (0.11058,-0.6635,0.73996), (0.081963,0.74808,0.65853), 4.5281, 1.0052, 2.0558, (gDx*18,gDy*1,gDz*0)),rgb(0,0.92969,1));
		draw(
			ellipsoid( (0.98556,-0.16592,-0.033925), (-0.15512,-0.80404,-0.57398), (-0.067959,-0.57095,0.81817), 4.2209, 2.3367, 1.3017, (gDx*19,gDy*1,gDz*0)),rgb(0,1,0.71875));
		draw(
			ellipsoid( (0.96498,-0.26167,0.018299), (-0.22054,-0.84712,-0.48348), (-0.14202,-0.46251,0.87516), 4.2515, 2.4331, 1.1799, (gDx*20,gDy*1,gDz*0)),rgb(0,1,0.83594));
		draw(
			ellipsoid( (0.95036,-0.27485,0.14585), (-0.25345,-0.41191,0.87526), (0.18049,0.86878,0.46113), 4.2081, 1.271, 2.3677, (gDx*21,gDy*1,gDz*0)),rgb(0,1,0.74219));
		draw(
			ellipsoid( (0.9074,-0.26183,0.32873), (-0.41419,-0.42462,0.80507), (0.071209,0.86668,0.49375), 4.1168, 1.4918, 2.2212, (gDx*22,gDy*1,gDz*0)),rgb(0,1,0.50781));
		draw(
			ellipsoid( (0.85581,-0.29569,0.42444), (-0.51351,-0.38668,0.76602), (0.062378,0.87353,0.48276), 3.899, 1.6746, 2.3571, (gDx*23,gDy*1,gDz*0)),rgb(0,1,0.25));
		draw(
			ellipsoid( (-0.71237,0.43742,-0.54881), (0.63995,0.08386,-0.76383), (0.28809,0.89534,0.33967), 3.785, 1.8225, 2.5449, (gDx*24,gDy*1,gDz*0)),rgb(0,1,0.039062));
		draw(
			ellipsoid( (0.53681,-0.37417,-0.7562), (-0.84207,-0.18174,-0.50784), (-0.052586,-0.90938,0.41263), 3.3361, 1.0647, 1.2018, (gDx*0,gDy*2,gDz*0)),rgb(0,1,0.8125));
		draw(
			ellipsoid( (-0.19732,0.46723,0.86184), (0.92316,-0.2073,0.32374), (-0.32992,-0.85949,0.39042), 3.4397, 0.76807, 1.333, (gDx*1,gDy*2,gDz*0)),rgb(0,0.90625,1));
		draw(
			ellipsoid( (-0.79857,0.50063,-0.33415), (0.60162,0.68092,-0.41762), (-0.018457,0.53453,0.84495), 0.98955, 1.4283, 3.2894, (gDx*2,gDy*2,gDz*0)),rgb(0,1,0.78906));
		draw(
			ellipsoid( (-0.33162,0.80979,-0.48401), (0.94312,0.29739,-0.14862), (-0.023588,0.50577,0.86235), 1.1126, 1.6876, 3.3962, (gDx*3,gDy*2,gDz*0)),rgb(0,1,0.64844));
		draw(
			ellipsoid( (0.4562,-0.50177,-0.73492), (-0.88646,-0.3286,-0.32591), (0.077959,-0.80015,0.59471), 3.2071, 1.7206, 1.3374, (gDx*4,gDy*2,gDz*0)),rgb(0,1,0.32031));
		draw(
			ellipsoid( (-0.55096,0.67837,0.48607), (0.66914,0.011044,0.74305), (-0.4987,-0.73464,0.46001), 2.8209, 1.3459, 1.5809, (gDx*5,gDy*2,gDz*0)),rgb(0,1,0.13281));
		draw(
			ellipsoid( (-0.73704,0.62414,0.25927), (0.50457,0.25294,0.82549), (-0.44964,-0.73924,0.50135), 2.7231, 1.259, 1.535, (gDx*6,gDy*2,gDz*0)),rgb(0,1,0.15625));
		draw(
			ellipsoid( (0.8327,-0.55292,-0.029856), (-0.52084,-0.80041,0.29677), (0.18799,0.23157,0.95448), 2.7579, 1.5347, 1.0856, (gDx*7,gDy*2,gDz*0)),rgb(0,1,0.39062));
		draw(
			ellipsoid( (0.86257,-0.50593,-0.00056549), (-0.4913,-0.83789,0.23785), (0.12081,0.20489,0.9713), 2.6973, 1.5035, 1.0014, (gDx*8,gDy*2,gDz*0)),rgb(0,1,0.46094));
		draw(
			ellipsoid( (0.9827,-0.18518,0.0040886), (-0.14849,-0.80078,-0.58026), (-0.11073,-0.56961,0.81442), 2.8876, 0.89345, 1.3235, (gDx*9,gDy*2,gDz*0)),rgb(0,1,0.74219));
		draw(
			ellipsoid( (0.9992,0.0079071,-0.039103), (0.03854,-0.44454,0.89493), (0.010306,0.89573,0.44449), 2.7568, 1.4084, 0.92025, (gDx*10,gDy*2,gDz*0)),rgb(0,1,0.625));
		draw(
			ellipsoid( (0.99156,0.12921,-0.010369), (0.11764,-0.93056,-0.34674), (0.054452,-0.3426,0.9379), 3.1639, 1.1333, 1.3698, (gDx*11,gDy*2,gDz*0)),rgb(0,1,0.60156));
		draw(
			ellipsoid( (0.97472,0.20964,0.07726), (0.21509,-0.97404,-0.070621), (-0.060449,-0.085454,0.99451), 3.671, 1.1311, 1.5818, (gDx*12,gDy*2,gDz*0)),rgb(0,1,0.76562));
		draw(
			ellipsoid( (0.91365,0.4044,-0.041264), (0.39775,-0.91032,-0.11449), (0.083861,-0.088189,0.99257), 4.4254, 1.2105, 1.9452, (gDx*13,gDy*2,gDz*0)),rgb(0,1,0.88281));
		draw(
			ellipsoid( (-0.87987,-0.46152,0.11327), (-0.45472,0.8869,0.081454), (0.13805,-0.020163,0.99022), 4.4417, 1.1021, 2.0045, (gDx*14,gDy*2,gDz*0)),rgb(0,1,0.97656));
		draw(
			ellipsoid( (-0.89995,-0.37859,0.21623), (-0.39731,0.91637,-0.049157), (0.17953,0.13015,0.9751), 4.4508, 1.1321, 2.0599, (gDx*15,gDy*2,gDz*0)),rgb(0,1,0.95312));
		draw(
			ellipsoid( (-0.92302,-0.2742,0.26991), (-0.30372,0.94991,-0.073649), (0.2362,0.14996,0.96006), 4.4458, 1.1486, 2.053, (gDx*16,gDy*2,gDz*0)),rgb(0,1,0.92969));
		draw(
			ellipsoid( (0.94204,0.075815,-0.32681), (0.26915,0.41075,0.87112), (-0.20028,0.90859,-0.36654), 4.3364, 2.1927, 1.0995, (gDx*17,gDy*2,gDz*0)),rgb(0,1,0.95312));
		draw(
			ellipsoid( (0.95847,-0.0098667,-0.28501), (0.22873,0.62348,0.74764), (-0.17032,0.78178,-0.59984), 4.2738, 2.1953, 1.1021, (gDx*18,gDy*2,gDz*0)),rgb(0,1,0.92969));
		draw(
			ellipsoid( (0.95112,-0.25665,-0.17177), (-0.30871,-0.80523,-0.50626), (0.00838,-0.53454,0.8451), 4.0781, 2.4821, 1.3146, (gDx*19,gDy*2,gDz*0)),rgb(0,1,0.67188));
		draw(
			ellipsoid( (0.93396,-0.34055,-0.10837), (-0.35177,-0.82253,-0.44688), (-0.063051,-0.45549,0.888), 4.1655, 2.4793, 1.2062, (gDx*20,gDy*2,gDz*0)),rgb(0,1,0.78906));
		draw(
			ellipsoid( (0.94072,-0.33705,0.037911), (-0.27822,-0.83077,-0.4821), (-0.19398,-0.44297,0.8753), 3.987, 2.3902, 1.3403, (gDx*21,gDy*2,gDz*0)),rgb(0,1,0.60156));
		draw(
			ellipsoid( (0.90684,-0.32984,0.26238), (-0.39808,-0.46581,0.79028), (0.13845,0.82111,0.55372), 3.9099, 1.5757, 2.3344, (gDx*22,gDy*2,gDz*0)),rgb(0,1,0.34375));
		draw(
			ellipsoid( (0.85994,-0.32279,0.39536), (-0.50172,-0.39239,0.77091), (0.09371,0.8613,0.49939), 3.8978, 1.6945, 2.4059, (gDx*23,gDy*2,gDz*0)),rgb(0,1,0.22656));
		draw(
			ellipsoid( (-0.71222,0.46165,-0.52879), (0.633,0.096808,-0.76807), (0.30339,0.88176,0.36117), 3.7722, 1.7981, 2.5455, (gDx*24,gDy*2,gDz*0)),rgb(0,1,0.0625));
		draw(
			ellipsoid( (-0.7096,0.41097,0.57233), (0.54093,0.83825,0.068748), (0.45151,-0.35837,0.81713), 3.2375, 1.341, 1.0385, (gDx*0,gDy*3,gDz*0)),rgb(0,1,0.74219));
		draw(
			ellipsoid( (-0.34435,0.49966,0.79484), (0.81768,0.57563,-0.0076125), (0.46133,-0.6473,0.60678), 3.1196, 1.2935, 1.0026, (gDx*1,gDy*3,gDz*0)),rgb(0,1,0.74219));
		draw(
			ellipsoid( (-0.48909,0.73426,-0.4708), (0.86722,0.35155,-0.35262), (0.093409,0.58075,0.80871), 0.9754, 1.5632, 3.3381, (gDx*2,gDy*3,gDz*0)),rgb(0,1,0.78906));
		draw(
			ellipsoid( (-0.25891,-0.56953,-0.78013), (-0.91016,-0.12655,0.39445), (0.32338,-0.81217,0.4856), 3.4775, 1.518, 1.0084, (gDx*3,gDy*3,gDz*0)),rgb(0,1,0.8125));
		draw(
			ellipsoid( (-0.17952,-0.59309,-0.78487), (-0.93441,-0.14672,0.32459), (0.30766,-0.79166,0.52785), 3.169, 1.6936, 1.0771, (gDx*4,gDy*3,gDz*0)),rgb(0,1,0.60156));
		draw(
			ellipsoid( (-0.17355,-0.76585,-0.61915), (-0.90928,-0.11687,0.39943), (0.37827,-0.63231,0.67609), 2.7754, 1.7035, 1.2426, (gDx*5,gDy*3,gDz*0)),rgb(0,1,0.17969));
		draw(
			ellipsoid( (-0.55898,0.3368,-0.7577), (0.82175,0.34707,-0.45196), (-0.11076,0.87528,0.47077), 1.1345, 1.7222, 2.7614, (gDx*6,gDy*3,gDz*0)),rgb(0,1,0.32031));
		draw(
			ellipsoid( (-0.4373,0.88161,0.17757), (0.62492,0.1559,0.76496), (-0.64672,-0.44548,0.61911), 2.6646, 1.1859, 1.6861, (gDx*7,gDy*3,gDz*0)),rgb(0,1,0.17969));
		draw(
			ellipsoid( (-0.50768,0.85409,0.11312), (0.63944,0.28554,0.71385), (-0.57739,-0.43474,0.6911), 2.7874, 1.1959, 1.7354, (gDx*8,gDy*3,gDz*0)),rgb(0,1,0.25));
		draw(
			ellipsoid( (-0.84086,0.5409,0.019814), (0.41379,0.61881,0.66772), (-0.34891,-0.56966,0.74414), 2.6272, 1.1895, 1.8766, (gDx*9,gDy*3,gDz*0)),rgb(0,1,0.15625));
		draw(
			ellipsoid( (0.94432,-0.32641,-0.041517), (-0.31506,-0.86059,-0.40014), (-0.09488,-0.39094,0.91551), 2.833, 1.0749, 1.7665, (gDx*10,gDy*3,gDz*0)),rgb(0,1,0.4375));
		draw(
			ellipsoid( (0.97767,-0.2049,-0.046678), (-0.20721,-0.90292,-0.37655), (-0.035009,-0.37782,0.92522), 2.946, 1.2171, 1.6887, (gDx*11,gDy*3,gDz*0)),rgb(0,1,0.32031));
		draw(
			ellipsoid( (0.99874,-0.041726,0.027993), (-0.036564,-0.98566,-0.16471), (-0.034464,-0.16348,0.98594), 3.5606, 1.1254, 1.6451, (gDx*12,gDy*3,gDz*0)),rgb(0,1,0.71875));
		draw(
			ellipsoid( (0.98962,0.14252,-0.01842), (0.13788,-0.9778,-0.15776), (0.040495,-0.15358,0.98731), 4.1795, 1.245, 1.7193, (gDx*13,gDy*3,gDz*0)),rgb(0,1,0.8125));
		draw(
			ellipsoid( (0.95383,0.27995,-0.10882), (0.2601,-0.95106,-0.16684), (0.1502,-0.13084,0.97996), 4.1728, 1.2524, 1.8442, (gDx*14,gDy*3,gDz*0)),rgb(0,1,0.78906));
		draw(
			ellipsoid( (-0.92352,-0.30551,0.23188), (-0.32217,0.94597,-0.036781), (0.20811,0.10867,0.97205), 4.4033, 1.1752, 1.9949, (gDx*15,gDy*3,gDz*0)),rgb(0,1,0.90625));
		draw(
			ellipsoid( (-0.92341,-0.27149,0.27131), (-0.29852,0.95231,-0.063093), (0.24124,0.13925,0.96042), 4.4331, 1.1465, 2.0533, (gDx*16,gDy*3,gDz*0)),rgb(0,1,0.92969));
		draw(
			ellipsoid( (0.94124,0.075773,-0.32912), (0.27276,0.40407,0.87311), (-0.19915,0.91158,-0.35966), 4.3224, 2.1902, 1.1023, (gDx*17,gDy*3,gDz*0)),rgb(0,1,0.92969));
		draw(
			ellipsoid( (0.95506,-0.010131,-0.29625), (0.23898,0.61763,0.74929), (-0.17538,0.78641,-0.59229), 4.2497, 2.1855, 1.1188, (gDx*18,gDy*3,gDz*0)),rgb(0,1,0.90625));
		draw(
			ellipsoid( (0.91751,-0.31138,-0.24743), (-0.39582,-0.77559,-0.49171), (0.038794,-0.54909,0.83486), 4.0359, 2.4917, 1.2168, (gDx*19,gDy*3,gDz*0)),rgb(0,1,0.74219));
		draw(
			ellipsoid( (0.91319,-0.35099,-0.20711), (-0.40721,-0.76543,-0.4983), (-0.01637,-0.53937,0.84191), 4.0573, 2.5015, 1.1877, (gDx*20,gDy*3,gDz*0)),rgb(0,1,0.78906));
		draw(
			ellipsoid( (0.92272,-0.37125,-0.10375), (-0.37843,-0.82122,-0.42707), (-0.073343,-0.43332,0.89825), 3.8178, 2.4823, 1.3738, (gDx*21,gDy*3,gDz*0)),rgb(0,1,0.50781));
		draw(
			ellipsoid( (0.91428,-0.40497,0.0095516), (-0.368,-0.8402,-0.3983), (-0.16933,-0.36064,0.91721), 3.7083, 2.5993, 1.8191, (gDx*22,gDy*3,gDz*0)),rgb(0.0078125,1,0));
		draw(
			ellipsoid( (-0.85495,0.48259,-0.19019), (0.41902,0.85866,0.29517), (-0.30576,-0.17266,0.93632), 3.8042, 2.6167, 2.0625, (gDx*23,gDy*3,gDz*0)),rgb(0.19531,1,0));
		draw(
			ellipsoid( (-0.70802,0.63736,-0.30411), (0.64693,0.75806,0.082603), (-0.28318,0.13825,0.94905), 3.8749, 2.7328, 2.0214, (gDx*24,gDy*3,gDz*0)),rgb(0.125,1,0));
		draw(
			ellipsoid( (0.71538,-0.63999,-0.28045), (-0.6907,-0.70841,-0.14526), (0.10571,-0.29762,0.94881), 3.4285, 1.4809, 0.87375, (gDx*0,gDy*4,gDz*0)),rgb(0,1,0.95312));
		draw(
			ellipsoid( (0.57411,-0.70716,-0.41271), (-0.80168,-0.58797,-0.10774), (0.16647,-0.39271,0.90447), 3.0698, 1.3367, 0.88738, (gDx*1,gDy*4,gDz*0)),rgb(0,1,0.8125));
		draw(
			ellipsoid( (-0.31476,0.59808,-0.73704), (0.94131,0.29639,-0.16149), (-0.12186,0.74461,0.65628), 0.80835, 1.5931, 2.7806, (gDx*2,gDy*4,gDz*0)),rgb(0,1,0.78906));
		draw(
			ellipsoid( (0.30826,0.60225,0.73639), (0.94134,-0.081359,-0.32751), (0.13733,-0.79415,0.592), 3.2091, 1.4077, 1.0573, (gDx*3,gDy*4,gDz*0)),rgb(0,1,0.69531));
		draw(
			ellipsoid( (0.30333,0.57318,0.76122), (0.92392,0.018567,-0.38215), (0.23317,-0.81922,0.52393), 3.174, 1.5509, 1.0677, (gDx*4,gDy*4,gDz*0)),rgb(0,1,0.625));
		draw(
			ellipsoid( (-0.42811,-0.59115,-0.68357), (-0.77692,-0.14563,0.61252), (0.46164,-0.79331,0.39693), 3.1234, 1.6901, 1.138, (gDx*5,gDy*4,gDz*0)),rgb(0,1,0.50781));
		draw(
			ellipsoid( (-0.37761,-0.70998,-0.59442), (-0.74408,-0.14943,0.65117), (0.55114,-0.68818,0.47186), 3.0548, 1.7316, 1.085, (gDx*6,gDy*4,gDz*0)),rgb(0,1,0.53125));
		draw(
			ellipsoid( (-0.64777,0.29578,-0.70208), (0.75497,0.12574,-0.64359), (0.10209,0.94694,0.30475), 1.1858, 1.6553, 2.89, (gDx*7,gDy*4,gDz*0)),rgb(0,1,0.32031));
		draw(
			ellipsoid( (-0.75464,0.07453,-0.65189), (-0.65527,-0.13658,0.74294), (0.033664,-0.98782,-0.15191), 1.0958, 1.6849, 2.7786, (gDx*8,gDy*4,gDz*0)),rgb(0,1,0.36719));
		draw(
			ellipsoid( (-0.71885,0.025545,-0.69469), (0.69502,0.0064599,-0.71896), (0.013878,0.99965,0.022398), 1.1055, 1.8208, 2.6389, (gDx*9,gDy*4,gDz*0)),rgb(0,1,0.27344));
		draw(
			ellipsoid( (0.86074,-0.50191,-0.084992), (-0.49797,-0.79555,-0.34515), (-0.10562,-0.3394,0.93469), 2.6304, 1.2666, 1.8479, (gDx*10,gDy*4,gDz*0)),rgb(0,1,0.039062));
		draw(
			ellipsoid( (0.91285,-0.3904,-0.11953), (-0.40808,-0.86305,-0.29769), (-0.013052,-0.32052,0.94715), 3.0511, 1.1744, 1.8236, (gDx*11,gDy*4,gDz*0)),rgb(0,1,0.41406));
		draw(
			ellipsoid( (0.95211,-0.30574,0.0043525), (-0.29976,-0.9305,0.21052), (0.060313,0.20174,0.97758), 4.1905, 1.065, 1.9128, (gDx*12,gDy*4,gDz*0)),rgb(0,1,0.95312));
		draw(
			ellipsoid( (0.97974,-0.19931,-0.019536), (-0.18636,-0.94306,0.27551), (0.073337,0.26629,0.9611), 4.2641, 1.1937, 2.0792, (gDx*13,gDy*4,gDz*0)),rgb(0,1,0.83594));
		draw(
			ellipsoid( (0.99077,-0.11586,-0.070356), (-0.086258,-0.9393,0.33209), (0.10456,0.32296,0.94062), 3.9381, 1.2756, 2.0697, (gDx*14,gDy*4,gDz*0)),rgb(0,1,0.64844));
		draw(
			ellipsoid( (0.95674,0.052283,-0.28622), (0.2749,0.15983,0.94809), (-0.095317,0.98576,-0.13855), 3.7789, 2.0536, 1.0848, (gDx*15,gDy*4,gDz*0)),rgb(0,1,0.8125));
		draw(
			ellipsoid( (0.9381,0.061134,-0.34093), (0.32775,0.16165,0.93083), (-0.11202,0.98495,-0.13161), 3.8452, 2.0788, 1.0611, (gDx*16,gDy*4,gDz*0)),rgb(0,1,0.85938));
		draw(
			ellipsoid( (0.93834,0.034395,-0.34401), (0.31346,0.3351,0.88851), (-0.14584,0.94155,-0.30366), 3.9187, 2.0307, 1.1922, (gDx*17,gDy*4,gDz*0)),rgb(0,1,0.74219));
		draw(
			ellipsoid( (0.939,-0.022998,-0.34315), (0.31447,0.46137,0.8296), (-0.13924,0.88691,-0.44046), 4.1372, 2.0635, 1.2436, (gDx*18,gDy*4,gDz*0)),rgb(0,1,0.74219));
		draw(
			ellipsoid( (0.90174,-0.30527,-0.30605), (-0.43,-0.70595,-0.56279), (0.044256,-0.63909,0.76786), 4.213, 2.5199, 1.2731, (gDx*19,gDy*4,gDz*0)),rgb(0,1,0.74219));
		draw(
			ellipsoid( (0.80923,-0.455,-0.37163), (-0.5873,-0.61074,-0.5311), (-0.014681,-0.64805,0.76146), 3.9886, 2.7334, 1.5038, (gDx*20,gDy*4,gDz*0)),rgb(0,1,0.46094));
		draw(
			ellipsoid( (0.77319,-0.56005,-0.29753), (-0.62815,-0.61174,-0.48084), (-0.087278,-0.55867,0.82479), 3.8055, 2.7284, 1.6239, (gDx*21,gDy*4,gDz*0)),rgb(0,1,0.25));
		draw(
			ellipsoid( (0.72956,-0.64938,-0.21457), (-0.67824,-0.64666,-0.34903), (-0.087902,-0.40017,0.91221), 3.6433, 2.805, 1.8102, (gDx*22,gDy*4,gDz*0)),rgb(0.0078125,1,0));
		draw(
			ellipsoid( (0.7308,-0.68241,-0.01547), (-0.65891,-0.69935,-0.27704), (-0.17824,-0.21266,0.96073), 3.8474, 2.788, 2.0084, (gDx*23,gDy*4,gDz*0)),rgb(0.125,1,0));
		draw(
			ellipsoid( (0.63324,-0.76418,0.12266), (-0.76099,-0.64365,-0.081305), (-0.14108,0.041859,0.98911), 4.0055, 2.8264, 1.9811, (gDx*24,gDy*4,gDz*0)),rgb(0.0078125,1,0));
		draw(
			ellipsoid( (0.50015,-0.84099,-0.20638), (-0.86509,-0.49583,-0.076017), (0.038397,-0.21655,0.97552), 3.7097, 1.5671, 0.86309, (gDx*0,gDy*5,gDz*0)),rgb(0,0.95312,1));
		draw(
			ellipsoid( (0.38079,-0.87004,-0.31309), (-0.90369,-0.42188,0.073259), (0.19582,-0.25504,0.94689), 3.3616, 1.4774, 0.8804, (gDx*1,gDy*5,gDz*0)),rgb(0,1,0.92969));
		draw(
			ellipsoid( (-0.38547,0.47202,-0.79285), (0.92249,0.17797,-0.34255), (0.020587,0.86343,0.50404), 0.78831, 1.5891, 3.2463, (gDx*2,gDy*5,gDz*0)),rgb(0,1,1));
		draw(
			ellipsoid( (0.36271,0.76618,0.53048), (0.89964,-0.13942,-0.41377), (0.24306,-0.62732,0.73986), 3.2333, 1.5684, 0.88347, (gDx*3,gDy*5,gDz*0)),rgb(0,1,0.85938));
		draw(
			ellipsoid( (-0.45968,-0.6166,-0.63914), (-0.83858,0.06443,0.54096), (0.29237,-0.78464,0.54668), 3.1201, 1.6688, 1.0375, (gDx*4,gDy*5,gDz*0)),rgb(0,1,0.625));
		draw(
			ellipsoid( (0.62243,0.42256,0.6588), (0.7509,-0.085021,-0.65492), (0.22073,-0.90234,0.37022), 3.0949, 1.7592, 1.08, (gDx*5,gDy*5,gDz*0)),rgb(0,1,0.55469));
		draw(
			ellipsoid( (0.62075,0.43536,0.65202), (0.76083,-0.13377,-0.63502), (0.18925,-0.89026,0.41427), 3.021, 1.7828, 1.0628, (gDx*6,gDy*5,gDz*0)),rgb(0,1,0.53125));
		draw(
			ellipsoid( (-0.62161,-0.56785,-0.53958), (-0.72958,0.16895,0.6627), (0.28516,-0.80561,0.51931), 2.5928, 1.6981, 1.2101, (gDx*7,gDy*5,gDz*0)),rgb(0,1,0.085938));
		draw(
			ellipsoid( (-0.55687,-0.65598,-0.50949), (-0.75886,0.15243,0.63317), (0.33769,-0.73922,0.58268), 2.3854, 1.6357, 1.1904, (gDx*8,gDy*5,gDz*0)),rgb(0.03125,1,0));
		draw(
			ellipsoid( (-0.42638,-0.87052,-0.24573), (-0.76592,0.49198,-0.41391), (-0.48121,-0.011728,0.87653), 2.8465, 1.1073, 1.7252, (gDx*9,gDy*5,gDz*0)),rgb(0,1,0.39062));
		draw(
			ellipsoid( (0.68657,-0.061099,0.7245), (0.67373,0.42808,-0.60236), (0.27334,-0.90167,-0.33507), 1.6973, 1.9676, 2.2497, (gDx*10,gDy*5,gDz*0)),rgb(1,0.98438,0));
		draw(
			ellipsoid( (-0.81624,0.53544,0.21693), (0.55289,0.61513,0.56207), (-0.16751,-0.57872,0.79814), 2.8681, 1.3759, 1.7103, (gDx*11,gDy*5,gDz*0)),rgb(0,1,0.085938));
		draw(
			ellipsoid( (-0.88255,0.46632,0.060412), (0.4423,0.86689,-0.22993), (0.15959,0.17621,0.97133), 4.1639, 1.2208, 2.0283, (gDx*12,gDy*5,gDz*0)),rgb(0,1,0.78906));
		draw(
			ellipsoid( (-0.8911,0.44686,0.079117), (0.40548,0.86228,-0.30341), (0.2038,0.23829,0.94957), 4.2468, 1.1885, 2.3264, (gDx*13,gDy*5,gDz*0)),rgb(0,1,0.83594));
		draw(
			ellipsoid( (-0.90599,0.40674,0.11723), (0.3484,0.87381,-0.33923), (0.24041,0.2665,0.93337), 4.0313, 1.2062, 2.406, (gDx*14,gDy*5,gDz*0)),rgb(0,1,0.76562));
		draw(
			ellipsoid( (0.91724,-0.26292,-0.29923), (-0.34697,-0.15842,-0.9244), (-0.19564,-0.95172,0.23653), 3.5685, 2.3117, 1.1365, (gDx*15,gDy*5,gDz*0)),rgb(0,1,0.69531));
		draw(
			ellipsoid( (0.91589,-0.091794,-0.3908), (-0.40029,-0.13534,-0.90634), (-0.030304,-0.98654,0.1607), 3.9584, 2.2982, 0.75753, (gDx*16,gDy*5,gDz*0)),rgb(0,0.74219,1));
		draw(
			ellipsoid( (0.94121,-0.027192,-0.33672), (0.32769,0.31568,0.89049), (-0.082082,0.94848,-0.30603), 3.7837, 2.0452, 1.2072, (gDx*17,gDy*5,gDz*0)),rgb(0,1,0.67188));
		draw(
			ellipsoid( (0.93552,-0.062539,-0.34769), (-0.34508,-0.37253,-0.86148), (0.075648,-0.92591,0.37009), 3.9662, 2.096, 1.2928, (gDx*18,gDy*5,gDz*0)),rgb(0,1,0.64844));
		draw(
			ellipsoid( (0.85658,-0.31285,-0.41035), (-0.51563,-0.54954,-0.65737), (0.019841,-0.77468,0.63204), 3.9612, 2.4539, 1.5862, (gDx*19,gDy*5,gDz*0)),rgb(0,1,0.34375));
		draw(
			ellipsoid( (0.74715,-0.43756,-0.5003), (-0.66447,-0.47427,-0.57753), (-0.015431,-0.76394,0.6451), 3.9536, 2.6996, 1.808, (gDx*20,gDy*5,gDz*0)),rgb(0,1,0.13281));
		draw(
			ellipsoid( (0.7419,-0.58432,-0.32888), (-0.66639,-0.58825,-0.45812), (-0.074224,-0.55904,0.82581), 3.785, 2.7643, 1.6984, (gDx*21,gDy*5,gDz*0)),rgb(0,1,0.17969));
		draw(
			ellipsoid( (0.70146,-0.67354,-0.23303), (-0.706,-0.61188,-0.35661), (-0.097598,-0.41466,0.90473), 3.6458, 2.8103, 1.7913, (gDx*22,gDy*5,gDz*0)),rgb(0,1,0.015625));
		draw(
			ellipsoid( (0.66485,-0.73802,-0.11537), (-0.72565,-0.60146,-0.33418), (-0.17724,-0.3059,0.93542), 3.7776, 2.835, 1.8356, (gDx*23,gDy*5,gDz*0)),rgb(0,1,0.039062));
		draw(
			ellipsoid( (0.58173,-0.81319,-0.017591), (-0.78652,-0.55687,-0.26699), (-0.20732,-0.16915,0.96354), 3.914, 2.9782, 1.8441, (gDx*24,gDy*5,gDz*0)),rgb(0,1,0.085938));
		draw(
			ellipsoid( (0.98547,0.002993,0.16984), (-0.16732,-0.15529,0.9736), (-0.029288,0.98786,0.15253), 1.45, 1.0159, 3.1372, (gDx*0,gDy*6,gDz*0)),rgb(0,1,0.69531));
		draw(
			ellipsoid( (0.99505,-0.036507,0.092436), (0.097637,0.18546,-0.97779), (-0.018553,-0.98197,-0.18811), 1.3898, 0.96523, 3.1852, (gDx*1,gDy*6,gDz*0)),rgb(0,1,0.76562));
		draw(
			ellipsoid( (0.12303,0.93375,0.33613), (0.99147,-0.10093,-0.082498), (0.043105,-0.34341,0.9382), 3.1803, 1.4542, 1.0077, (gDx*2,gDy*6,gDz*0)),rgb(0,1,0.71875));
		draw(
			ellipsoid( (0.46155,0.77127,0.4383), (0.87732,-0.32363,-0.35437), (0.13146,-0.54809,0.82602), 3.2608, 1.6326, 0.88196, (gDx*3,gDy*6,gDz*0)),rgb(0,1,0.88281));
		draw(
			ellipsoid( (0.55134,0.65286,0.51943), (0.81039,-0.27116,-0.51936), (0.19822,-0.70728,0.67857), 3.2136, 1.7238, 0.98235, (gDx*4,gDy*6,gDz*0)),rgb(0,1,0.71875));
		draw(
			ellipsoid( (0.63323,0.41287,0.65465), (0.75228,-0.12952,-0.64599), (0.18192,-0.90154,0.39261), 3.0277, 1.7409, 1.1122, (gDx*5,gDy*6,gDz*0)),rgb(0,1,0.48438));
		draw(
			ellipsoid( (0.68908,0.28237,0.66741), (0.72223,-0.19177,-0.66454), (0.05965,-0.93994,0.33608), 2.9627, 1.9168, 1.0129, (gDx*6,gDy*6,gDz*0)),rgb(0,1,0.57812));
		draw(
			ellipsoid( (0.74178,0.28098,0.60894), (0.66838,-0.23517,-0.70567), (0.055072,-0.93046,0.36224), 2.9076, 2.0094, 1.0648, (gDx*7,gDy*6,gDz*0)),rgb(0,1,0.50781));
		draw(
			ellipsoid( (0.83218,0.33281,0.44352), (0.5398,-0.30321,-0.78529), (0.12687,-0.89292,0.43197), 2.7713, 1.9236, 1.0181, (gDx*8,gDy*6,gDz*0)),rgb(0,1,0.48438));
		draw(
			ellipsoid( (-0.76617,-0.60273,-0.22293), (-0.49472,0.7746,-0.39402), (-0.41017,0.1916,0.89166), 2.9734, 1.132, 1.988, (gDx*9,gDy*6,gDz*0)),rgb(0,1,0.4375));
		draw(
			ellipsoid( (0.51713,-0.75754,0.39837), (-0.76651,-0.617,-0.17827), (-0.38084,0.21317,0.89973), 1.182, 2.9182, 2.062, (gDx*10,gDy*6,gDz*0)),rgb(0,1,0.34375));
		draw(
			ellipsoid( (0.67185,-0.60708,0.42434), (-0.63314,-0.76802,-0.096315), (-0.38437,0.20396,0.90037), 1.3543, 2.5575, 2.0287, (gDx*11,gDy*6,gDz*0)),rgb(0.125,1,0));
		draw(
			ellipsoid( (-0.77975,-0.19155,0.59607), (-0.62443,0.30719,-0.71814), (0.04555,0.93217,0.35914), 1.7378, 2.2336, 2.4975, (gDx*12,gDy*6,gDz*0)),rgb(0.75781,1,0));
		draw(
			ellipsoid( (-0.46349,0.87682,0.12792), (0.84619,0.48081,-0.22975), (0.26295,-0.0017572,0.96481), 3.5554, 1.5166, 2.2145, (gDx*13,gDy*6,gDz*0)),rgb(0,1,0.25));
		draw(
			ellipsoid( (0.51867,0.66833,-0.53322), (0.74847,-0.65638,-0.09464), (0.41324,0.35001,0.84067), 1.2954, 3.7563, 2.6556, (gDx*14,gDy*6,gDz*0)),rgb(0,1,0.60156));
		draw(
			ellipsoid( (0.38493,0.77787,-0.49674), (0.86017,-0.49746,-0.11244), (0.33457,0.384,0.86058), 1.2769, 3.453, 2.5245, (gDx*15,gDy*6,gDz*0)),rgb(0,1,0.50781));
		draw(
			ellipsoid( (0.19879,0.84292,-0.49997), (0.89324,-0.36574,-0.26145), (0.40324,0.39462,0.82563), 1.2427, 3.4821, 2.5184, (gDx*16,gDy*6,gDz*0)),rgb(0,1,0.55469));
		draw(
			ellipsoid( (0.82474,-0.3962,-0.40351), (-0.55438,-0.42559,-0.71522), (-0.11164,-0.81357,0.57065), 3.2446, 2.1733, 1.5181, (gDx*17,gDy*6,gDz*0)),rgb(0,1,0.085938));
		draw(
			ellipsoid( (0.91933,-0.17143,-0.35418), (-0.39116,-0.30049,-0.86988), (-0.0427,-0.93825,0.34331), 3.7044, 2.189, 1.5178, (gDx*18,gDy*6,gDz*0)),rgb(0,1,0.32031));
		draw(
			ellipsoid( (0.81464,-0.2887,-0.503), (-0.57864,-0.34604,-0.73854), (-0.039157,-0.8927,0.44895), 3.8253, 2.3113, 1.5935, (gDx*19,gDy*6,gDz*0)),rgb(0,1,0.29688));
		draw(
			ellipsoid( (0.75636,-0.40925,-0.51032), (-0.65321,-0.43067,-0.62277), (-0.035091,-0.80439,0.59307), 3.9127, 2.5391, 1.8221, (gDx*20,gDy*6,gDz*0)),rgb(0,1,0.10938));
		draw(
			ellipsoid( (0.63797,-0.63627,-0.43376), (-0.76553,-0.46305,-0.4467), (-0.083369,-0.61704,0.7825), 3.6811, 2.7073, 1.7766, (gDx*21,gDy*6,gDz*0)),rgb(0,1,0.039062));
		draw(
			ellipsoid( (0.50842,-0.79678,-0.32656), (-0.84859,-0.39918,-0.34721), (-0.1463,-0.45365,0.87909), 3.5484, 2.7878, 1.7904, (gDx*22,gDy*6,gDz*0)),rgb(0.03125,1,0));
		draw(
			ellipsoid( (0.47146,-0.85682,-0.20876), (-0.85933,-0.39313,-0.32712), (-0.19821,-0.33361,0.92164), 3.5767, 2.9219, 1.749, (gDx*23,gDy*6,gDz*0)),rgb(0,1,0.039062));
		draw(
			ellipsoid( (0.23282,0.20315,-0.95107), (0.90579,0.31072,0.2881), (-0.35404,0.92854,0.11167), 1.7908, 3.0312, 3.7876, (gDx*24,gDy*6,gDz*0)),rgb(0,1,0.10938));
		draw(
			ellipsoid( (0.52271,0.85243,-0.01134), (0.8499,-0.52211,-0.071259), (0.066664,-0.02761,0.99739), 2.9327, 1.5321, 0.84694, (gDx*0,gDy*7,gDz*0)),rgb(0,1,0.78906));
		draw(
			ellipsoid( (0.51888,0.8538,0.04228), (0.8514,-0.51172,-0.11512), (0.076656,-0.095732,0.99245), 2.914, 1.5508, 0.84158, (gDx*1,gDy*7,gDz*0)),rgb(0,1,0.78906));
		draw(
			ellipsoid( (0.5199,0.82468,0.22273), (0.84439,-0.45667,-0.28011), (0.12928,-0.3337,0.93377), 2.942, 1.6097, 1.002, (gDx*2,gDy*7,gDz*0)),rgb(0,1,0.57812));
		draw(
			ellipsoid( (0.51268,0.74928,0.41921), (0.82312,-0.29006,-0.48821), (0.24421,-0.59536,0.76545), 3.2354, 1.5975, 1.0026, (gDx*3,gDy*7,gDz*0)),rgb(0,1,0.71875));
		draw(
			ellipsoid( (0.55473,0.6606,0.50585), (0.80611,-0.27613,-0.52339), (0.20607,-0.69811,0.68569), 3.175, 1.7571, 0.97554, (gDx*4,gDy*7,gDz*0)),rgb(0,1,0.71875));
		draw(
			ellipsoid( (0.75158,0.46245,0.47038), (0.64572,-0.37007,-0.66791), (0.1348,-0.80572,0.57675), 2.8977, 1.7827, 1.0678, (gDx*5,gDy*7,gDz*0)),rgb(0,1,0.48438));
		draw(
			ellipsoid( (0.80551,0.21853,0.55081), (0.59204,-0.25694,-0.76386), (0.0254,-0.9414,0.33635), 2.8273, 1.954, 0.95313, (gDx*6,gDy*7,gDz*0)),rgb(0,1,0.625));
		draw(
			ellipsoid( (0.74152,0.13587,0.65703), (0.66803,-0.24049,-0.7042), (-0.062328,-0.9611,0.26909), 2.757, 1.9757, 0.99991, (gDx*7,gDy*7,gDz*0)),rgb(0,1,0.53125));
		draw(
			ellipsoid( (0.87429,0.091048,0.47678), (0.48187,-0.28103,-0.82996), (-0.058424,-0.95537,0.28958), 2.6253, 1.8839, 0.98803, (gDx*8,gDy*7,gDz*0)),rgb(0,1,0.46094));
		draw(
			ellipsoid( (-0.92656,-0.33322,-0.17452), (-0.30305,0.38644,0.87111), (0.22283,-0.86002,0.45904), 2.7449, 1.7539, 1.1322, (gDx*9,gDy*7,gDz*0)),rgb(0,1,0.29688));
		draw(
			ellipsoid( (-0.91186,-0.39454,-0.11335), (-0.29493,0.82174,-0.48761), (-0.28553,0.4112,0.86567), 2.716, 1.1494, 1.7329, (gDx*10,gDy*7,gDz*0)),rgb(0,1,0.25));
		draw(
			ellipsoid( (-0.60556,0.78245,-0.14514), (0.7852,0.61714,0.051001), (-0.12948,0.08308,0.9881), 0.98221, 2.528, 1.824, (gDx*11,gDy*7,gDz*0)),rgb(0,1,0.41406));
		draw(
			ellipsoid( (0.70113,-0.71075,0.057037), (-0.68657,-0.69454,-0.21505), (-0.19246,-0.11162,0.97494), 1.0427, 2.9359, 2.1264, (gDx*12,gDy*7,gDz*0)),rgb(0,1,0.55469));
		draw(
			ellipsoid( (0.81044,-0.57934,0.086873), (-0.5543,-0.80634,-0.20632), (-0.18958,-0.11905,0.97462), 1.255, 2.9779, 2.3357, (gDx*13,gDy*7,gDz*0)),rgb(0,1,0.32031));
		draw(
			ellipsoid( (-0.96895,-0.042521,0.24356), (-0.24724,0.16334,-0.95509), (-0.00082872,0.98565,0.16878), 1.1973, 2.373, 3.3177, (gDx*14,gDy*7,gDz*0)),rgb(0,1,0.53125));
		draw(
			ellipsoid( (0.65423,0.38935,-0.64838), (0.641,0.16952,0.74858), (-0.40138,0.90535,0.13867), 1.4374, 2.5737, 3.0204, (gDx*15,gDy*7,gDz*0)),rgb(0,1,0.13281));
		draw(
			ellipsoid( (-0.61595,0.73528,0.28278), (0.60395,0.21026,0.76879), (-0.50582,-0.64432,0.57358), 3.5996, 2.5982, 1.5934, (gDx*16,gDy*7,gDz*0)),rgb(0,1,0.20312));
		draw(
			ellipsoid( (-0.56201,0.75422,0.33954), (0.60867,0.65508,-0.44765), (0.56006,0.044919,0.82723), 3.5668, 1.8232, 2.2688, (gDx*17,gDy*7,gDz*0)),rgb(0.054688,1,0));
		draw(
			ellipsoid( (0.85824,-0.32493,-0.3973), (-0.46705,-0.17343,-0.86706), (-0.21283,-0.9297,0.3006), 3.4946, 2.4152, 1.613, (gDx*18,gDy*7,gDz*0)),rgb(0,1,0.10938));
		draw(
			ellipsoid( (0.83177,-0.31756,-0.45531), (-0.51904,-0.15406,-0.84075), (-0.19685,-0.93564,0.29297), 3.6121, 2.5124, 1.6329, (gDx*19,gDy*7,gDz*0)),rgb(0,1,0.15625));
		draw(
			ellipsoid( (0.69047,-0.42133,-0.58799), (-0.70941,-0.23556,-0.66426), (-0.14136,-0.87578,0.46154), 3.6349, 2.6713, 1.7467, (gDx*20,gDy*7,gDz*0)),rgb(0,1,0.039062));
		draw(
			ellipsoid( (0.48808,-0.64893,-0.58367), (-0.84995,-0.20138,-0.48686), (-0.1984,-0.73371,0.64985), 3.6666, 2.775, 1.7795, (gDx*21,gDy*7,gDz*0)),rgb(0,1,0.039062));
		draw(
			ellipsoid( (0.41181,-0.77387,-0.48118), (-0.87994,-0.20044,-0.43072), (-0.23688,-0.60079,0.76351), 3.5171, 2.8002, 1.8764, (gDx*22,gDy*7,gDz*0)),rgb(0.14844,1,0));
		draw(
			ellipsoid( (0.23563,0.45662,-0.85789), (0.9187,0.18325,0.34987), (-0.31697,0.87058,0.37632), 1.8498, 2.9758, 3.4262, (gDx*23,gDy*7,gDz*0)),rgb(0.125,1,0));
		draw(
			ellipsoid( (-0.25154,-0.28672,0.9244), (-0.93533,-0.17348,-0.30832), (-0.24877,0.94218,0.22454), 1.9387, 3.0926, 3.6047, (gDx*24,gDy*7,gDz*0)),rgb(0.125,1,0));
		draw(
			ellipsoid( (0.60483,0.76205,-0.23121), (0.78857,-0.53261,0.30739), (-0.11111,0.36824,0.92307), 3.309, 1.3149, 0.95512, (gDx*0,gDy*8,gDz*0)),rgb(0,1,0.85938));
		draw(
			ellipsoid( (0.6814,0.72283,-0.11491), (0.73144,-0.67811,0.071764), (0.026049,0.13295,0.99078), 3.3692, 1.4513, 0.92113, (gDx*1,gDy*8,gDz*0)),rgb(0,1,0.88281));
		draw(
			ellipsoid( (0.69134,0.72227,0.019244), (0.72249,-0.69079,-0.028414), (0.0072296,-0.033547,0.99941), 3.3444, 1.7331, 1.0491, (gDx*2,gDy*8,gDz*0)),rgb(0,1,0.69531));
		draw(
			ellipsoid( (0.61426,0.74667,0.2553), (0.77108,-0.49918,-0.39529), (0.16771,-0.43966,0.88237), 3.1031, 1.6621, 1.1862, (gDx*3,gDy*8,gDz*0)),rgb(0,1,0.4375));
		draw(
			ellipsoid( (0.64369,0.66642,0.37622), (0.74583,-0.43613,-0.50352), (0.17148,-0.60471,0.77777), 2.9966, 1.8726, 1.1544, (gDx*4,gDy*8,gDz*0)),rgb(0,1,0.41406));
		draw(
			ellipsoid( (0.78177,0.49193,0.3832), (0.61311,-0.49436,-0.6162), (0.11369,-0.71667,0.68808), 2.8298, 1.8461, 1.1082, (gDx*5,gDy*8,gDz*0)),rgb(0,1,0.39062));
		draw(
			ellipsoid( (0.81706,0.22271,0.5318), (0.57643,-0.29678,-0.76135), (0.011732,-0.92861,0.37087), 2.7943, 1.9757, 0.95365, (gDx*6,gDy*8,gDz*0)),rgb(0,1,0.60156));
		draw(
			ellipsoid( (0.7447,0.12638,0.65532), (-0.66226,0.26148,0.70217), (0.082612,0.9569,-0.27842), 2.723, 1.9793, 0.97776, (gDx*7,gDy*8,gDz*0)),rgb(0,1,0.55469));
		draw(
			ellipsoid( (0.80341,0.069753,0.59133), (-0.58463,0.28075,0.76118), (0.11292,0.95724,-0.26633), 2.6234, 1.9283, 0.98723, (gDx*8,gDy*8,gDz*0)),rgb(0,1,0.48438));
		draw(
			ellipsoid( (0.98572,0.11929,0.11882), (0.082945,-0.95818,0.27388), (-0.14652,0.26011,0.9544), 2.5399, 1.2528, 1.8703, (gDx*9,gDy*8,gDz*0)),rgb(0.0078125,1,0));
		draw(
			ellipsoid( (0.98569,0.16654,-0.026108), (0.16749,-0.94999,0.26356), (-0.01909,0.26416,0.96429), 2.5671, 1.2921, 1.7988, (gDx*10,gDy*8,gDz*0)),rgb(0.054688,1,0));
		draw(
			ellipsoid( (-0.38434,0.89705,-0.21814), (0.91912,0.39399,0.00080425), (-0.086666,0.20019,0.97592), 1.1334, 2.4141, 1.9597, (gDx*11,gDy*8,gDz*0)),rgb(0,1,0.13281));
		draw(
			ellipsoid( (0.87961,0.47286,0.051874), (0.4694,-0.88048,0.06648), (-0.077109,0.034127,0.99644), 3.0729, 1.1355, 2.1614, (gDx*12,gDy*8,gDz*0)),rgb(0,1,0.48438));
		draw(
			ellipsoid( (0.86186,0.50709,0.0071883), (0.50655,-0.86146,0.03582), (-0.024356,0.027231,0.99933), 3.245, 1.1505, 2.2238, (gDx*13,gDy*8,gDz*0)),rgb(0,1,0.55469));
		draw(
			ellipsoid( (0.81494,0.5722,0.091988), (0.57524,-0.81794,-0.0082886), (-0.070498,-0.05967,0.99573), 3.2658, 1.3385, 2.2701, (gDx*14,gDy*8,gDz*0)),rgb(0,1,0.32031));
		draw(
			ellipsoid( (0.70883,0.59481,0.37917), (0.70522,-0.60895,-0.3631), (-0.014914,-0.52478,0.85111), 3.3361, 1.7067, 2.4168, (gDx*15,gDy*8,gDz*0)),rgb(0.078125,1,0));
		draw(
			ellipsoid( (-0.6438,-0.19751,0.73927), (-0.76517,0.17454,-0.61972), (0.0066302,0.96464,0.2635), 1.9645, 2.4173, 3.2701, (gDx*16,gDy*8,gDz*0)),rgb(0.40625,1,0));
		draw(
			ellipsoid( (-0.11946,0.95839,0.25928), (0.70958,0.26507,-0.65287), (0.69443,-0.10598,0.71171), 3.5034, 1.9068, 2.2245, (gDx*17,gDy*8,gDz*0)),rgb(0.14844,1,0));
		draw(
			ellipsoid( (-0.78866,-0.47628,0.3888), (-0.60743,0.50577,-0.61256), (-0.095104,0.71927,0.68819), 1.8515, 2.3984, 3.0758, (gDx*18,gDy*8,gDz*0)),rgb(0.42969,1,0));
		draw(
			ellipsoid( (-0.50372,-0.8144,0.28813), (-0.84226,0.38886,-0.37335), (-0.19202,0.43074,0.88181), 1.8543, 2.7947, 3.3362, (gDx*19,gDy*8,gDz*0)),rgb(0.21875,1,0));
		draw(
			ellipsoid( (0.4504,0.82576,-0.33949), (0.84872,-0.27795,0.44991), (-0.27716,0.49077,0.82603), 1.7891, 2.8259, 3.5177, (gDx*20,gDy*8,gDz*0)),rgb(0.03125,1,0));
		draw(
			ellipsoid( (-0.44728,-0.78886,0.42148), (-0.8828,0.31377,-0.34958), (-0.14351,0.52845,0.83675), 1.8463, 2.9171, 3.6166, (gDx*21,gDy*8,gDz*0)),rgb(0.054688,1,0));
		draw(
			ellipsoid( (-0.55158,-0.70569,0.4447), (-0.83257,0.43324,-0.34516), (-0.05091,0.56063,0.8265), 1.963, 2.8611, 3.5764, (gDx*22,gDy*8,gDz*0)),rgb(0.19531,1,0));
		draw(
			ellipsoid( (-0.52993,-0.63912,0.55741), (-0.84637,0.35733,-0.39493), (-0.053231,0.68106,0.73029), 2.0148, 2.8892, 3.569, (gDx*23,gDy*8,gDz*0)),rgb(0.26562,1,0));
		draw(
			ellipsoid( (-0.50569,-0.49725,0.705), (-0.84538,0.1226,-0.51991), (-0.17209,0.8589,0.48236), 2.0629, 2.9994, 3.5799, (gDx*24,gDy*8,gDz*0)),rgb(0.28906,1,0));
		draw(
			ellipsoid( (-0.62378,-0.62289,0.47213), (-0.6194,0.76237,0.18746), (0.4767,0.1755,0.86137), 3.3165, 1.2669, 0.87553, (gDx*0,gDy*9,gDz*0)),rgb(0,1,0.95312));
		draw(
			ellipsoid( (0.74373,0.62234,-0.24406), (0.65422,-0.75264,0.074418), (0.13737,0.21501,0.9669), 3.17, 1.478, 0.96279, (gDx*1,gDy*9,gDz*0)),rgb(0,1,0.74219));
		draw(
			ellipsoid( (0.8169,0.57245,-0.070541), (0.57427,-0.81863,0.0070108), (0.053734,0.046237,0.99748), 3.5518, 1.7756, 0.98562, (gDx*2,gDy*9,gDz*0)),rgb(0,1,0.83594));
		draw(
			ellipsoid( (0.85181,0.52359,0.016588), (0.51076,-0.82306,-0.24839), (0.1164,-0.22005,0.96852), 3.2861, 1.8544, 1.0742, (gDx*3,gDy*9,gDz*0)),rgb(0,1,0.64844));
		draw(
