	import three;
	import settings;

	surface ellipsoid(triple v1,triple v2,triple v3,real l1,real l2, real l3, triple pos=O) {
		transform3 T = identity(4);
		T[0][0] = l1*v1.x;
		T[1][0] = l1*v1.y;
		T[2][0] = l1*v1.z;
		T[0][1] = l2*v2.x;
		T[1][1] = l2*v2.y;
		T[2][1] = l2*v2.z;
		T[0][2] = l3*v3.x;
		T[1][2] = l3*v3.y;
		T[2][2] = l3*v3.z;
		T[0][3] = pos.x;
		T[1][3] = pos.y;
		T[2][3] = pos.z;
		return T*unitsphere;
	}

	size(200);

	real gDx=4;
	real gDy=4;
	real gDz=4;

	currentprojection=perspective( camera=(gDx*12,gDy*12,25),up=Y, target=(gDx*12,gDy*12,gDz*0));
		draw(
			ellipsoid( (-0.27907,0.95657,-0.084208), (0.96022,0.27887,-0.01441), (-0.0096985,0.08488,0.99634), 0.91284, 1.1976, 3.9683, (gDx*0,gDy*0,gDz*0)),rgb(0,0.90625,1));
		draw(
			ellipsoid( (0.081525,0.9904,-0.11161), (-0.95762,0.046799,-0.28421), (-0.27626,0.13005,0.95224), 1.0024, 1.5286, 3.0412, (gDx*1,gDy*0,gDz*0)),rgb(0,1,0.625));
		draw(
			ellipsoid( (0.19256,0.97492,-0.11157), (-0.6724,0.04828,-0.73861), (-0.7147,0.21725,0.66484), 1.0497, 1.4811, 3.2181, (gDx*2,gDy*0,gDz*0)),rgb(0,1,0.625));
		draw(
			ellipsoid( (0.40027,0.86476,0.30327), (-0.3096,0.43909,-0.84341), (-0.86251,0.2437,0.44349), 1.0849, 1.2572, 3.6023, (gDx*3,gDy*0,gDz*0)),rgb(0,1,0.8125));
		draw(
			ellipsoid( (-0.34096,-0.71472,-0.61067), (0.094603,-0.67238,0.73413), (-0.93531,0.19254,0.29687), 1.0876, 1.3362, 3.4583, (gDx*4,gDy*0,gDz*0)),rgb(0,1,0.71875));
		draw(
			ellipsoid( (-0.1882,-0.66501,-0.72274), (0.012937,-0.7375,0.67522), (-0.98205,0.11773,0.1474), 1.0116, 1.4239, 3.4612, (gDx*5,gDy*0,gDz*0)),rgb(0,1,0.8125));
		draw(
			ellipsoid( (-0.049443,-0.69374,-0.71853), (-0.0013406,-0.71936,0.69463), (-0.99878,0.035308,0.034637), 0.89173, 1.4608, 3.554, (gDx*6,gDy*0,gDz*0)),rgb(0,1,0.90625));
		draw(
			ellipsoid( (-0.051112,0.74286,0.66749), (0.004237,0.66852,-0.74368), (-0.99868,-0.035183,-0.037317), 0.77966, 1.4297, 3.5748, (gDx*7,gDy*0,gDz*0)),rgb(0,0.90625,1));
		draw(
			ellipsoid( (-0.11886,0.79642,0.59295), (0.012692,0.59836,-0.80113), (-0.99283,-0.087699,-0.081231), 0.70133, 1.4131, 3.4109, (gDx*8,gDy*0,gDz*0)),rgb(0,0.90625,1));
		draw(
			ellipsoid( (-0.17854,0.81427,0.55235), (-0.0022494,0.56103,-0.8278), (-0.98393,-0.14904,-0.098334), 0.69157, 1.3977, 3.1265, (gDx*9,gDy*0,gDz*0)),rgb(0,0.90625,1));
		draw(
			ellipsoid( (-0.362,0.76179,0.53725), (0.2025,-0.49831,0.84302), (-0.90992,-0.41397,-0.026122), 0.96219, 1.5669, 2.621, (gDx*10,gDy*0,gDz*0)),rgb(0,1,0.4375));
		draw(
			ellipsoid( (-0.80592,0.54364,0.23442), (0.25493,-0.038694,0.96618), (-0.53432,-0.83843,0.10741), 1.1587, 1.6236, 2.662, (gDx*11,gDy*0,gDz*0)),rgb(0,1,0.15625));
		draw(
			ellipsoid( (-0.9469,0.31927,-0.037969), (-0.040766,-0.0020803,0.99917), (-0.31892,-0.94766,-0.014985), 0.86236, 1.8887, 3.895, (gDx*12,gDy*0,gDz*0)),rgb(0,0.90625,1));
		draw(
			ellipsoid( (-0.88537,0.45806,-0.079384), (-0.067382,0.042513,0.99682), (-0.45998,-0.8879,0.0067748), 0.99768, 1.8341, 4.1438, (gDx*13,gDy*0,gDz*0)),rgb(0,1,1));
		draw(
			ellipsoid( (0.73314,-0.65885,0.16861), (-0.073808,0.16938,0.98278), (0.67607,0.73296,-0.075552), 1.0136, 1.9125, 4.1658, (gDx*14,gDy*0,gDz*0)),rgb(0,1,1));
		draw(
			ellipsoid( (0.57294,-0.78535,0.23443), (-0.024955,0.26918,0.96277), (0.81921,0.55746,-0.13463), 0.96556, 1.9302, 4.4876, (gDx*15,gDy*0,gDz*0)),rgb(0,0.90625,1));
		draw(
			ellipsoid( (-0.40484,0.80176,-0.43965), (-0.071067,0.45177,0.8893), (-0.91162,-0.39127,0.12592), 1.0382, 1.8621, 4.3648, (gDx*16,gDy*0,gDz*0)),rgb(0,1,1));
		draw(
			ellipsoid( (0.22562,-0.73393,0.64066), (-0.033371,0.65141,0.75799), (-0.97364,-0.19239,0.12248), 1.0059, 1.8464, 4.4433, (gDx*17,gDy*0,gDz*0)),rgb(0,1,1));
		draw(
			ellipsoid( (0.091328,-0.63132,0.77013), (-0.00071718,0.77332,0.63402), (-0.99582,-0.058456,0.070172), 1.03, 1.946, 4.4162, (gDx*18,gDy*0,gDz*0)),rgb(0,1,1));
		draw(
			ellipsoid( (-0.053966,-0.51052,0.85817), (0.0086558,0.85915,0.51165), (-0.99851,0.03504,-0.041946), 1.1139, 2.0515, 4.0845, (gDx*19,gDy*0,gDz*0)),rgb(0,1,0.8125));
		draw(
			ellipsoid( (-0.20662,-0.40036,0.89276), (0.11233,0.89671,0.42813), (-0.97195,0.18874,-0.14031), 1.0804, 2.2045, 4.1304, (gDx*20,gDy*0,gDz*0)),rgb(0,1,0.90625));
		draw(
			ellipsoid( (-0.29963,-0.33922,0.89171), (0.11624,0.91471,0.38703), (-0.94695,0.21961,-0.23464), 1.1803, 2.2142, 4.0598, (gDx*21,gDy*0,gDz*0)),rgb(0,1,0.71875));
		draw(
			ellipsoid( (-0.39824,-0.26356,0.8786), (0.13423,0.93078,0.34005), (-0.90741,0.25336,-0.3353), 1.2599, 2.218, 4.0893, (gDx*22,gDy*0,gDz*0)),rgb(0,1,0.71875));
		draw(
			ellipsoid( (-0.56451,-0.2359,0.791), (-0.1147,-0.92658,-0.35819), (0.81742,-0.29293,0.49601), 1.5924, 2.3379, 3.6769, (gDx*23,gDy*0,gDz*0)),rgb(0,1,0.15625));
		draw(
			ellipsoid( (-0.79414,-0.15692,0.58713), (0.075587,0.93308,0.35163), (0.60302,-0.32362,0.72914), 1.7688, 2.4644, 3.7621, (gDx*24,gDy*0,gDz*0)),rgb(0,1,0.0625));
		draw(
			ellipsoid( (-0.08085,-0.96656,0.24338), (0.96168,-0.011466,0.27393), (-0.26198,0.2562,0.93044), 1.0407, 1.2307, 3.346, (gDx*0,gDy*1,gDz*0)),rgb(0,1,0.8125));
		draw(
			ellipsoid( (-0.14436,0.92639,-0.3478), (0.94979,0.22833,0.21395), (-0.27761,0.29945,0.91283), 1.1104, 1.2905, 3.1141, (gDx*1,gDy*1,gDz*0)),rgb(0,1,0.625));
		draw(
			ellipsoid( (-0.13327,0.89192,-0.4321), (0.885,0.30335,0.35319), (-0.4461,0.33534,0.82978), 1.1519, 1.466, 2.913, (gDx*2,gDy*1,gDz*0)),rgb(0,1,0.4375));
		draw(
			ellipsoid( (0.09509,-0.84803,0.52135), (0.73207,0.41446,0.54064), (-0.67456,0.33026,0.66023), 1.2125, 1.5194, 2.8576, (gDx*3,gDy*1,gDz*0)),rgb(0,1,0.25));
		draw(
			ellipsoid( (0.038581,-0.81323,0.58066), (0.56025,0.49877,0.66132), (-0.82743,0.2998,0.47486), 1.3332, 1.4276, 2.7743, (gDx*4,gDy*1,gDz*0)),rgb(0,1,0.15625));
		draw(
			ellipsoid( (-0.39464,-0.47346,-0.78746), (0.078489,0.83652,-0.54229), (-0.91548,0.27582,0.29297), 1.2729, 1.4382, 2.7907, (gDx*5,gDy*1,gDz*0)),rgb(0,1,0.25));
		draw(
			ellipsoid( (-0.22493,-0.69475,-0.68317), (-0.018561,-0.69796,0.7159), (-0.9742,0.17371,0.14409), 1.1152, 1.4492, 2.7765, (gDx*6,gDy*1,gDz*0)),rgb(0,1,0.34375));
		draw(
			ellipsoid( (0.10331,0.75488,0.64768), (-0.051137,-0.64627,0.76139), (-0.99333,0.11178,0.028164), 0.93443, 1.4418, 2.8629, (gDx*7,gDy*1,gDz*0)),rgb(0,1,0.625));
		draw(
			ellipsoid( (0.01719,0.76536,0.64337), (-0.039579,-0.64244,0.76531), (-0.99907,0.038619,-0.019248), 0.91133, 1.4325, 2.7663, (gDx*8,gDy*1,gDz*0)),rgb(0,1,0.625));
		draw(
			ellipsoid( (-0.066088,0.77526,0.62818), (0.013818,0.6302,-0.77631), (-0.99772,-0.042624,-0.052361), 0.89661, 1.4276, 2.6988, (gDx*9,gDy*1,gDz*0)),rgb(0,1,0.625));
		draw(
			ellipsoid( (-0.18701,0.77695,0.60114), (0.12946,-0.58711,0.79909), (-0.97379,-0.22726,-0.0092159), 1.0489, 1.4759, 2.5664, (gDx*10,gDy*1,gDz*0)),rgb(0,1,0.34375));
		draw(
			ellipsoid( (-0.39243,0.82384,0.40901), (0.19357,-0.36075,0.91235), (-0.89918,-0.43721,0.017898), 1.1646, 1.4966, 2.6413, (gDx*11,gDy*1,gDz*0)),rgb(0,1,0.15625));
		draw(
			ellipsoid( (-0.56684,0.81641,0.11036), (0.097932,-0.06624,0.99299), (-0.81799,-0.57367,0.042405), 1.1757, 1.6222, 3.039, (gDx*12,gDy*1,gDz*0)),rgb(0,1,0.4375));
		draw(
			ellipsoid( (0.64303,-0.76516,0.032487), (0.023917,0.062462,0.99776), (-0.76547,-0.64081,0.058465), 1.1231, 1.8282, 3.596, (gDx*13,gDy*1,gDz*0)),rgb(0,1,0.71875));
		draw(
			ellipsoid( (0.59749,-0.79423,0.11049), (0.022845,0.15459,0.98771), (-0.80155,-0.58763,0.11051), 1.1189, 1.9263, 3.9161, (gDx*14,gDy*1,gDz*0)),rgb(0,1,0.8125));
		draw(
			ellipsoid( (0.49034,-0.84643,0.20767), (0.036363,0.25795,0.96547), (-0.87077,-0.46586,0.15726), 1.0766, 1.9575, 4.1993, (gDx*15,gDy*1,gDz*0)),rgb(0,1,0.90625));
		draw(
			ellipsoid( (-0.36526,0.85152,-0.37616), (0.022656,0.41209,0.91086), (-0.93063,-0.32418,0.16981), 1.0956, 1.9285, 4.2365, (gDx*16,gDy*1,gDz*0)),rgb(0,1,0.90625));
		draw(
			ellipsoid( (0.23045,-0.7965,0.55901), (-0.041579,-0.582,-0.81212), (-0.9722,-0.16391,0.16724), 1.0759, 1.9282, 4.3208, (gDx*17,gDy*1,gDz*0)),rgb(0,1,0.90625));
		draw(
			ellipsoid( (0.1119,-0.68787,0.71715), (0.054141,0.72483,0.68679), (-0.99224,-0.038026,0.11835), 1.1071, 2.026, 4.2513, (gDx*18,gDy*1,gDz*0)),rgb(0,1,0.90625));
		draw(
			ellipsoid( (-0.014724,-0.56926,0.82203), (0.070563,0.81947,0.56875), (-0.9974,0.066379,0.028103), 1.1826, 2.1629, 3.9995, (gDx*19,gDy*1,gDz*0)),rgb(0,1,0.71875));
		draw(
			ellipsoid( (-0.14868,-0.46152,0.87458), (0.1717,0.85893,0.48245), (-0.97386,0.2219,-0.048459), 1.166, 2.3335, 4.0223, (gDx*20,gDy*1,gDz*0)),rgb(0,1,0.71875));
		draw(
			ellipsoid( (-0.24445,-0.40062,0.88303), (0.166,0.87993,0.44516), (-0.95535,0.2554,-0.14859), 1.2994, 2.35, 3.8987, (gDx*21,gDy*1,gDz*0)),rgb(0,1,0.625));
		draw(
			ellipsoid( (-0.35412,-0.31629,0.88009), (0.17791,0.9011,0.39543), (-0.91812,0.2966,-0.26283), 1.4244, 2.3658, 3.862, (gDx*22,gDy*1,gDz*0)),rgb(0,1,0.4375));
		draw(
			ellipsoid( (-0.50775,-0.24594,0.82565), (-0.20572,-0.89605,-0.39342), (0.83658,-0.36962,0.40438), 1.694, 2.4602, 3.6282, (gDx*23,gDy*1,gDz*0)),rgb(0,1,0.0625));
		draw(
			ellipsoid( (-0.71022,-0.14453,0.68899), (0.22721,0.87926,0.41865), (0.66631,-0.45388,0.59163), 1.8463, 2.5571, 3.7219, (gDx*24,gDy*1,gDz*0)),rgb(0.03125,1,0));
		draw(
			ellipsoid( (-0.72075,0.30532,-0.62234), (0.48782,0.86125,-0.14243), (-0.4925,0.40624,0.76968), 1.1284, 1.1526, 3.2261, (gDx*0,gDy*2,gDz*0)),rgb(0,1,0.71875));
		draw(
			ellipsoid( (-0.71983,0.49774,-0.48384), (0.64305,0.74064,-0.19477), (-0.26141,0.45133,0.85321), 1.0256, 1.2521, 3.25, (gDx*1,gDy*2,gDz*0)),rgb(0,1,0.71875));
		draw(
			ellipsoid( (-0.54125,0.67957,-0.49521), (0.82339,0.54777,-0.14823), (-0.17053,0.48798,0.85604), 1.088, 1.3936, 3.1619, (gDx*2,gDy*2,gDz*0)),rgb(0,1,0.625));
		draw(
			ellipsoid( (-0.34684,0.76451,-0.54334), (0.92113,0.38679,-0.043772), (-0.1767,0.51567,0.83837), 1.1526, 1.6058, 2.9894, (gDx*3,gDy*2,gDz*0)),rgb(0,1,0.4375));
		draw(
			ellipsoid( (-0.25298,0.72624,-0.6392), (0.88754,0.43718,0.14544), (-0.38507,0.53052,0.75516), 1.2775, 1.6904, 2.5998, (gDx*4,gDy*2,gDz*0)),rgb(0.03125,1,0));
		draw(
			ellipsoid( (-0.27795,0.52022,-0.80753), (0.697,0.6877,0.20312), (-0.66101,0.50639,0.55374), 1.3676, 1.6347, 2.3987, (gDx*5,gDy*2,gDz*0)),rgb(0.3125,1,0));
		draw(
			ellipsoid( (0.3505,-0.037743,0.9358), (-0.40612,-0.90648,0.11555), (0.84393,-0.42055,-0.33305), 1.3606, 1.5466, 2.3179, (gDx*6,gDy*2,gDz*0)),rgb(0.3125,1,0));
		draw(
			ellipsoid( (0.29644,0.36741,0.88155), (0.26404,0.85554,-0.44535), (-0.91783,0.36478,0.15661), 1.2202, 1.5387, 2.3604, (gDx*7,gDy*2,gDz*0)),rgb(0.125,1,0));
		draw(
			ellipsoid( (0.21665,0.50929,0.83288), (0.21527,0.80722,-0.5496), (-0.95222,0.29836,0.065245), 1.1103, 1.5055, 2.4249, (gDx*8,gDy*2,gDz*0)),rgb(0,1,0.15625));
		draw(
			ellipsoid( (0.14283,0.66986,0.72862), (0.11778,0.71943,-0.6845), (-0.98271,0.18358,0.023859), 1.0698, 1.4683, 2.5144, (gDx*9,gDy*2,gDz*0)),rgb(0,1,0.25));
		draw(
			ellipsoid( (0.029852,0.79421,0.60691), (0.009506,-0.60738,0.79435), (-0.99951,0.017944,0.025681), 1.112, 1.4683, 2.6204, (gDx*10,gDy*2,gDz*0)),rgb(0,1,0.25));
		draw(
			ellipsoid( (-0.11465,0.90648,0.40639), (0.082518,-0.39898,0.91324), (-0.98997,-0.13824,0.029057), 1.1893, 1.5275, 2.88, (gDx*11,gDy*2,gDz*0)),rgb(0,1,0.34375));
		draw(
			ellipsoid( (-0.24371,0.95281,0.18098), (0.054641,-0.17282,0.98344), (-0.96831,-0.24956,0.009944), 1.1905, 1.6393, 3.2794, (gDx*12,gDy*2,gDz*0)),rgb(0,1,0.53125));
		draw(
			ellipsoid( (0.35104,-0.93387,-0.068225), (0.075797,-0.044282,0.99614), (-0.93329,-0.35486,0.055239), 1.1671, 1.8053, 3.6863, (gDx*13,gDy*2,gDz*0)),rgb(0,1,0.625));
		draw(
			ellipsoid( (0.41766,-0.90852,0.012174), (0.093988,0.056527,0.99397), (-0.90373,-0.41399,0.109), 1.1159, 1.9558, 4.0887, (gDx*14,gDy*2,gDz*0)),rgb(0,1,0.8125));
		draw(
			ellipsoid( (0.3768,-0.91324,0.15496), (0.098563,0.20587,0.9736), (-0.92104,-0.35158,0.16758), 1.1432, 1.9885, 4.1189, (gDx*15,gDy*2,gDz*0)),rgb(0,1,0.8125));
		draw(
			ellipsoid( (-0.31023,0.90282,-0.29778), (-0.11873,-0.34758,-0.9301), (-0.94322,-0.25319,0.21502), 1.1359, 1.999, 4.1805, (gDx*16,gDy*2,gDz*0)),rgb(0,1,0.8125));
		draw(
			ellipsoid( (0.22646,-0.85347,0.46937), (-0.12941,-0.50398,-0.85396), (-0.96538,-0.13265,0.22458), 1.1349, 2.0286, 4.2281, (gDx*17,gDy*2,gDz*0)),rgb(0,1,0.8125));
		draw(
			ellipsoid( (0.13104,-0.7417,0.6578), (0.12792,0.67063,0.73068), (-0.98309,-0.011599,0.18276), 1.1783, 2.1148, 4.1223, (gDx*18,gDy*2,gDz*0)),rgb(0,1,0.8125));
		draw(
			ellipsoid( (0.025858,-0.61825,0.78556), (0.16099,0.77814,0.60711), (-0.98662,0.11076,0.11965), 1.2414, 2.2739, 3.9696, (gDx*19,gDy*2,gDz*0)),rgb(0,1,0.625));
		draw(
			ellipsoid( (-0.081187,-0.51202,0.85513), (0.27056,0.81442,0.51334), (-0.95927,0.27304,0.07241), 1.2333, 2.4552, 4.0188, (gDx*20,gDy*2,gDz*0)),rgb(0,1,0.71875));
		draw(
			ellipsoid( (-0.17319,-0.45569,0.87313), (0.26236,0.83315,0.48686), (-0.9493,0.31339,-0.024739), 1.4064, 2.4801, 3.829, (gDx*21,gDy*2,gDz*0)),rgb(0,1,0.4375));
		draw(
			ellipsoid( (-0.28787,-0.36882,0.8838), (0.27173,0.85348,0.44468), (-0.91831,0.36817,-0.14547), 1.5906, 2.508, 3.7142, (gDx*22,gDy*2,gDz*0)),rgb(0,1,0.25));
		draw(
			ellipsoid( (-0.42965,-0.24196,0.86998), (0.3312,0.85407,0.4011), (-0.84007,0.46046,-0.28681), 1.7859, 2.5644, 3.6472, (gDx*23,gDy*2,gDz*0)),rgb(0.03125,1,0));
		draw(
			ellipsoid( (-0.58431,-0.098045,0.80559), (-0.41042,-0.82067,-0.39757), (0.7001,-0.56293,0.43929), 1.8716, 2.6195, 3.8402, (gDx*24,gDy*2,gDz*0)),rgb(0.03125,1,0));
		draw(
			ellipsoid( (-0.54823,0.21788,-0.80745), (0.58166,0.79305,-0.18093), (-0.60093,0.56885,0.56151), 1.0596, 1.2846, 3.1066, (gDx*0,gDy*3,gDz*0)),rgb(0,1,0.625));
		draw(
			ellipsoid( (-0.43952,0.57359,-0.69124), (0.83542,0.54375,-0.079999), (-0.32998,0.61264,0.71818), 1.0945, 1.3675, 2.8396, (gDx*1,gDy*3,gDz*0)),rgb(0,1,0.4375));
		draw(
			ellipsoid( (-0.40891,0.68921,-0.59815), (0.90841,0.36998,-0.1947), (-0.087121,0.62298,0.77737), 1.0607, 1.4616, 2.9837, (gDx*2,gDy*3,gDz*0)),rgb(0,1,0.53125));
		draw(
			ellipsoid( (-0.36276,0.74923,-0.55414), (0.92854,0.24024,-0.28303), (0.07893,0.61721,0.78283), 1.0552, 1.5388, 3.1532, (gDx*3,gDy*3,gDz*0)),rgb(0,1,0.625));
		draw(
			ellipsoid( (-0.35291,0.73347,-0.58093), (0.93157,0.21746,-0.29136), (0.087371,0.644,0.76002), 1.1344, 1.6508, 2.9193, (gDx*4,gDy*3,gDz*0)),rgb(0,1,0.34375));
		draw(
			ellipsoid( (-0.3662,0.64856,-0.66728), (0.93052,0.2517,-0.26603), (0.0045842,0.71835,0.69567), 1.2493, 1.7145, 2.5527, (gDx*5,gDy*3,gDz*0)),rgb(0.03125,1,0));
		draw(
			ellipsoid( (0.42412,-0.44584,0.78826), (-0.885,-0.38865,0.25636), (0.19206,-0.80634,-0.5594), 1.3204, 1.7369, 2.3061, (gDx*6,gDy*3,gDz*0)),rgb(0.3125,1,0));
		draw(
			ellipsoid( (0.47392,-0.11571,0.87293), (-0.75817,-0.55781,0.33768), (0.44785,-0.82187,-0.35209), 1.3161, 1.7285, 2.2132, (gDx*7,gDy*3,gDz*0)),rgb(0.40625,1,0));
		draw(
			ellipsoid( (0.44657,0.17308,0.87785), (-0.5979,-0.67218,0.43669), (0.66565,-0.71988,-0.19669), 1.2726, 1.732, 2.2347, (gDx*8,gDy*3,gDz*0)),rgb(0.3125,1,0));
		draw(
			ellipsoid( (0.35336,0.43305,0.82922), (0.3053,0.78448,-0.53979), (-0.88427,0.4439,0.14499), 1.2746, 1.6707, 2.3261, (gDx*9,gDy*3,gDz*0)),rgb(0.21875,1,0));
		draw(
			ellipsoid( (-0.25509,-0.73871,-0.62388), (-0.094211,-0.62317,0.77639), (-0.96232,0.25683,0.089371), 1.2803, 1.5979, 2.5818, (gDx*10,gDy*3,gDz*0)),rgb(0.03125,1,0));
		draw(
			ellipsoid( (0.12173,0.93509,0.33284), (0.0063548,-0.33606,0.94182), (-0.99254,0.11253,0.046851), 1.3124, 1.6187, 2.9056, (gDx*11,gDy*3,gDz*0)),rgb(0,1,0.15625));
		draw(
			ellipsoid( (0.020239,0.99359,0.11125), (-0.010738,-0.11105,0.99376), (-0.99974,0.021307,-0.0084214), 1.2534, 1.71, 3.3655, (gDx*12,gDy*3,gDz*0)),rgb(0,1,0.4375));
		draw(
			ellipsoid( (0.095346,-0.9951,-0.026208), (0.031927,-0.023257,0.99922), (-0.99493,-0.096109,0.029553), 1.2519, 1.8249, 3.6255, (gDx*13,gDy*3,gDz*0)),rgb(0,1,0.53125));
		draw(
			ellipsoid( (0.19393,-0.9803,0.037499), (0.081433,0.054179,0.99521), (-0.97763,-0.18995,0.090335), 1.224, 1.9533, 3.8664, (gDx*14,gDy*3,gDz*0)),rgb(0,1,0.625));
		draw(
			ellipsoid( (-0.23199,0.96407,-0.12945), (-0.14409,-0.16568,-0.9756), (-0.96199,-0.20767,0.17735), 1.1819, 2.0368, 4.0355, (gDx*15,gDy*3,gDz*0)),rgb(0,1,0.71875));
		draw(
			ellipsoid( (-0.23975,0.94671,-0.21509), (-0.20387,-0.26571,-0.94225), (-0.94919,-0.18205,0.2567), 1.1492, 2.0827, 4.1784, (gDx*16,gDy*3,gDz*0)),rgb(0,1,0.8125));
		draw(
			ellipsoid( (0.20279,-0.89807,0.3903), (0.21858,0.43005,0.87595), (-0.95451,-0.092321,0.28351), 1.1728, 2.1135, 4.1454, (gDx*17,gDy*3,gDz*0)),rgb(0,1,0.8125));
		draw(
			ellipsoid( (0.14129,-0.78881,0.59817), (0.21946,0.61416,0.75806), (-0.96534,0.024171,0.25988), 1.2442, 2.1953, 4.0384, (gDx*18,gDy*3,gDz*0)),rgb(0,1,0.71875));
		draw(
			ellipsoid( (0.061355,-0.6598,0.74893), (0.27613,0.73228,0.62251), (-0.95916,0.16861,0.22712), 1.2889, 2.3631, 3.9889, (gDx*19,gDy*3,gDz*0)),rgb(0,1,0.625));
		draw(
			ellipsoid( (-0.021867,-0.56781,0.82287), (0.38058,0.75637,0.53204), (-0.92449,0.3248,0.19956), 1.3049, 2.5368, 4.0389, (gDx*20,gDy*3,gDz*0)),rgb(0,1,0.625));
		draw(
			ellipsoid( (-0.095666,-0.49981,0.86084), (0.39033,0.7767,0.49434), (-0.91569,0.3833,0.12079), 1.5034, 2.5849, 3.8356, (gDx*21,gDy*3,gDz*0)),rgb(0,1,0.34375));
		draw(
			ellipsoid( (-0.19371,-0.39162,0.8995), (0.4061,0.80262,0.4369), (-0.89306,0.44992,0.0035551), 1.7172, 2.6249, 3.683, (gDx*22,gDy*3,gDz*0)),rgb(0,1,0.0625));
		draw(
			ellipsoid( (-0.32055,-0.22707,0.91961), (0.4768,0.8002,0.36378), (-0.81848,0.55508,-0.14823), 1.8636, 2.6755, 3.6992, (gDx*23,gDy*3,gDz*0)),rgb(0.03125,1,0));
		draw(
			ellipsoid( (-0.44422,-0.066364,0.89346), (-0.56892,-0.74948,-0.33853), (0.6921,-0.65869,0.29518), 1.8956, 2.7259, 3.9656, (gDx*24,gDy*3,gDz*0)),rgb(0,1,0.0625));
		draw(
			ellipsoid( (0.29082,-0.22413,0.93015), (-0.74826,-0.65913,0.075129), (0.59626,-0.71785,-0.3594), 0.9261, 1.407, 3.332, (gDx*0,gDy*4,gDz*0)),rgb(0,1,0.8125));
		draw(
			ellipsoid( (0.19802,-0.47481,0.85752), (-0.90026,-0.43413,-0.032488), (0.3877,-0.76556,-0.51342), 1.016, 1.5369, 2.772, (gDx*1,gDy*4,gDz*0)),rgb(0,1,0.4375));
		draw(
			ellipsoid( (-0.28274,0.62735,-0.7256), (0.95916,0.19172,-0.20799), (-0.0086276,0.75477,0.65593), 0.99935, 1.5227, 2.8534, (gDx*2,gDy*4,gDz*0)),rgb(0,1,0.53125));
		draw(
			ellipsoid( (-0.29416,0.71646,-0.63258), (0.93488,0.078105,-0.34627), (0.19868,0.69324,0.69278), 1.0286, 1.5307, 3.0681, (gDx*3,gDy*4,gDz*0)),rgb(0,1,0.625));
		draw(
			ellipsoid( (-0.30486,0.75585,-0.57944), (0.90978,0.051148,-0.41194), (0.28173,0.65274,0.70325), 1.0733, 1.6067, 3.0537, (gDx*4,gDy*4,gDz*0)),rgb(0,1,0.53125));
		draw(
			ellipsoid( (-0.34414,0.76136,-0.54945), (0.87679,0.051264,-0.47813), (0.33586,0.6463,0.6852), 1.1449, 1.6842, 2.9157, (gDx*5,gDy*4,gDz*0)),rgb(0,1,0.34375));
		draw(
			ellipsoid( (-0.429,0.66966,-0.60623), (0.85993,0.097309,-0.50104), (0.27654,0.73627,0.61761), 1.2498, 1.7156, 2.5943, (gDx*6,gDy*4,gDz*0)),rgb(0.03125,1,0));
		draw(
			ellipsoid( (-0.54024,0.4774,-0.69298), (0.82807,0.15502,-0.53876), (-0.14978,-0.8649,-0.47907), 1.3237, 1.7449, 2.3706, (gDx*7,gDy*4,gDz*0)),rgb(0.3125,1,0));
		draw(
			ellipsoid( (-0.62113,0.20718,-0.75583), (0.78302,0.20464,-0.58737), (0.032983,-0.95666,-0.28934), 1.3248, 1.7895, 2.2559, (gDx*8,gDy*4,gDz*0)),rgb(0.40625,1,0));
		draw(
			ellipsoid( (0.56323,0.023276,0.82597), (-0.71823,-0.48046,0.5033), (0.40856,-0.87671,-0.25389), 1.3582, 1.8786, 2.1308, (gDx*9,gDy*4,gDz*0)),rgb(0.5,1,0));
		draw(
			ellipsoid( (-0.43618,-0.46532,-0.77021), (0.22217,0.77374,-0.59326), (0.872,-0.42988,-0.23411), 1.5113, 1.7017, 2.4114, (gDx*10,gDy*4,gDz*0)),rgb(0.5,1,0));
		draw(
			ellipsoid( (0.34919,0.92045,0.17562), (0.020528,-0.19488,0.98061), (-0.93683,0.33881,0.086946), 1.3875, 1.7307, 3.0072, (gDx*11,gDy*4,gDz*0)),rgb(0,1,0.15625));
		draw(
			ellipsoid( (0.26507,0.96143,-0.073484), (0.026226,0.068993,0.99727), (-0.96387,0.26627,0.0069262), 1.2884, 1.8352, 3.6181, (gDx*12,gDy*4,gDz*0)),rgb(0,1,0.53125));
		draw(
			ellipsoid( (0.16758,0.97437,-0.15005), (0.039173,0.1455,0.98858), (-0.98508,0.17154,0.013787), 1.2874, 1.9669, 3.7701, (gDx*13,gDy*4,gDz*0)),rgb(0,1,0.53125));
		draw(
			ellipsoid( (0.059748,0.98363,-0.17), (0.10843,0.1629,0.98067), (-0.99231,0.077027,0.096925), 1.259, 2.055, 3.6939, (gDx*14,gDy*4,gDz*0)),rgb(0,1,0.53125));
		draw(
			ellipsoid( (-0.043769,0.98021,-0.19307), (-0.18882,-0.19789,-0.96187), (-0.98103,-0.0056441,0.19375), 1.1923, 2.1288, 3.7216, (gDx*15,gDy*4,gDz*0)),rgb(0,1,0.625));
		draw(
			ellipsoid( (-0.11234,0.96464,-0.23842), (-0.27102,-0.26059,-0.92663), (-0.956,-0.039482,0.29071), 1.1384, 2.1662, 3.8068, (gDx*16,gDy*4,gDz*0)),rgb(0,1,0.71875));
		draw(
			ellipsoid( (0.1195,-0.92067,0.37159), (0.29861,0.39027,0.87093), (-0.94686,0.0068841,0.32156), 1.2069, 2.1684, 3.8926, (gDx*17,gDy*4,gDz*0)),rgb(0,1,0.71875));
		draw(
			ellipsoid( (0.099205,-0.83317,0.54405), (0.31608,0.54481,0.77671), (-0.94353,0.09491,0.3174), 1.3059, 2.2444, 3.9177, (gDx*18,gDy*4,gDz*0)),rgb(0,1,0.625));
		draw(
			ellipsoid( (0.064565,-0.71634,0.69476), (0.38225,0.66087,0.64587), (-0.9218,0.22387,0.31649), 1.359, 2.4094, 3.9908, (gDx*19,gDy*4,gDz*0)),rgb(0,1,0.53125));
		draw(
			ellipsoid( (0.0057916,-0.63328,0.7739), (0.4754,0.6826,0.55502), (-0.87975,0.3647,0.30502), 1.4563, 2.5771, 3.9555, (gDx*20,gDy*4,gDz*0)),rgb(0,1,0.4375));
		draw(
			ellipsoid( (-0.052881,-0.55024,0.83333), (0.51243,0.7013,0.49558), (-0.8571,0.45323,0.24488), 1.6178, 2.6575, 3.8176, (gDx*21,gDy*4,gDz*0)),rgb(0,1,0.25));
		draw(
			ellipsoid( (-0.12729,-0.41511,0.90082), (0.52947,0.73955,0.41561), (-0.83872,0.52987,0.12565), 1.7958, 2.714, 3.7052, (gDx*22,gDy*4,gDz*0)),rgb(0.03125,1,0));
		draw(
			ellipsoid( (-0.22005,-0.23607,0.94649), (0.60792,0.72563,0.32232), (-0.7629,0.64632,-0.016167), 1.8929, 2.7886, 3.7623, (gDx*23,gDy*4,gDz*0)),rgb(0.03125,1,0));
		draw(
			ellipsoid( (-0.31141,-0.080576,0.94685), (-0.70195,-0.65212,-0.28636), (0.64054,-0.75382,0.14651), 1.8875, 2.8599, 4.0459, (gDx*24,gDy*4,gDz*0)),rgb(0,1,0.0625));
		draw(
			ellipsoid( (0.13835,-0.18102,0.9737), (-0.88305,-0.46769,0.038525), (0.44841,-0.86516,-0.22455), 0.84396, 1.5666, 3.3929, (gDx*0,gDy*5,gDz*0)),rgb(0,1,0.90625));
		draw(
			ellipsoid( (0.10514,-0.35117,0.93039), (-0.96954,-0.24432,0.017344), (0.22123,-0.90387,-0.36616), 0.94536, 1.6559, 2.8245, (gDx*1,gDy*5,gDz*0)),rgb(0,1,0.53125));
		draw(
			ellipsoid( (0.20197,-0.52552,0.82646), (-0.9721,-0.004806,0.23451), (-0.11927,-0.85077,-0.51183), 0.95982, 1.5846, 2.8659, (gDx*2,gDy*5,gDz*0)),rgb(0,1,0.53125));
		draw(
			ellipsoid( (-0.22904,0.65074,-0.72393), (0.92287,-0.091375,-0.37411), (0.3096,0.75378,0.57962), 0.99636, 1.5723, 3.0356, (gDx*3,gDy*5,gDz*0)),rgb(0,1,0.625));
		draw(
			ellipsoid( (-0.23857,0.74657,-0.62106), (0.87893,-0.10598,-0.46502), (0.41299,0.65681,0.6309), 1.0571, 1.6364, 3.0456, (gDx*4,gDy*5,gDz*0)),rgb(0,1,0.53125));
		draw(
			ellipsoid( (-0.23003,0.82045,-0.52339), (-0.8394,0.10487,0.53331), (0.49244,0.56201,0.66456), 1.1003, 1.7221, 2.9816, (gDx*5,gDy*5,gDz*0)),rgb(0,1,0.4375));
		draw(
			ellipsoid( (-0.23181,0.82312,-0.5184), (-0.83334,0.10687,0.54233), (0.5018,0.55772,0.66117), 1.1761, 1.7855, 2.703, (gDx*6,gDy*5,gDz*0)),rgb(0,1,0.15625));
		draw(
			ellipsoid( (-0.31413,0.78026,-0.54085), (-0.8088,0.078381,0.58284), (0.49716,0.62053,0.60645), 1.2721, 1.8232, 2.4331, (gDx*7,gDy*5,gDz*0)),rgb(0.125,1,0));
		draw(
			ellipsoid( (0.42465,-0.69152,0.58435), (-0.74752,0.096326,0.65722), (-0.51077,-0.7159,-0.47602), 1.3514, 1.863, 2.2285, (gDx*8,gDy*5,gDz*0)),rgb(0.40625,1,0));
		draw(
			ellipsoid( (-0.53968,0.52271,-0.65994), (-0.61338,0.2928,0.73351), (-0.57664,-0.80065,-0.1626), 1.3874, 1.8877, 2.1322, (gDx*9,gDy*5,gDz*0)),rgb(0.59375,1,0));
		draw(
			ellipsoid( (0.33728,-0.42403,0.8405), (0.34916,0.88548,0.3066), (-0.87426,0.19006,0.44671), 1.5971, 1.9199, 2.1201, (gDx*10,gDy*5,gDz*0)),rgb(0.96875,1,0));
		draw(
			ellipsoid( (0.30529,0.87273,-0.38098), (-0.35147,-0.26856,-0.89685), (-0.88502,0.4077,0.22475), 1.6861, 1.7763, 2.5371, (gDx*11,gDy*5,gDz*0)),rgb(0.59375,1,0));
		draw(
			ellipsoid( (0.40798,0.87712,-0.25342), (0.18911,0.19036,0.96333), (-0.89319,0.44094,0.088211), 1.4977, 1.9644, 3.1438, (gDx*12,gDy*5,gDz*0)),rgb(0,1,0.0625));
		draw(
			ellipsoid( (0.39265,0.87363,-0.2874), (0.15829,0.24364,0.95686), (-0.90596,0.4212,0.042618), 1.3556, 2.184, 3.5964, (gDx*13,gDy*5,gDz*0)),rgb(0,1,0.4375));
		draw(
			ellipsoid( (0.28471,0.91635,-0.28151), (0.19789,0.23116,0.95258), (-0.93797,0.32692,0.11553), 1.3036, 2.2629, 3.5359, (gDx*14,gDy*5,gDz*0)),rgb(0,1,0.4375));
		draw(
			ellipsoid( (-0.1447,-0.95576,0.2561), (0.2806,0.20857,0.93689), (-0.94886,0.20743,0.238), 1.2058, 2.2579, 3.5214, (gDx*15,gDy*5,gDz*0)),rgb(0,1,0.53125));
		draw(
			ellipsoid( (0.028404,0.96889,-0.24587), (-0.34885,-0.2209,-0.91077), (-0.93675,0.11164,0.33173), 1.065, 2.24, 3.6937, (gDx*16,gDy*5,gDz*0)),rgb(0,1,0.8125));
		draw(
			ellipsoid( (0.013384,-0.93695,0.34921), (0.37879,0.32796,0.86543), (-0.92539,0.12069,0.3593), 1.2179, 2.2231, 3.7462, (gDx*17,gDy*5,gDz*0)),rgb(0,1,0.625));
		draw(
			ellipsoid( (0.028544,-0.87321,0.48652), (-0.41548,-0.45304,-0.78875), (-0.90915,0.17962,0.37573), 1.3692, 2.2985, 3.7845, (gDx*18,gDy*5,gDz*0)),rgb(0,1,0.4375));
		draw(
			ellipsoid( (0.025141,-0.78375,0.62056), (0.48297,0.55303,0.67889), (-0.87527,0.28265,0.39244), 1.4937, 2.438, 3.8217, (gDx*19,gDy*5,gDz*0)),rgb(0,1,0.34375));
		draw(
			ellipsoid( (-0.0045707,-0.7057,0.7085), (0.56505,0.58273,0.58407), (-0.82504,0.40301,0.39609), 1.6149, 2.584, 3.8383, (gDx*20,gDy*5,gDz*0)),rgb(0,1,0.25));
		draw(
			ellipsoid( (-0.055969,-0.60723,0.79255), (0.6023,0.61256,0.51186), (-0.79631,0.506,0.33145), 1.7408, 2.6801, 3.7305, (gDx*21,gDy*5,gDz*0)),rgb(0,1,0.0625));
		draw(
			ellipsoid( (-0.12177,-0.47041,0.874), (0.62972,0.64403,0.43437), (-0.76722,0.60327,0.2178), 1.863, 2.771, 3.6441, (gDx*22,gDy*5,gDz*0)),rgb(0.125,1,0));
		draw(
			ellipsoid( (-0.20502,-0.31227,0.92761), (0.70623,0.60898,0.3611), (-0.67765,0.72913,0.095685), 1.9063, 2.8735, 3.7122, (gDx*23,gDy*5,gDz*0)),rgb(0.125,1,0));
		draw(
			ellipsoid( (-0.28773,-0.18047,0.94056), (0.78115,0.52397,0.3395), (-0.55409,0.8324,-0.0097858), 1.8686, 2.9667, 3.9654, (gDx*24,gDy*5,gDz*0)),rgb(0,1,0.0625));
		draw(
			ellipsoid( (0.082689,-0.10942,0.99055), (-0.9926,-0.097704,0.072068), (0.088896,-0.98918,-0.11669), 0.85812, 1.6764, 2.9977, (gDx*0,gDy*6,gDz*0)),rgb(0,1,0.8125));
		draw(
			ellipsoid( (0.072432,-0.24636,0.96647), (-0.99177,0.084742,0.09593), (-0.10553,-0.96547,-0.2382), 0.94633, 1.6885, 2.7943, (gDx*1,gDy*6,gDz*0)),rgb(0,1,0.53125));
		draw(
			ellipsoid( (0.12549,-0.41312,0.90199), (-0.94955,0.21338,0.22984), (-0.28742,-0.88533,-0.3655), 0.97654, 1.6414, 2.8852, (gDx*2,gDy*6,gDz*0)),rgb(0,1,0.53125));
		draw(
			ellipsoid( (0.16461,-0.56996,0.80501), (-0.88976,0.26645,0.37059), (-0.42572,-0.77727,-0.46327), 0.99207, 1.6436, 3.0535, (gDx*3,gDy*6,gDz*0)),rgb(0,1,0.625));
		draw(
			ellipsoid( (-0.17539,0.70833,-0.68375), (0.83549,-0.26028,-0.48395), (0.52076,0.65614,0.54615), 1.057, 1.6918, 3.0397, (gDx*4,gDy*6,gDz*0)),rgb(0,1,0.53125));
		draw(
			ellipsoid( (-0.1498,0.82311,-0.54777), (-0.78921,0.23418,0.56772), (0.59557,0.51736,0.61453), 1.0933, 1.7711, 2.9354, (gDx*5,gDy*6,gDz*0)),rgb(0,1,0.4375));
		draw(
			ellipsoid( (-0.11427,0.89539,-0.43037), (-0.75138,0.2055,0.62706), (0.64991,0.39502,0.64929), 1.0769, 1.8672, 2.8839, (gDx*6,gDy*6,gDz*0)),rgb(0,1,0.4375));
		draw(
			ellipsoid( (-0.14474,0.902,-0.40675), (-0.69626,0.19924,0.68959), (0.70305,0.38301,0.59919), 1.1165, 1.9278, 2.7148, (gDx*7,gDy*6,gDz*0)),rgb(0,1,0.25));
		draw(
			ellipsoid( (-0.24909,0.87739,-0.41005), (0.5931,-0.19652,-0.78078), (-0.76563,-0.43769,-0.47143), 1.1859, 1.9299, 2.5256, (gDx*8,gDy*6,gDz*0)),rgb(0,1,0.0625));
		draw(
			ellipsoid( (-0.37525,0.824,-0.42451), (-0.42479,0.25418,0.86888), (-0.82386,-0.50637,-0.25465), 1.2479, 1.9124, 2.432, (gDx*9,gDy*6,gDz*0)),rgb(0.125,1,0));
		draw(
			ellipsoid( (-0.43779,0.77495,-0.45584), (-0.32973,0.33329,0.88328), (-0.83643,-0.537,-0.10961), 1.3823, 1.9344, 2.3663, (gDx*10,gDy*6,gDz*0)),rgb(0.40625,1,0));
		draw(
			ellipsoid( (-0.4461,0.7225,-0.52819), (-0.34903,0.403,0.84603), (-0.82412,-0.56177,-0.072394), 1.5868, 1.9948, 2.2532, (gDx*11,gDy*6,gDz*0)),rgb(0.78125,1,0));
		draw(
			ellipsoid( (-0.10335,-0.7334,0.67189), (0.9838,0.02409,0.17763), (-0.14646,0.67937,0.71903), 1.7964, 2.1082, 2.2171, (gDx*12,gDy*6,gDz*0)),rgb(1,0.75,0));
		draw(
			ellipsoid( (-0.58591,-0.66617,0.46144), (0.54366,0.09913,0.83343), (0.60095,-0.73918,-0.30409), 1.7001, 2.2781, 2.5521, (gDx*13,gDy*6,gDz*0)),rgb(0.6875,1,0));
		draw(
			ellipsoid( (0.46566,0.76162,-0.45066), (0.39884,0.27397,0.87514), (-0.78999,0.58726,0.17619), 1.5714, 2.4373, 2.7712, (gDx*14,gDy*6,gDz*0)),rgb(0.21875,1,0));
		draw(
			ellipsoid( (0.29142,0.85678,-0.42544), (0.40433,0.29274,0.8665), (-0.86694,0.42454,0.26112), 1.5261, 2.4266, 2.8752, (gDx*15,gDy*6,gDz*0)),rgb(0.125,1,0));
		draw(
			ellipsoid( (0.15998,0.90331,-0.39805), (0.39364,0.31141,0.86491), (-0.90524,0.29505,0.30576), 1.4235, 2.4164, 3.1057, (gDx*16,gDy*6,gDz*0)),rgb(0,1,0.15625));
		draw(
			ellipsoid( (0.11248,0.89746,-0.42651), (-0.47104,-0.32978,-0.81815), (0.87491,-0.29293,-0.38565), 1.4816, 2.4055, 3.2898, (gDx*17,gDy*6,gDz*0)),rgb(0,1,0.15625));
		draw(
			ellipsoid( (-0.066468,-0.88228,0.466), (0.52209,0.36725,0.76977), (-0.8503,0.29446,0.43622), 1.5441, 2.4149, 3.5003, (gDx*18,gDy*6,gDz*0)),rgb(0,1,0.15625));
		draw(
			ellipsoid( (-0.048559,-0.84942,0.52547), (0.59586,0.39759,0.69776), (-0.80162,0.34699,0.48683), 1.6208, 2.4767, 3.6608, (gDx*19,gDy*6,gDz*0)),rgb(0,1,0.15625));
		draw(
			ellipsoid( (-0.067019,-0.78181,0.6199), (0.64954,0.43742,0.62189), (-0.75737,0.44433,0.4785), 1.7486, 2.5898, 3.6691, (gDx*20,gDy*6,gDz*0)),rgb(0,1,0.0625));
		draw(
			ellipsoid( (-0.10635,-0.6825,0.72311), (0.69816,0.46656,0.54304), (-0.708,0.5626,0.42687), 1.8559, 2.6951, 3.6084, (gDx*21,gDy*6,gDz*0)),rgb(0.125,1,0));
		draw(
			ellipsoid( (-0.15293,-0.53881,0.82843), (0.73812,0.49513,0.45829), (-0.65711,0.68157,0.32198), 1.93, 2.7988, 3.5685, (gDx*22,gDy*6,gDz*0)),rgb(0.21875,1,0));
		draw(
			ellipsoid( (-0.21318,-0.38845,0.89647), (0.81262,0.4389,0.38342), (-0.5424,0.81023,0.22209), 1.9259, 2.9098, 3.6741, (gDx*23,gDy*6,gDz*0)),rgb(0.125,1,0));
		draw(
			ellipsoid( (-0.27309,-0.2695,0.92347), (0.86942,0.34172,0.35683), (-0.41174,0.90033,0.14099), 1.8574, 3.0077, 3.9365, (gDx*24,gDy*6,gDz*0)),rgb(0,1,0.0625));
		draw(
			ellipsoid( (0.12672,0.018436,0.99177), (0.91533,-0.38745,-0.10975), (0.38224,0.9217,-0.065973), 0.8741, 1.6086, 2.875, (gDx*0,gDy*7,gDz*0)),rgb(0,1,0.71875));
		draw(
			ellipsoid( (0.12634,-0.13477,0.98279), (-0.8799,0.44225,0.17376), (-0.45806,-0.88671,-0.062709), 0.97841, 1.663, 2.7954, (gDx*1,gDy*7,gDz*0)),rgb(0,1,0.53125));
		draw(
			ellipsoid( (0.13622,-0.32044,0.93742), (-0.85305,0.4432,0.27546), (-0.50374,-0.83719,-0.21298), 1.023, 1.7287, 2.894, (gDx*2,gDy*7,gDz*0)),rgb(0,1,0.53125));
		draw(
			ellipsoid( (0.15056,-0.49928,0.85326), (-0.81627,0.42413,0.39221), (-0.55771,-0.75554,-0.34369), 1.0546, 1.7529, 3.0089, (gDx*3,gDy*7,gDz*0)),rgb(0,1,0.53125));
		draw(
			ellipsoid( (-0.14284,0.65328,-0.74352), (0.77364,-0.39485,-0.49556), (-0.61732,-0.646,-0.449), 1.0887, 1.7991, 2.999, (gDx*4,gDy*7,gDz*0)),rgb(0,1,0.4375));
		draw(
			ellipsoid( (-0.10048,0.78596,-0.61006), (0.70669,-0.37524,-0.59982), (-0.70035,-0.49139,-0.51772), 1.1219, 1.8583, 2.8329, (gDx*5,gDy*7,gDz*0)),rgb(0,1,0.34375));
		draw(
			ellipsoid( (-0.048554,0.89335,-0.44672), (-0.6697,0.3027,0.67814), (0.74104,0.3321,0.58358), 1.0697, 1.9355, 2.8581, (gDx*6,gDy*7,gDz*0)),rgb(0,1,0.4375));
		draw(
			ellipsoid( (-0.031102,0.92853,-0.36996), (-0.63606,0.26714,0.72393), (0.77102,0.25783,0.58229), 1.0736, 1.988, 2.7604, (gDx*7,gDy*7,gDz*0)),rgb(0,1,0.34375));
		draw(
			ellipsoid( (-0.080343,0.93703,-0.33988), (0.51669,-0.25244,-0.81811), (-0.85239,-0.24134,-0.46388), 1.1112, 1.9767, 2.6014, (gDx*8,gDy*7,gDz*0)),rgb(0,1,0.25));
		draw(
			ellipsoid( (0.21111,-0.92105,0.32726), (-0.38506,0.22937,0.89394), (0.89842,0.31473,0.30623), 1.1757, 1.9289, 2.5228, (gDx*9,gDy*7,gDz*0)),rgb(0,1,0.0625));
		draw(
			ellipsoid( (-0.37614,0.87981,-0.29061), (-0.28014,0.19097,0.94077), (-0.8832,-0.43527,-0.17464), 1.2246, 1.8914, 2.5117, (gDx*10,gDy*7,gDz*0)),rgb(0.03125,1,0));
		draw(
			ellipsoid( (-0.54156,0.81695,-0.19826), (-0.2147,0.09361,0.97218), (-0.81278,-0.56907,-0.1247), 1.2461, 1.9356, 2.5404, (gDx*11,gDy*7,gDz*0)),rgb(0.03125,1,0));
		draw(
			ellipsoid( (0.66423,-0.73753,0.12184), (0.26422,0.079176,-0.96121), (0.69928,0.67065,0.24746), 1.3593, 2.0624, 2.5639, (gDx*12,gDy*7,gDz*0)),rgb(0.125,1,0));
		draw(
			ellipsoid( (0.80365,-0.59484,0.01771), (0.33833,0.43221,-0.8359), (0.48957,0.67776,0.5486), 1.6211, 2.0816, 2.5616, (gDx*13,gDy*7,gDz*0)),rgb(0.59375,1,0));
		draw(
			ellipsoid( (-0.90939,-0.046634,0.41332), (0.3115,-0.73487,0.60244), (0.27564,0.6766,0.68281), 1.7753, 2.14, 2.6486, (gDx*14,gDy*7,gDz*0)),rgb(0.6875,1,0));
		draw(
			ellipsoid( (-0.59976,-0.51936,0.60874), (0.79268,-0.48955,0.36332), (0.10931,0.70044,0.7053), 1.8084, 2.3813, 2.6802, (gDx*15,gDy*7,gDz*0)),rgb(0.6875,1,0));
		draw(
			ellipsoid( (0.43563,0.68509,-0.58385), (0.73072,0.1096,0.67382), (-0.52562,0.72016,0.45287), 1.7743, 2.5841, 2.85, (gDx*16,gDy*7,gDz*0)),rgb(0.5,1,0));
		draw(
			ellipsoid( (0.31896,0.78406,-0.53246), (-0.6962,-0.18738,-0.69296), (-0.6431,0.59172,0.4861), 1.8008, 2.5737, 2.9794, (gDx*17,gDy*7,gDz*0)),rgb(0.40625,1,0));
		draw(
			ellipsoid( (0.21981,0.84907,-0.48038), (-0.66737,-0.2283,-0.70887), (-0.71155,0.4764,0.51646), 1.7868, 2.5623, 3.1871, (gDx*18,gDy*7,gDz*0)),rgb(0.3125,1,0));
		draw(
			ellipsoid( (-0.18299,-0.85432,0.48648), (0.70808,0.22875,0.66805), (-0.68201,0.46671,0.56307), 1.8109, 2.611, 3.3309, (gDx*19,gDy*7,gDz*0)),rgb(0.21875,1,0));
		draw(
			ellipsoid( (-0.19133,-0.81687,0.54416), (0.76201,0.22582,0.60692), (-0.61866,0.53078,0.57925), 1.8639, 2.6878, 3.4115, (gDx*20,gDy*7,gDz*0)),rgb(0.21875,1,0));
		draw(
			ellipsoid( (-0.23269,-0.7424,0.62825), (0.79296,0.22918,0.56452), (-0.56308,0.62954,0.53536), 1.937, 2.7635, 3.4367, (gDx*21,gDy*7,gDz*0)),rgb(0.3125,1,0));
		draw(
			ellipsoid( (-0.27635,-0.62769,0.72776), (0.80914,0.25664,0.52861), (-0.51857,0.73494,0.43697), 2.0025, 2.8243, 3.4409, (gDx*22,gDy*7,gDz*0)),rgb(0.3125,1,0));
		draw(
			ellipsoid( (-0.31767,-0.49703,0.8075), (0.83979,0.24794,0.48298), (-0.44027,0.83156,0.33864), 2.0116, 2.8899, 3.5408, (gDx*23,gDy*7,gDz*0)),rgb(0.3125,1,0));
		draw(
			ellipsoid( (-0.35169,-0.38041,0.85534), (0.86681,0.21268,0.451), (-0.35348,0.90003,0.25495), 1.9706, 2.9564, 3.7377, (gDx*24,gDy*7,gDz*0)),rgb(0.125,1,0));
		draw(
			ellipsoid( (0.1377,0.19941,0.97019), (-0.80772,0.58953,-0.0065268), (-0.57326,-0.78275,0.24224), 0.90048, 1.3541, 3.2294, (gDx*0,gDy*8,gDz*0)),rgb(0,1,0.8125));
		draw(
			ellipsoid( (0.14066,0.015505,0.98994), (0.76214,-0.63991,-0.098266), (0.63195,0.76829,-0.10182), 1.0127, 1.5267, 3.0688, (gDx*1,gDy*8,gDz*0)),rgb(0,1,0.625));
		draw(
			ellipsoid( (0.11478,-0.19067,0.97492), (-0.73623,0.64255,0.21235), (-0.66692,-0.74214,-0.066626), 1.0461, 1.739, 3.1419, (gDx*2,gDy*8,gDz*0)),rgb(0,1,0.625));
		draw(
			ellipsoid( (0.12673,-0.39675,0.90914), (-0.70999,0.60377,0.36245), (-0.69271,-0.69141,-0.20517), 1.102, 1.823, 3.0776, (gDx*3,gDy*8,gDz*0)),rgb(0,1,0.53125));
		draw(
			ellipsoid( (0.12212,-0.57986,0.80551), (-0.66869,0.55168,0.49851), (-0.73344,-0.59952,-0.32038), 1.1236, 1.9112, 2.9909, (gDx*4,gDy*8,gDz*0)),rgb(0,1,0.4375));
		draw(
			ellipsoid( (-0.068138,0.72858,-0.68156), (0.58169,-0.52601,-0.62045), (-0.81055,-0.43873,-0.38797), 1.1577, 1.9264, 2.7856, (gDx*5,gDy*8,gDz*0)),rgb(0,1,0.25));
		draw(
			ellipsoid( (-0.0015159,-0.85738,0.51469), (-0.55311,0.42951,0.71386), (-0.83311,-0.28359,-0.47487), 1.1083, 1.9671, 2.7563, (gDx*6,gDy*8,gDz*0)),rgb(0,1,0.34375));
		draw(
			ellipsoid( (-0.059107,-0.91374,0.40197), (-0.54097,0.36774,0.75639), (-0.83897,-0.17275,-0.51604), 1.0957, 2.0002, 2.6719, (gDx*7,gDy*8,gDz*0)),rgb(0,1,0.34375));
		draw(
			ellipsoid( (0.069679,0.94402,-0.32244), (0.47274,-0.31587,-0.82264), (-0.87844,-0.095111,-0.46829), 1.1294, 2.0015, 2.5366, (gDx*8,gDy*8,gDz*0)),rgb(0,1,0.15625));
		draw(
			ellipsoid( (0.02301,0.96725,-0.25276), (0.36112,-0.2438,-0.90008), (-0.93223,-0.070567,-0.35491), 1.204, 1.9926, 2.4057, (gDx*9,gDy*8,gDz*0)),rgb(0.03125,1,0));
		draw(
			ellipsoid( (-0.090778,0.98017,-0.17613), (-0.2342,0.15089,0.96041), (-0.96794,-0.12843,-0.21586), 1.2733, 1.9959, 2.3608, (gDx*10,gDy*8,gDz*0)),rgb(0.125,1,0));
		draw(
			ellipsoid( (-0.24371,0.9657,-0.089616), (-0.15993,0.051119,0.9858), (0.95657,0.25459,0.14199), 1.3102, 2.051, 2.4074, (gDx*11,gDy*8,gDz*0)),rgb(0.21875,1,0));
		draw(
			ellipsoid( (0.37384,-0.92738,0.014199), (0.10581,0.027437,-0.99401), (0.92144,0.3731,0.10839), 1.3301, 2.1502, 2.5545, (gDx*12,gDy*8,gDz*0)),rgb(0.125,1,0));
		draw(
			ellipsoid( (-0.46801,0.88262,0.044116), (0.091396,0.097995,-0.99098), (-0.87898,-0.45976,-0.12653), 1.369, 2.2519, 2.7312, (gDx*13,gDy*8,gDz*0)),rgb(0.03125,1,0));
		draw(
			ellipsoid( (0.53141,-0.8421,-0.091994), (0.27841,0.27618,-0.9199), (0.80006,0.46323,0.38122), 1.6852, 2.2368, 2.7301, (gDx*14,gDy*8,gDz*0)),rgb(0.5,1,0));
		draw(
			ellipsoid( (-0.72645,0.52183,0.44717), (-0.061623,-0.69753,0.7139), (0.68445,0.49106,0.53888), 2.0154, 2.2308, 2.7957, (gDx*15,gDy*8,gDz*0)),rgb(0.875,1,0));
		draw(
			ellipsoid( (-0.62008,-0.21613,0.75418), (0.65032,-0.67932,0.34002), (0.43884,0.7013,0.56178), 2.0618, 2.5115, 2.8163, (gDx*16,gDy*8,gDz*0)),rgb(0.96875,1,0));
		draw(
			ellipsoid( (-0.539,-0.45765,0.70713), (0.83736,-0.38197,0.39106), (0.091128,0.8029,0.5891), 2.0776, 2.5918, 2.8412, (gDx*17,gDy*8,gDz*0)),rgb(0.875,1,0));
		draw(
			ellipsoid( (-0.45712,-0.64566,0.61169), (0.88625,-0.27276,0.37439), (-0.07488,0.71325,0.6969), 2.072, 2.6464, 2.9191, (gDx*18,gDy*8,gDz*0)),rgb(0.78125,1,0));
		draw(
			ellipsoid( (-0.39366,-0.75718,0.52125), (0.88778,-0.16606,0.42926), (0.23847,-0.63174,-0.73759), 2.015, 2.7038, 3.0751, (gDx*19,gDy*8,gDz*0)),rgb(0.59375,1,0));
		draw(
			ellipsoid( (0.36466,0.78756,-0.49676), (0.88318,-0.12354,0.45246), (-0.29497,0.60373,0.74061), 1.9613, 2.7597, 3.2582, (gDx*20,gDy*8,gDz*0)),rgb(0.40625,1,0));
		draw(
			ellipsoid( (-0.37634,-0.75717,0.53392), (0.88144,-0.11511,0.45806), (0.28537,-0.643,-0.71071), 1.9778, 2.82, 3.3567, (gDx*21,gDy*8,gDz*0)),rgb(0.40625,1,0));
		draw(
			ellipsoid( (-0.4147,-0.67648,0.60861), (0.86588,-0.087716,0.4925), (-0.27978,0.73122,0.62213), 2.0279, 2.8551, 3.3798, (gDx*22,gDy*8,gDz*0)),rgb(0.40625,1,0));
		draw(
			ellipsoid( (-0.44272,-0.58558,0.67904), (0.85537,-0.048655,0.51572), (-0.26896,0.80915,0.52243), 2.0481, 2.8881, 3.4562, (gDx*23,gDy*8,gDz*0)),rgb(0.40625,1,0));
		draw(
			ellipsoid( (-0.45815,-0.49673,0.73713), (0.85326,-0.013371,0.52132), (-0.2491,0.8678,0.42996), 2.0393, 2.92, 3.5867, (gDx*24,gDy*8,gDz*0)),rgb(0.3125,1,0));
		draw(
			ellipsoid( (0.34153,0.23954,0.90883), (0.71707,-0.69152,-0.087208), (-0.60759,-0.68148,0.40794), 0.93401, 1.3051, 3.1966, (gDx*0,gDy*9,gDz*0)),rgb(0,1,0.8125));
		draw(
			ellipsoid( (0.23839,0.099959,0.96601), (0.67181,-0.73527,-0.089707), (0.70131,0.67037,-0.24244), 1.0496, 1.5119, 3.0622, (gDx*1,gDy*9,gDz*0)),rgb(0,1,0.53125));
		draw(
			ellipsoid( (0.13226,-0.083364,0.9877), (-0.614,0.77537,0.14766), (-0.77814,-0.62598,0.051361), 1.0611, 1.7443, 3.2737, (gDx*2,gDy*9,gDz*0)),rgb(0,1,0.625));
		draw(
			ellipsoid( (0.13065,-0.29035,0.94796), (-0.55204,0.77292,0.31282), (-0.82352,-0.56418,-0.059302), 1.1204, 1.86, 3.1679, (gDx*3,gDy*9,gDz*0)),rgb(0,1,0.53125));
		draw(
			ellipsoid( (0.11001,-0.48904,0.86529), (-0.52528,0.71047,0.46832), (-0.84379,-0.50604,-0.17873), 1.1417, 1.9861, 3.0756, (gDx*4,gDy*9,gDz*0)),rgb(0,1,0.4375));
		draw(
			ellipsoid( (-0.044569,0.65044,-0.75825), (0.42311,-0.67528,-0.60414), (-0.90498,-0.34774,-0.24511), 1.1795, 1.9646, 2.8189, (gDx*5,gDy*9,gDz*0)),rgb(0,1,0.25));
		draw(
