	import three;
	import settings;

	surface ellipsoid(triple v1,triple v2,triple v3,real l1,real l2, real l3, triple pos=O) {
		transform3 T = identity(4);
		T[0][0] = l1*v1.x;
		T[1][0] = l1*v1.y;
		T[2][0] = l1*v1.z;
		T[0][1] = l2*v2.x;
		T[1][1] = l2*v2.y;
		T[2][1] = l2*v2.z;
		T[0][2] = l3*v3.x;
		T[1][2] = l3*v3.y;
		T[2][2] = l3*v3.z;
		T[0][3] = pos.x;
		T[1][3] = pos.y;
		T[2][3] = pos.z;
		return T*unitsphere;
	}

	size(200);

	real gDx=4;
	real gDy=4;
	real gDz=4;

	currentprojection=perspective( camera=(gDx*12,gDy*12,25),up=Y, target=(gDx*12,gDy*12,gDz*0));
		draw(
			ellipsoid( (-0.49927,0.86486,0.052513), (-0.86294,-0.50178,0.059568), (0.077867,-0.015575,0.99684), 0.83151, 1.1156, 3.5505, (gDx*0,gDy*0,gDz*0)),rgb(0,0.90625,1));
		draw(
			ellipsoid( (-0.017276,0.99944,-0.028826), (-0.95215,-0.025243,-0.30458), (-0.30514,0.022184,0.95205), 1.0289, 1.766, 3.7176, (gDx*1,gDy*0,gDz*0)),rgb(0,1,0.8125));
		draw(
			ellipsoid( (0.027038,0.95654,-0.29035), (-0.62474,-0.21058,-0.75191), (-0.78037,0.20172,0.59189), 0.84547, 1.3825, 4.008, (gDx*2,gDy*0,gDz*0)),rgb(0,0.90625,1));
		draw(
			ellipsoid( (0.36104,0.84821,0.38755), (-0.19414,0.47484,-0.85839), (-0.91212,0.23467,0.3361), 0.90412, 1.0383, 3.7093, (gDx*3,gDy*0,gDz*0)),rgb(0,0.90625,1));
		draw(
			ellipsoid( (-0.3196,-0.6374,-0.70112), (-0.067029,0.75329,-0.65427), (-0.94518,0.16211,0.28348), 1.1626, 1.3218, 3.3707, (gDx*4,gDy*0,gDz*0)),rgb(0,1,0.625));
		draw(
			ellipsoid( (0.05881,0.5777,0.81413), (-0.0080337,0.81579,-0.5783), (-0.99824,0.027469,0.052618), 1.0341, 1.5152, 3.6103, (gDx*5,gDy*0,gDz*0)),rgb(0,1,0.8125));
		draw(
			ellipsoid( (-0.0067132,0.60477,0.79637), (-0.03177,0.79586,-0.60465), (-0.99947,-0.02936,0.013871), 0.92993, 1.6736, 3.9124, (gDx*6,gDy*0,gDz*0)),rgb(0,1,1));
		draw(
			ellipsoid( (-0.10746,0.40465,0.90814), (-0.11568,0.90213,-0.41566), (-0.98746,-0.14972,-0.050133), 0.82141, 1.4127, 4.1057, (gDx*7,gDy*0,gDz*0)),rgb(0,0.8125,1));
		draw(
			ellipsoid( (-0.18097,0.81616,0.54876), (0.063394,0.56649,-0.82162), (-0.98144,-0.1139,-0.15426), 0.66865, 1.5829, 3.1867, (gDx*8,gDy*0,gDz*0)),rgb(0,0.90625,1));
		draw(
			ellipsoid( (-0.15328,0.8063,0.57131), (-0.015431,0.57611,-0.81722), (-0.98806,-0.13408,-0.075864), 0.61571, 1.26, 2.7145, (gDx*9,gDy*0,gDz*0)),rgb(0,1,1));
		draw(
			ellipsoid( (-0.463,0.73225,0.49944), (0.25121,-0.43196,0.8662), (-0.85002,-0.52651,-0.01605), 0.94824, 1.7477, 3.2413, (gDx*10,gDy*0,gDz*0)),rgb(0,1,0.71875));
		draw(
			ellipsoid( (0.81946,-0.54752,-0.16942), (0.19526,-0.011212,0.98069), (0.53884,0.83672,-0.097723), 1.3627, 2.4224, 2.8443, (gDx*11,gDy*0,gDz*0)),rgb(0,1,0.0625));
		draw(
			ellipsoid( (-0.97704,0.18678,-0.10246), (-0.11501,-0.057607,0.99169), (-0.17933,-0.98071,-0.077766), 0.4809, 1.9846, 4.5246, (gDx*12,gDy*0,gDz*0)),rgb(0,0.34375,1));
		draw(
			ellipsoid( (-0.85757,0.26995,0.43783), (0.4171,-0.13316,0.89905), (-0.301,-0.95362,-0.001603), 1.1239, 1.459, 5.8506, (gDx*13,gDy*0,gDz*0)),rgb(0,0.71875,1));
		draw(
			ellipsoid( (0.71081,-0.693,0.12038), (-0.0060375,0.16513,0.98625), (-0.70335,-0.70177,0.11319), 0.92423, 1.9874, 4.3553, (gDx*14,gDy*0,gDz*0)),rgb(0,0.90625,1));
		draw(
			ellipsoid( (0.55898,-0.81502,0.15257), (0.094799,0.24561,0.96472), (-0.82374,-0.5248,0.21455), 0.83847, 1.9418, 4.7116, (gDx*15,gDy*0,gDz*0)),rgb(0,0.71875,1));
		draw(
			ellipsoid( (-0.409,0.84417,-0.34656), (0.0068322,0.3826,0.92389), (-0.91251,-0.3755,0.16225), 0.9353, 2.0325, 4.7889, (gDx*16,gDy*0,gDz*0)),rgb(0,0.8125,1));
		draw(
			ellipsoid( (0.14353,-0.72737,0.67107), (0.028769,0.68087,0.73184), (-0.98923,-0.085733,0.11865), 0.78744, 1.559, 4.488, (gDx*17,gDy*0,gDz*0)),rgb(0,0.71875,1));
		draw(
			ellipsoid( (0.085669,-0.63978,0.76377), (-0.0071515,0.76617,0.6426), (-0.9963,-0.060513,0.061062), 0.81392, 1.8176, 4.825, (gDx*18,gDy*0,gDz*0)),rgb(0,0.71875,1));
		draw(
			ellipsoid( (-0.067512,-0.40703,0.91092), (0.097688,0.90592,0.41204), (-0.99292,0.1168,-0.021399), 1.1638, 2.102, 4.3987, (gDx*19,gDy*0,gDz*0)),rgb(0,1,0.90625));
		draw(
			ellipsoid( (-0.34593,-0.38429,0.85595), (0.070951,0.89895,0.43227), (-0.93557,0.21027,-0.28371), 0.86011, 2.111, 3.3627, (gDx*20,gDy*0,gDz*0)),rgb(0,1,0.90625));
		draw(
			ellipsoid( (-0.43953,-0.30586,0.84455), (0.17318,0.89374,0.41381), (-0.88137,0.32814,-0.33986), 1.2702, 2.326, 3.6772, (gDx*21,gDy*0,gDz*0)),rgb(0,1,0.53125));
		draw(
			ellipsoid( (-0.28554,-0.04127,0.95748), (-0.12232,-0.98933,-0.079122), (0.95053,-0.13971,0.27744), 0.88402, 2.0084, 4.6633, (gDx*22,gDy*0,gDz*0)),rgb(0,0.8125,1));
		draw(
			ellipsoid( (-0.63926,-0.17092,0.74976), (-0.027299,0.97941,0.2), (-0.76851,0.10738,-0.63076), 1.3383, 2.7601, 3.7205, (gDx*23,gDy*0,gDz*0)),rgb(0,1,0.53125));
		draw(
			ellipsoid( (-0.94932,-0.19527,0.24628), (-0.13094,0.95806,0.2549), (0.28573,-0.20973,0.93508), 1.7667, 2.6041, 3.4705, (gDx*24,gDy*0,gDz*0)),rgb(0.125,1,0));
		draw(
			ellipsoid( (-0.094915,-0.93853,0.33188), (0.93463,0.030764,0.3543), (-0.34273,0.34381,0.87426), 0.81625, 1.4168, 4.1507, (gDx*0,gDy*1,gDz*0)),rgb(0,0.8125,1));
		draw(
			ellipsoid( (0.94478,0.31026,-0.10547), (-0.3271,0.87355,-0.36043), (-0.019692,0.37503,0.9268), 0.88308, 1.314, 3.9732, (gDx*1,gDy*1,gDz*0)),rgb(0,0.90625,1));
		draw(
			ellipsoid( (-0.62061,0.60177,-0.50271), (0.70583,0.70798,-0.023875), (-0.34154,0.36964,0.86413), 1.0945, 1.6812, 3.468, (gDx*2,gDy*1,gDz*0)),rgb(0,1,0.625));
		draw(
			ellipsoid( (-0.66443,-0.40316,-0.62928), (-0.0080951,0.84585,-0.53336), (-0.74731,0.34929,0.56527), 1.0383, 1.2026, 3.8885, (gDx*3,gDy*1,gDz*0)),rgb(0,1,1));
		draw(
			ellipsoid( (-0.59815,-0.49454,-0.63059), (-0.053617,-0.76042,0.64722), (-0.79959,0.42094,0.42833), 0.95447, 1.4112, 3.5354, (gDx*4,gDy*1,gDz*0)),rgb(0,1,0.90625));
		draw(
			ellipsoid( (-0.58003,-0.51048,-0.6348), (0.18632,0.67549,-0.71344), (0.793,-0.53209,-0.2967), 0.97867, 1.3733, 3.1424, (gDx*5,gDy*1,gDz*0)),rgb(0,1,0.71875));
		draw(
			ellipsoid( (-0.19789,-0.80897,-0.55354), (0.15171,-0.58318,0.79805), (-0.96841,0.073949,0.23813), 0.79603, 1.8282, 3.3947, (gDx*6,gDy*1,gDz*0)),rgb(0,1,1));
		draw(
			ellipsoid( (0.094739,0.94426,0.31528), (0.030568,-0.31931,0.94716), (-0.99503,0.080095,0.059115), 0.44834, 1.4998, 3.3622, (gDx*7,gDy*1,gDz*0)),rgb(0,0.53125,1));
		draw(
			ellipsoid( (-0.0020817,0.93429,0.35651), (-0.035921,-0.35635,0.93366), (-0.99935,0.010862,-0.034302), 0.71867, 1.5734, 2.7502, (gDx*8,gDy*1,gDz*0)),rgb(0,1,0.90625));
		draw(
			ellipsoid( (-0.014788,0.86273,0.50545), (-0.020128,-0.50566,0.8625), (-0.99969,-0.0025807,-0.024843), 0.73864, 1.3519, 2.9535, (gDx*9,gDy*1,gDz*0)),rgb(0,1,0.90625));
		draw(
			ellipsoid( (-0.20677,0.54434,0.81299), (-0.22527,0.78213,-0.58097), (-0.9521,-0.30326,-0.039097), 0.89239, 1.5557, 2.8837, (gDx*10,gDy*1,gDz*0)),rgb(0,1,0.71875));
		draw(
			ellipsoid( (0.46854,-0.87186,0.14255), (0.19881,-0.053162,-0.9786), (0.86078,0.48686,0.14843), 0.77297, 1.1408, 2.7667, (gDx*11,gDy*1,gDz*0)),rgb(0,1,0.8125));
		draw(
			ellipsoid( (-0.5229,0.84062,-0.14117), (-0.10715,0.099477,0.98925), (-0.84563,-0.53241,-0.038055), 0.85149, 1.4278, 3.9659, (gDx*12,gDy*1,gDz*0)),rgb(0,0.90625,1));
		draw(
			ellipsoid( (0.69165,-0.71808,0.077398), (-0.01093,0.096744,0.99525), (-0.72215,-0.68921,0.059064), 0.88172, 2.1232, 4.4513, (gDx*13,gDy*1,gDz*0)),rgb(0,0.8125,1));
		draw(
			ellipsoid( (0.7,-0.70381,0.12101), (-0.022332,0.14779,0.98877), (-0.71379,-0.69484,0.087739), 0.94424, 2.0036, 4.3059, (gDx*14,gDy*1,gDz*0)),rgb(0,0.90625,1));
		draw(
			ellipsoid( (-0.5314,0.80896,-0.25139), (-0.053187,0.26431,0.96297), (-0.84545,-0.5251,0.097428), 1.0305, 2.0404, 3.9606, (gDx*15,gDy*1,gDz*0)),rgb(0,1,0.90625));
		draw(
			ellipsoid( (-0.41778,0.8242,-0.38231), (-0.01978,0.41244,0.91077), (-0.90833,-0.38806,0.15601), 1.0483, 1.9295, 4.4067, (gDx*16,gDy*1,gDz*0)),rgb(0,1,1));
		draw(
			ellipsoid( (0.20369,-0.68496,0.69953), (0.067329,0.72261,0.68797), (-0.97672,-0.093034,0.19331), 0.98466, 1.9085, 4.0599, (gDx*17,gDy*1,gDz*0)),rgb(0,1,1));
		draw(
			ellipsoid( (0.10672,-0.60246,0.79099), (0.1076,0.79785,0.59317), (-0.98845,0.021812,0.14997), 1.028, 2.1142, 4.9014, (gDx*18,gDy*1,gDz*0)),rgb(0,0.90625,1));
		draw(
			ellipsoid( (0.085205,0.72619,-0.68219), (0.087215,0.67662,0.73115), (-0.99254,0.1218,0.0056842), 1.4102, 2.3612, 4.4376, (gDx*19,gDy*1,gDz*0)),rgb(0,1,0.625));
		draw(
			ellipsoid( (-0.11889,-0.41302,0.90293), (0.21716,0.87655,0.42955), (-0.96887,0.24714,-0.014522), 1.1284, 2.6591, 4.7002, (gDx*20,gDy*1,gDz*0)),rgb(0,1,1));
		draw(
			ellipsoid( (-0.24046,-0.36022,0.90134), (0.16927,0.8988,0.40436), (-0.95579,0.2498,-0.15515), 1.1701, 2.6076, 4.4992, (gDx*21,gDy*1,gDz*0)),rgb(0,1,0.90625));
		draw(
			ellipsoid( (0.46069,0.55166,-0.6953), (0.078166,-0.80555,-0.58735), (0.88411,-0.21624,0.41423), 1.4912, 2.0732, 4.2908, (gDx*22,gDy*1,gDz*0)),rgb(0,1,0.53125));
		draw(
			ellipsoid( (0.50109,0.55373,-0.66505), (0.088729,-0.79731,-0.59701), (0.86083,-0.24015,0.44866), 1.6292, 2.1393, 4.0492, (gDx*23,gDy*1,gDz*0)),rgb(0,1,0.34375));
		draw(
			ellipsoid( (-0.61406,0.049102,0.78773), (-0.34144,-0.91636,-0.20904), (0.71158,-0.39733,0.57947), 1.9113, 2.7416, 4.1834, (gDx*24,gDy*1,gDz*0)),rgb(0,1,0.0625));
		draw(
			ellipsoid( (-0.80596,-0.31266,-0.50267), (-0.044072,0.87847,-0.47575), (-0.59033,0.36128,0.72179), 0.98277, 1.2724, 3.5616, (gDx*0,gDy*2,gDz*0)),rgb(0,1,0.90625));
		draw(
			ellipsoid( (-0.94116,0.17852,-0.28696), (-0.28586,-0.87344,0.3942), (-0.18028,0.45304,0.87307), 0.48981, 1.4492, 3.608, (gDx*1,gDy*2,gDz*0)),rgb(0,0.53125,1));
		draw(
			ellipsoid( (0.9194,-0.33944,0.19871), (0.3933,0.78728,-0.47487), (0.0047502,0.51475,0.85733), 0.93057, 1.4173, 3.1677, (gDx*2,gDy*2,gDz*0)),rgb(0,1,0.71875));
		draw(
			ellipsoid( (-0.39017,0.82034,-0.4181), (0.91913,0.32015,-0.22958), (0.054477,0.47387,0.87891), 0.98293, 1.7981, 4.0154, (gDx*3,gDy*2,gDz*0)),rgb(0,1,0.90625));
		draw(
			ellipsoid( (-0.096761,0.79187,-0.60297), (0.83301,0.39599,0.38637), (-0.54473,0.4649,0.69795), 1.3606, 1.8229, 3.9722, (gDx*4,gDy*2,gDz*0)),rgb(0,1,0.625));
		draw(
			ellipsoid( (-0.77068,-0.14765,-0.61989), (-0.38495,-0.66735,0.63754), (-0.50782,0.72996,0.45747), 1.1749, 1.6044, 2.9334, (gDx*5,gDy*2,gDz*0)),rgb(0,1,0.34375));
		draw(
			ellipsoid( (-0.60173,-0.40605,-0.68778), (0.34435,0.64509,-0.68212), (0.72065,-0.64729,-0.24835), 1.2121, 1.479, 2.8974, (gDx*6,gDy*2,gDz*0)),rgb(0,1,0.34375));
		draw(
			ellipsoid( (0.19609,0.21547,0.95662), (0.60625,0.74012,-0.29098), (-0.77072,0.63701,0.014503), 1.1559, 1.6005, 3.0491, (gDx*7,gDy*2,gDz*0)),rgb(0,1,0.4375));
		draw(
			ellipsoid( (0.026674,0.052786,0.99825), (0.56393,0.82374,-0.058627), (-0.82539,0.56451,-0.0077952), 0.75153, 1.5177, 2.943, (gDx*8,gDy*2,gDz*0)),rgb(0,1,0.90625));
		draw(
			ellipsoid( (0.14734,0.86788,0.47442), (-0.090627,-0.46579,0.88024), (-0.98493,0.17269,-0.010027), 0.78741, 1.2769, 3.0527, (gDx*9,gDy*2,gDz*0)),rgb(0,1,0.90625));
		draw(
			ellipsoid( (-0.022743,0.93728,0.34782), (0.11393,-0.34322,0.93232), (-0.99323,-0.060831,0.098978), 0.72082, 1.419, 2.5663, (gDx*10,gDy*2,gDz*0)),rgb(0,1,0.8125));
		draw(
			ellipsoid( (0.070213,-0.69555,-0.71504), (0.10674,-0.70745,0.69865), (-0.9918,-0.12538,0.024572), 1.1819, 1.3576, 3.5111, (gDx*11,gDy*2,gDz*0)),rgb(0,1,0.71875));
		draw(
			ellipsoid( (0.15377,-0.98688,0.049182), (0.12617,-0.029755,-0.99156), (0.98002,0.15868,0.11994), 1.0467, 1.6657, 3.9916, (gDx*12,gDy*2,gDz*0)),rgb(0,1,0.90625));
		draw(
			ellipsoid( (-0.40029,0.90718,0.1296), (0.063251,-0.11373,0.9915), (-0.9142,-0.40508,0.011853), 1.2362, 2.1302, 5.1695, (gDx*13,gDy*2,gDz*0)),rgb(0,1,1));
		draw(
			ellipsoid( (0.4996,-0.8531,-0.1504), (0.17085,-0.073176,0.98258), (-0.84924,-0.51659,0.10919), 0.91438, 2.0774, 4.5588, (gDx*14,gDy*2,gDz*0)),rgb(0,0.8125,1));
		draw(
			ellipsoid( (0.42344,-0.90568,0.021131), (0.16946,0.1021,0.98023), (-0.88993,-0.41149,0.19671), 1.1339, 2.1279, 4.7271, (gDx*15,gDy*2,gDz*0)),rgb(0,1,1));
		draw(
			ellipsoid( (0.28757,-0.95767,0.012675), (0.296,0.10145,0.94978), (-0.91087,-0.26938,0.31265), 1.1411, 2.1352, 4.6357, (gDx*16,gDy*2,gDz*0)),rgb(0,1,0.90625));
		draw(
			ellipsoid( (-0.20019,0.92329,-0.32782), (-0.34825,-0.3798,-0.85702), (-0.91578,-0.057406,0.39756), 1.0213, 2.4704, 4.6632, (gDx*17,gDy*2,gDz*0)),rgb(0,0.90625,1));
		draw(
			ellipsoid( (0.1723,-0.76035,0.62625), (0.24337,0.6489,0.7209), (-0.95451,0.028201,0.29685), 0.91183, 2.252, 4.3419, (gDx*18,gDy*2,gDz*0)),rgb(0,0.90625,1));
		draw(
			ellipsoid( (0.048659,-0.438,0.89766), (0.35136,0.84879,0.3951), (-0.93498,0.29618,0.19519), 1.4609, 2.7553, 4.0896, (gDx*19,gDy*2,gDz*0)),rgb(0,1,0.53125));
		draw(
			ellipsoid( (-0.011131,-0.34146,0.93983), (0.39168,0.8633,0.31829), (-0.92004,0.37165,0.12413), 1.0651, 2.6369, 4.44, (gDx*20,gDy*2,gDz*0)),rgb(0,1,1));
		draw(
			ellipsoid( (-0.20115,-0.43702,0.87667), (0.29246,0.82735,0.47954), (-0.93488,0.35285,-0.038613), 1.3487, 2.2505, 4.0052, (gDx*21,gDy*2,gDz*0)),rgb(0,1,0.53125));
		draw(
			ellipsoid( (0.44639,0.51013,-0.73519), (-0.11936,-0.78031,-0.6139), (-0.88684,0.36179,-0.28743), 1.5567, 2.3354, 4.0929, (gDx*22,gDy*2,gDz*0)),rgb(0,1,0.4375));
		draw(
			ellipsoid( (0.47212,0.48563,-0.7357), (-0.086168,-0.80515,-0.58677), (-0.87731,0.34042,-0.33829), 1.6116, 2.4277, 4.1417, (gDx*23,gDy*2,gDz*0)),rgb(0,1,0.34375));
		draw(
			ellipsoid( (0.72064,0.10091,-0.68592), (0.32419,0.82548,0.46204), (0.61284,-0.55534,0.56216), 1.4771, 2.5643, 3.693, (gDx*24,gDy*2,gDz*0)),rgb(0,1,0.34375));
		draw(
			ellipsoid( (-0.52606,0.17036,-0.83321), (0.41289,0.90768,-0.075095), (-0.74349,0.38353,0.54784), 0.94974, 1.4036, 3.3693, (gDx*0,gDy*3,gDz*0)),rgb(0,1,0.8125));
		draw(
			ellipsoid( (-0.39899,0.71188,-0.57796), (0.83088,0.5473,0.10052), (-0.38788,0.44011,0.80985), 0.92926, 1.2035, 3.4692, (gDx*1,gDy*3,gDz*0)),rgb(0,1,0.90625));
		draw(
			ellipsoid( (-0.44639,0.77126,-0.45376), (0.8871,0.31486,-0.33752), (0.11744,0.5532,0.82473), 1.0373, 1.7135, 3.6829, (gDx*2,gDy*3,gDz*0)),rgb(0,1,0.8125));
		draw(
			ellipsoid( (-0.30021,0.82632,-0.47652), (0.90571,0.090194,-0.41419), (0.29928,0.55594,0.77548), 0.94518, 1.4822, 3.8167, (gDx*3,gDy*3,gDz*0)),rgb(0,1,1));
		draw(
			ellipsoid( (-0.37773,0.77065,-0.51324), (0.91254,0.21597,-0.34733), (0.15682,0.59955,0.78482), 1.0033, 1.7161, 3.2555, (gDx*4,gDy*3,gDz*0)),rgb(0,1,0.71875));
		draw(
			ellipsoid( (-0.35806,0.60549,-0.71076), (0.89328,0.00059424,-0.44951), (0.27175,0.79586,0.54108), 1.1868, 1.735, 3.1243, (gDx*5,gDy*3,gDz*0)),rgb(0,1,0.4375));
		draw(
			ellipsoid( (-0.64205,0.27095,-0.71719), (0.76063,0.34225,-0.55164), (0.095989,-0.89969,-0.42584), 0.85135, 1.7499, 3.2183, (gDx*6,gDy*3,gDz*0)),rgb(0,1,0.90625));
		draw(
			ellipsoid( (-0.7004,-0.20272,-0.68435), (0.56774,0.42284,-0.70631), (0.43256,-0.88324,-0.18107), 1.0726, 1.6606, 2.642, (gDx*7,gDy*3,gDz*0)),rgb(0,1,0.34375));
		draw(
			ellipsoid( (-0.73512,-0.31482,-0.6004), (-0.49716,-0.35176,0.79316), (-0.4609,0.88156,0.10208), 1.2015, 1.8868, 3.142, (gDx*8,gDy*3,gDz*0)),rgb(0,1,0.4375));
		draw(
			ellipsoid( (0.40493,0.67527,0.61647), (-0.36562,-0.49839,0.78609), (-0.83806,0.54371,-0.045078), 1.1194, 1.9693, 3.1454, (gDx*9,gDy*3,gDz*0)),rgb(0,1,0.53125));
		draw(
			ellipsoid( (0.33844,0.86688,0.36602), (-0.11516,-0.3479,0.93043), (-0.93391,0.35705,0.01791), 1.0161, 1.8263, 3.0431, (gDx*10,gDy*3,gDz*0)),rgb(0,1,0.625));
		draw(
			ellipsoid( (0.2266,0.91545,0.33258), (-0.044338,-0.33141,0.94244), (-0.97298,0.22831,0.03451), 1.2597, 1.7407, 3.0426, (gDx*11,gDy*3,gDz*0)),rgb(0,1,0.25));
		draw(
			ellipsoid( (0.039365,0.98876,0.14424), (-0.047705,-0.14233,0.98867), (-0.99809,0.0458,-0.041566), 0.96088, 1.6431, 3.5436, (gDx*12,gDy*3,gDz*0)),rgb(0,1,0.8125));
		draw(
			ellipsoid( (0.097433,-0.99446,-0.039572), (0.017667,-0.038027,0.99912), (-0.99509,-0.098047,0.013863), 1.1092, 1.4766, 4.5036, (gDx*13,gDy*3,gDz*0)),rgb(0,1,1));
		draw(
			ellipsoid( (-0.26823,0.89617,0.35346), (0.19163,-0.30994,0.93124), (-0.9441,-0.31752,0.088597), 1.2018, 1.8803, 4.3764, (gDx*14,gDy*3,gDz*0)),rgb(0,1,0.8125));
		draw(
			ellipsoid( (0.36015,-0.93289,-0.001919), (0.19193,0.072083,0.97876), (-0.91294,-0.35287,0.20501), 1.2082, 2.0306, 4.7394, (gDx*15,gDy*3,gDz*0)),rgb(0,1,0.90625));
		draw(
			ellipsoid( (0.28117,-0.95893,-0.037416), (0.29624,0.049644,0.95382), (-0.91279,-0.27927,0.29803), 1.1094, 2.1554, 4.6072, (gDx*16,gDy*3,gDz*0)),rgb(0,1,1));
		draw(
			ellipsoid( (-0.2105,0.93023,-0.30061), (-0.32368,-0.35647,-0.87644), (-0.92245,-0.087188,0.37614), 1.0245, 2.3993, 4.6216, (gDx*17,gDy*3,gDz*0)),rgb(0,0.90625,1));
		draw(
			ellipsoid( (0.21641,-0.75694,0.61661), (0.28311,0.65309,0.70237), (-0.93435,0.022569,0.35563), 1.0813, 2.2898, 4.2706, (gDx*18,gDy*3,gDz*0)),rgb(0,1,0.90625));
		draw(
			ellipsoid( (0.06679,-0.46698,0.88174), (0.56153,0.74807,0.35365), (-0.82476,0.4715,0.31219), 1.1313, 2.5176, 3.8226, (gDx*19,gDy*3,gDz*0)),rgb(0,1,0.71875));
		draw(
			ellipsoid( (-0.02382,-0.56829,0.82249), (0.42359,0.73948,0.5232), (-0.90554,0.36086,0.22311), 0.91661, 2.4535, 4.0811, (gDx*20,gDy*3,gDz*0)),rgb(0,0.90625,1));
		draw(
			ellipsoid( (-0.043053,-0.37074,0.92774), (0.34379,0.86639,0.36218), (-0.93806,0.33454,0.090155), 1.2298, 2.3253, 3.7351, (gDx*21,gDy*3,gDz*0)),rgb(0,1,0.625));
		draw(
			ellipsoid( (-0.053336,-0.23511,0.97051), (0.37444,0.89627,0.2377), (-0.92572,0.37607,0.040229), 1.8727, 2.7338, 3.9044, (gDx*22,gDy*3,gDz*0)),rgb(0,1,0.0625));
		draw(
			ellipsoid( (-0.31722,-0.080082,0.94497), (-0.41059,-0.8866,-0.21297), (0.85486,-0.45555,0.24836), 2.2359, 2.6261, 4.1004, (gDx*23,gDy*3,gDz*0)),rgb(0.21875,1,0));
		draw(
			ellipsoid( (-0.21404,0.27223,0.93812), (-0.71958,-0.69342,0.037049), (0.6606,-0.66713,0.34431), 1.9817, 2.7392, 4.032, (gDx*24,gDy*3,gDz*0)),rgb(0.03125,1,0));
		draw(
			ellipsoid( (0.075981,-0.31241,0.9469), (0.64591,0.73889,0.19195), (-0.75962,0.59703,0.25793), 0.87288, 1.531, 3.6856, (gDx*0,gDy*4,gDz*0)),rgb(0,1,1));
		draw(
			ellipsoid( (-0.25335,0.30044,-0.91954), (0.76654,0.64219,-0.0013709), (-0.59011,0.70521,0.393), 0.8261, 1.1728, 3.3437, (gDx*1,gDy*4,gDz*0)),rgb(0,1,1));
		draw(
			ellipsoid( (-0.35709,0.56342,-0.74501), (0.90065,0.41914,-0.11471), (-0.24763,0.71195,0.65712), 0.65732, 1.56, 2.8015, (gDx*2,gDy*4,gDz*0)),rgb(0,1,1));
		draw(
			ellipsoid( (0.53614,0.53736,-0.651), (0.77275,-0.62282,0.12231), (0.33973,0.56863,0.74916), 1.0538, 1.3262, 3.4121, (gDx*3,gDy*4,gDz*0)),rgb(0,1,0.8125));
		draw(
			ellipsoid( (-0.16174,0.835,-0.52595), (0.94378,-0.02483,-0.32964), (0.28831,0.5497,0.78404), 1.0503, 1.5048, 3.2609, (gDx*4,gDy*4,gDz*0)),rgb(0,1,0.625));
		draw(
			ellipsoid( (0.50338,-0.80774,0.30687), (0.7082,0.18221,-0.68209), (0.49504,0.56068,0.66376), 1.134, 1.778, 3.411, (gDx*5,gDy*4,gDz*0)),rgb(0,1,0.625));
		draw(
			ellipsoid( (-0.63164,0.65783,-0.41024), (-0.66505,-0.18782,0.7228), (0.39842,0.72938,0.55612), 0.82376, 1.7822, 3.602, (gDx*6,gDy*4,gDz*0)),rgb(0,1,1));
		draw(
			ellipsoid( (-0.62328,0.29603,-0.7238), (0.77128,0.07999,-0.63145), (-0.12903,-0.95182,-0.27818), 1.0757, 1.6218, 3.4674, (gDx*7,gDy*4,gDz*0)),rgb(0,1,0.71875));
		draw(
			ellipsoid( (-0.8054,0.023695,-0.59225), (0.58985,0.1304,-0.79692), (0.058345,-0.99118,-0.119), 0.95314, 1.6809, 3.0132, (gDx*8,gDy*4,gDz*0)),rgb(0,1,0.625));
		draw(
			ellipsoid( (0.75098,-0.047394,0.65862), (-0.65196,0.10502,0.75095), (0.10476,0.99334,-0.047966), 0.86251, 1.8306, 3.0492, (gDx*9,gDy*4,gDz*0)),rgb(0,1,0.8125));
		draw(
			ellipsoid( (0.52288,0.81085,0.26291), (-0.11611,-0.23781,0.96435), (-0.84447,0.53476,0.030198), 1.137, 1.8742, 2.8514, (gDx*10,gDy*4,gDz*0)),rgb(0,1,0.34375));
		draw(
			ellipsoid( (0.42927,0.84883,0.30856), (-0.00751,-0.33827,0.94102), (-0.90315,0.40627,0.13883), 1.0856, 1.9938, 3.1539, (gDx*11,gDy*4,gDz*0)),rgb(0,1,0.53125));
		draw(
			ellipsoid( (0.30418,0.91215,-0.2747), (0.062144,0.26874,0.9612), (-0.95058,0.30945,-0.025063), 0.95579, 1.9288, 4.681, (gDx*12,gDy*4,gDz*0)),rgb(0,0.90625,1));
		draw(
			ellipsoid( (0.1655,0.94679,-0.27605), (0.037085,0.27374,0.96109), (-0.98551,0.1693,-0.010193), 1.1266, 2.1817, 4.7176, (gDx*13,gDy*4,gDz*0)),rgb(0,1,1));
		draw(
			ellipsoid( (0.092515,0.87946,-0.46689), (0.12137,0.45545,0.88195), (-0.98829,0.13826,0.064608), 1.2275, 2.0475, 4.1522, (gDx*14,gDy*4,gDz*0)),rgb(0,1,0.71875));
		draw(
			ellipsoid( (-0.085779,0.98681,-0.1373), (-0.26422,-0.1554,-0.95186), (-0.96064,-0.045373,0.27407), 0.93622, 1.9545, 3.7417, (gDx*15,gDy*4,gDz*0)),rgb(0,1,0.90625));
		draw(
			ellipsoid( (-0.1478,0.98422,-0.097251), (-0.385,-0.14783,-0.911), (-0.91101,-0.097201,0.40078), 1.0833, 2.0517, 3.9602, (gDx*16,gDy*4,gDz*0)),rgb(0,1,0.8125));
		draw(
			ellipsoid( (-0.20146,0.94285,-0.26542), (-0.32677,-0.32014,-0.88923), (-0.92338,-0.092412,0.3726), 1.1931, 2.0092, 3.9536, (gDx*17,gDy*4,gDz*0)),rgb(0,1,0.71875));
		draw(
			ellipsoid( (0.18095,-0.89753,0.40211), (0.34557,0.44081,0.82841), (-0.92078,-0.010947,0.38992), 1.2001, 2.07, 4.4798, (gDx*18,gDy*4,gDz*0)),rgb(0,1,0.8125));
		draw(
			ellipsoid( (0.032465,-0.60492,0.79563), (0.37876,0.74412,0.5503), (-0.92492,0.28349,0.25328), 0.93762, 2.7106, 4.8452, (gDx*19,gDy*4,gDz*0)),rgb(0,0.8125,1));
		draw(
			ellipsoid( (-0.07216,-0.69862,0.71184), (0.729,0.45014,0.51568), (-0.6807,0.55615,0.47682), 1.5425, 2.849, 4.0208, (gDx*20,gDy*4,gDz*0)),rgb(0,1,0.4375));
		draw(
			ellipsoid( (-0.14819,-0.63574,0.75755), (0.69306,0.47968,0.53813), (-0.70549,0.60477,0.36952), 1.5233, 2.7041, 3.9477, (gDx*21,gDy*4,gDz*0)),rgb(0,1,0.34375));
		draw(
			ellipsoid( (0.013718,-0.35168,0.93602), (0.75696,0.61529,0.22008), (-0.65332,0.70551,0.27465), 1.808, 2.8894, 3.6153, (gDx*22,gDy*4,gDz*0)),rgb(0.03125,1,0));
		draw(
			ellipsoid( (-0.12541,-0.069982,0.98963), (0.70896,0.69146,0.13874), (-0.694,0.71901,-0.037102), 2.1107, 2.892, 4.2534, (gDx*23,gDy*4,gDz*0)),rgb(0.03125,1,0));
		draw(
			ellipsoid( (0.025873,0.23381,0.97194), (0.81037,0.56439,-0.15734), (-0.58534,0.7917,-0.17487), 1.8442, 2.8609, 4.2973, (gDx*24,gDy*4,gDz*0)),rgb(0,1,0.25));
		draw(
			ellipsoid( (0.0080111,-0.19759,0.98025), (0.85327,0.51249,0.096328), (-0.52141,0.83565,0.1727), 0.80153, 1.5168, 4.248, (gDx*0,gDy*5,gDz*0)),rgb(0,0.8125,1));
		draw(
			ellipsoid( (0.24991,-0.20128,0.94712), (-0.86558,-0.48483,0.12536), (0.43396,-0.85113,-0.29539), 0.8579, 1.4363, 3.7713, (gDx*1,gDy*5,gDz*0)),rgb(0,1,1));
		draw(
			ellipsoid( (-0.43335,0.48889,-0.7571), (0.90084,0.21042,-0.37975), (0.026341,0.84659,0.5316), 0.66062, 1.5838, 3.6168, (gDx*2,gDy*5,gDz*0)),rgb(0,0.8125,1));
		draw(
			ellipsoid( (-0.25416,0.58141,-0.7729), (0.91124,-0.12384,-0.39281), (0.3241,0.80413,0.49833), 0.72508, 1.5314, 3.5294, (gDx*3,gDy*5,gDz*0)),rgb(0,0.90625,1));
		draw(
			ellipsoid( (-0.37049,0.81399,-0.44739), (-0.80441,-0.040371,0.5927), (0.46439,0.57948,0.66974), 1.0585, 1.6782, 3.2678, (gDx*4,gDy*5,gDz*0)),rgb(0,1,0.625));
		draw(
			ellipsoid( (0.25293,-0.93222,0.25882), (0.69732,-0.0097842,-0.71669), (0.67065,0.36176,0.64758), 1.03, 1.8727, 3.3919, (gDx*5,gDy*5,gDz*0)),rgb(0,1,0.71875));
		draw(
			ellipsoid( (-0.11683,0.87464,-0.47048), (-0.75675,0.22839,0.61251), (0.64318,0.4276,0.63521), 0.99599, 1.876, 3.2385, (gDx*6,gDy*5,gDz*0)),rgb(0,1,0.71875));
		draw(
			ellipsoid( (-0.34467,0.7638,-0.54572), (-0.6739,0.20338,0.71028), (0.6535,0.61257,0.44463), 1.1835, 1.6392, 2.6759, (gDx*7,gDy*5,gDz*0)),rgb(0,1,0.15625));
		draw(
			ellipsoid( (-0.34505,0.77586,-0.52818), (-0.70095,0.16123,0.69474), (0.62419,0.60995,0.48821), 1.044, 1.5874, 2.4255, (gDx*8,gDy*5,gDz*0)),rgb(0,1,0.25));
		draw(
			ellipsoid( (-0.83209,0.44828,-0.3266), (-0.39234,-0.059525,0.91789), (-0.39203,-0.89191,-0.22541), 0.88424, 1.6867, 3.214, (gDx*9,gDy*5,gDz*0)),rgb(0,1,0.8125));
		draw(
			ellipsoid( (-0.8981,-0.0051577,-0.43976), (-0.43642,-0.11307,0.89261), (0.054326,-0.99357,-0.099296), 1.6094, 2.0748, 2.7073, (gDx*10,gDy*5,gDz*0)),rgb(0.40625,1,0));
		draw(
			ellipsoid( (-0.55105,-0.51243,-0.6586), (-0.31791,-0.60081,0.73346), (-0.77154,0.61355,0.16817), 1.0859, 1.6879, 2.9296, (gDx*11,gDy*5,gDz*0)),rgb(0,1,0.4375));
		draw(
			ellipsoid( (0.46975,0.86148,-0.19284), (0.13926,0.14339,0.97982), (-0.87175,0.48712,0.052607), 1.2217, 2.0098, 4.8067, (gDx*12,gDy*5,gDz*0)),rgb(0,1,0.90625));
		draw(
			ellipsoid( (0.43234,0.85829,-0.27645), (0.17458,0.22111,0.9595), (-0.88465,0.46309,0.054246), 1.0884, 2.5103, 4.6281, (gDx*13,gDy*5,gDz*0)),rgb(0,1,1));
		draw(
			ellipsoid( (0.33887,0.88177,-0.32809), (0.26102,0.24693,0.93322), (-0.9039,0.40187,0.14648), 1.2318, 2.5089, 4.1985, (gDx*14,gDy*5,gDz*0)),rgb(0,1,0.71875));
		draw(
			ellipsoid( (0.24137,0.93042,-0.2758), (-0.38591,-0.16873,-0.90698), (-0.8904,0.32535,0.31833), 1.1887, 2.334, 3.7473, (gDx*15,gDy*5,gDz*0)),rgb(0,1,0.625));
		draw(
			ellipsoid( (0.035065,0.99257,-0.11655), (-0.45706,-0.087783,-0.8851), (-0.88875,0.084306,0.45058), 0.34046, 2.4063, 4.3383, (gDx*16,gDy*5,gDz*0)),rgb(0,0.15625,1));
		draw(
			ellipsoid( (-0.10871,0.92945,-0.35257), (-0.30352,-0.36878,-0.87857), (-0.9466,0.011501,0.3222), 1.1961, 1.9948, 3.8768, (gDx*17,gDy*5,gDz*0)),rgb(0,1,0.71875));
		draw(
			ellipsoid( (-0.081823,0.92699,-0.36606), (-0.31115,-0.37269,-0.87424), (-0.94683,0.042365,0.31892), 1.2748, 2.0887, 4.0727, (gDx*18,gDy*5,gDz*0)),rgb(0,1,0.625));
		draw(
			ellipsoid( (0.00019673,-0.73534,0.6777), (0.51707,0.58015,0.62934), (-0.85594,0.3503,0.38034), 1.5887, 2.6236, 4.1742, (gDx*19,gDy*5,gDz*0)),rgb(0,1,0.4375));
		draw(
			ellipsoid( (0.0070741,0.82823,-0.56034), (0.77901,0.34677,0.52239), (-0.62697,0.4402,0.64275), 2.0558, 3.0404, 4.4756, (gDx*20,gDy*5,gDz*0)),rgb(0,1,0.0625));
		draw(
			ellipsoid( (-0.073343,-0.48956,0.86888), (0.67032,0.62089,0.40641), (-0.73844,0.61223,0.28262), 1.6716, 2.8492, 3.825, (gDx*21,gDy*5,gDz*0)),rgb(0,1,0.15625));
		draw(
			ellipsoid( (-0.076464,-0.40023,0.91322), (0.71833,0.61308,0.32884), (-0.69149,0.68114,0.24062), 1.7274, 2.8193, 3.6745, (gDx*22,gDy*5,gDz*0)),rgb(0,1,0.0625));
		draw(
			ellipsoid( (-0.18039,-0.30162,0.93621), (0.73112,0.5956,0.33276), (-0.65797,0.74451,0.11308), 1.8172, 2.7501, 3.9944, (gDx*23,gDy*5,gDz*0)),rgb(0,1,0.15625));
		draw(
			ellipsoid( (-0.22052,-0.16212,0.96182), (0.78773,0.55191,0.27363), (-0.57519,0.818,0.0059977), 1.7571, 3.0541, 4.0717, (gDx*24,gDy*5,gDz*0)),rgb(0,1,0.25));
		draw(
			ellipsoid( (-0.45539,-0.15374,0.87692), (0.88764,-0.0024352,0.46053), (-0.068667,0.98811,0.13757), 1.0848, 1.4437, 3.2553, (gDx*0,gDy*6,gDz*0)),rgb(0,1,0.625));
		draw(
			ellipsoid( (-0.12971,-0.18229,0.97465), (0.99126,-0.047546,0.12303), (0.023915,0.98209,0.18687), 0.92005, 1.3048, 3.4503, (gDx*1,gDy*6,gDz*0)),rgb(0,1,0.90625));
		draw(
			ellipsoid( (-0.0029512,-0.29808,0.95453), (-0.99948,0.031421,0.0067221), (-0.031996,-0.95402,-0.29802), 1.0211, 1.4025, 3.4247, (gDx*2,gDy*6,gDz*0)),rgb(0,1,0.8125));
		draw(
			ellipsoid( (0.077984,-0.50061,0.86215), (-0.8552,0.41088,0.31593), (-0.5124,-0.76195,-0.39608), 0.69909, 1.8013, 3.3813, (gDx*3,gDy*6,gDz*0)),rgb(0,0.90625,1));
		draw(
			ellipsoid( (-0.17438,0.67526,-0.71667), (0.81554,-0.30882,-0.48941), (0.5518,0.66982,0.49685), 0.87382, 1.724, 3.5429, (gDx*4,gDy*6,gDz*0)),rgb(0,1,0.90625));
		draw(
			ellipsoid( (0.196,-0.95016,0.24245), (0.80527,0.014864,-0.59273), (0.55958,0.31141,0.76804), 1.1622, 1.5994, 3.1665, (gDx*5,gDy*6,gDz*0)),rgb(0,1,0.4375));
		draw(
			ellipsoid( (0.0032728,0.96003,-0.27987), (-0.76185,0.18368,0.62117), (0.64775,0.21118,0.732), 0.98431, 1.8732, 3.0232, (gDx*6,gDy*6,gDz*0)),rgb(0,1,0.625));
		draw(
			ellipsoid( (0.017213,0.92636,-0.37625), (-0.55318,0.32229,0.7682), (0.83289,0.19491,0.51799), 1.1466, 2.2585, 3.2522, (gDx*7,gDy*6,gDz*0)),rgb(0,1,0.53125));
		draw(
			ellipsoid( (-0.12018,0.85067,-0.51178), (0.41407,-0.42558,-0.80463), (-0.90227,-0.30862,-0.30109), 0.85062, 1.8565, 3.0001, (gDx*8,gDy*6,gDz*0)),rgb(0,1,0.8125));
		draw(
			ellipsoid( (-0.54449,0.76746,-0.33843), (-0.36486,0.14659,0.91945), (-0.75525,-0.62411,-0.2002), 1.0209, 2.0646, 3.3682, (gDx*9,gDy*6,gDz*0)),rgb(0,1,0.71875));
		draw(
			ellipsoid( (-0.54498,0.76156,-0.35075), (-0.3446,0.17792,0.92174), (-0.76436,-0.62319,-0.16547), 1.1438, 2.2267, 3.2087, (gDx*10,gDy*6,gDz*0)),rgb(0,1,0.53125));
		draw(
			ellipsoid( (-0.72321,0.56252,-0.40067), (-0.32466,0.23514,0.91614), (-0.60956,-0.79264,-0.012576), 1.291, 2.1657, 2.8532, (gDx*11,gDy*6,gDz*0)),rgb(0,1,0.15625));
		draw(
			ellipsoid( (0.8579,0.0096866,-0.51372), (0.51052,-0.12906,0.85013), (0.058064,0.99159,0.11566), 1.5111, 2.4028, 2.645, (gDx*12,gDy*6,gDz*0)),rgb(0.21875,1,0));
		draw(
			ellipsoid( (0.90858,0.41417,-0.054266), (-0.072188,0.02773,-0.99701), (-0.41143,0.90978,0.055093), 1.1483, 2.1496, 4.3375, (gDx*13,gDy*6,gDz*0)),rgb(0,1,0.90625));
		draw(
			ellipsoid( (0.50966,0.67401,-0.53474), (0.36291,0.39512,0.84391), (-0.78009,0.62417,0.043232), 1.1908, 2.8486, 4.2975, (gDx*14,gDy*6,gDz*0)),rgb(0,1,0.8125));
		draw(
			ellipsoid( (0.38059,0.80072,-0.4626), (0.30055,0.36598,0.88075), (-0.87454,0.47424,0.10137), 1.2393, 2.6036, 3.7157, (gDx*15,gDy*6,gDz*0)),rgb(0,1,0.625));
		draw(
			ellipsoid( (0.15747,0.83819,-0.52215), (0.40991,0.42556,0.80677), (-0.89843,0.34108,0.27657), 1.0536, 2.8412, 3.7348, (gDx*16,gDy*6,gDz*0)),rgb(0,1,0.90625));
		draw(
			ellipsoid( (-0.1557,-0.74423,0.64952), (0.64639,0.42045,0.63671), (-0.74696,0.51898,0.41559), 1.4735, 1.9594, 3.1375, (gDx*17,gDy*6,gDz*0)),rgb(0,1,0.0625));
		draw(
			ellipsoid( (0.0091605,0.95923,-0.28249), (-0.28619,-0.26817,-0.91988), (-0.95813,0.089274,0.27207), 1.559, 2.1233, 4.09, (gDx*18,gDy*6,gDz*0)),rgb(0,1,0.4375));
		draw(
			ellipsoid( (0.048549,-0.91577,0.39876), (0.68377,0.32149,0.65506), (-0.72808,0.24086,0.64179), 1.3222, 2.1104, 3.9672, (gDx*19,gDy*6,gDz*0)),rgb(0,1,0.625));
		draw(
			ellipsoid( (-0.024014,0.78284,-0.62176), (0.62653,0.49644,0.60084), (-0.77903,0.37512,0.50239), 1.9299, 2.5154, 4.4336, (gDx*20,gDy*6,gDz*0)),rgb(0,1,0.25));
		draw(
			ellipsoid( (-0.0013477,-0.60391,0.79705), (0.78244,0.4957,0.37691), (-0.62272,0.62416,0.47186), 1.7622, 2.674, 3.8695, (gDx*21,gDy*6,gDz*0)),rgb(0,1,0.15625));
		draw(
			ellipsoid( (-0.21363,-0.38214,0.89907), (0.9307,0.2001,0.30619), (-0.29691,0.90218,0.31292), 1.6431, 2.6337, 3.5568, (gDx*22,gDy*6,gDz*0)),rgb(0,1,0.0625));
		draw(
			ellipsoid( (-0.19925,-0.31865,0.9267), (0.93209,0.23029,0.27959), (-0.3025,0.91947,0.25112), 1.5518, 2.7952, 3.496, (gDx*23,gDy*6,gDz*0)),rgb(0,1,0.15625));
		draw(
			ellipsoid( (-0.24647,-0.16188,0.95554), (0.95323,0.13751,0.26917), (-0.17497,0.97718,0.12041), 1.7616, 3.0109, 4.0982, (gDx*24,gDy*6,gDz*0)),rgb(0,1,0.25));
		draw(
			ellipsoid( (0.080026,-0.010666,0.99674), (0.82654,-0.55821,-0.072334), (0.55716,0.82963,-0.035855), 0.76547, 1.5008, 3.0594, (gDx*0,gDy*7,gDz*0)),rgb(0,1,0.90625));
		draw(
			ellipsoid( (0.084062,-0.093941,0.99202), (-0.85421,0.50582,0.12028), (-0.51308,-0.85751,-0.037725), 0.77562, 1.5388, 2.9905, (gDx*1,gDy*7,gDz*0)),rgb(0,1,0.90625));
		draw(
			ellipsoid( (0.15951,-0.39323,0.9055), (-0.87376,0.37067,0.31489), (-0.45946,-0.84141,-0.28446), 1.0051, 1.6064, 2.8949, (gDx*2,gDy*7,gDz*0)),rgb(0,1,0.53125));
		draw(
			ellipsoid( (-0.33023,0.62677,-0.70577), (0.81672,-0.18511,-0.54654), (0.4732,0.7569,0.45076), 1.0331, 1.5762, 3.5188, (gDx*3,gDy*7,gDz*0)),rgb(0,1,0.71875));
		draw(
			ellipsoid( (-0.21488,0.68915,-0.69203), (0.82365,-0.2529,-0.50759), (-0.52481,-0.67906,-0.51327), 0.87419, 1.7691, 3.3638, (gDx*4,gDy*7,gDz*0)),rgb(0,1,0.90625));
		draw(
			ellipsoid( (-0.1341,0.76907,-0.62494), (0.62715,-0.42241,-0.65441), (-0.76727,-0.47969,-0.42567), 0.98956, 1.7582, 2.9787, (gDx*5,gDy*7,gDz*0)),rgb(0,1,0.625));
		draw(
			ellipsoid( (0.034044,-0.96864,0.24614), (0.48489,-0.19934,-0.85156), (0.87391,0.14834,0.46289), 0.863, 1.9194, 2.914, (gDx*6,gDy*7,gDz*0)),rgb(0,1,0.71875));
		draw(
			ellipsoid( (-0.085383,-0.97721,0.19437), (0.75693,-0.19048,-0.62512), (0.6479,0.093749,0.75594), 1.1008, 2.0686, 3.0327, (gDx*7,gDy*7,gDz*0)),rgb(0,1,0.4375));
		draw(
			ellipsoid( (-0.10423,-0.96576,0.23758), (0.23809,-0.25616,-0.93685), (0.96563,-0.041083,0.25664), 0.90831, 1.7377, 2.7848, (gDx*8,gDy*7,gDz*0)),rgb(0,1,0.625));
		draw(
			ellipsoid( (-0.1458,0.82562,-0.54506), (0.27091,-0.49657,-0.82464), (-0.9515,-0.2679,-0.15127), 1.0082, 1.6878, 3.072, (gDx*9,gDy*7,gDz*0)),rgb(0,1,0.625));
		draw(
			ellipsoid( (-0.2313,0.69249,-0.68335), (0.37867,-0.58292,-0.7189), (-0.89616,-0.42505,-0.12739), 1.0384, 1.6273, 2.9468, (gDx*10,gDy*7,gDz*0)),rgb(0,1,0.53125));
		draw(
			ellipsoid( (-0.62716,0.77858,-0.02219), (0.0026197,0.030597,0.99953), (-0.77889,-0.6268,0.021229), 0.80264, 1.698, 2.452, (gDx*11,gDy*7,gDz*0)),rgb(0,1,0.625));
		draw(
			ellipsoid( (0.72505,-0.68822,0.025553), (0.16033,0.1326,-0.97812), (0.66977,0.71328,0.20648), 0.93583, 2.2141, 3.0897, (gDx*12,gDy*7,gDz*0)),rgb(0,1,0.71875));
		draw(
			ellipsoid( (0.80521,-0.58252,0.11092), (-0.15329,-0.023778,0.98789), (0.57283,0.81247,0.10844), 1.1168, 2.5599, 3.4099, (gDx*13,gDy*7,gDz*0)),rgb(0,1,0.625));
		draw(
			ellipsoid( (0.98369,0.049091,-0.17304), (0.17419,-0.020072,0.98451), (-0.044857,0.99859,0.028296), 0.6967, 2.5219, 4.0081, (gDx*14,gDy*7,gDz*0)),rgb(0,0.71875,1));
		draw(
			ellipsoid( (0.64467,0.37121,-0.66828), (0.58274,0.32718,0.74389), (-0.49479,0.86899,0.0053957), 1.2167, 2.5599, 3.1503, (gDx*15,gDy*7,gDz*0)),rgb(0,1,0.4375));
		draw(
			ellipsoid( (-0.50172,-0.68143,0.53285), (0.51344,0.26116,0.81742), (0.69617,-0.68371,-0.21885), 1.4446, 2.9219, 4.1898, (gDx*16,gDy*7,gDz*0)),rgb(0,1,0.53125));
		draw(
			ellipsoid( (0.7776,0.58591,-0.22816), (-0.37969,0.14832,-0.91315), (-0.50118,0.79669,0.3378), 1.8002, 2.3551, 3.9928, (gDx*17,gDy*7,gDz*0)),rgb(0,1,0.15625));
		draw(
			ellipsoid( (0.19362,0.9571,-0.21558), (-0.34285,-0.13987,-0.92892), (-0.91922,0.25377,0.30106), 1.3824, 2.3515, 3.8809, (gDx*18,gDy*7,gDz*0)),rgb(0,1,0.53125));
		draw(
			ellipsoid( (0.18193,0.97179,-0.15007), (-0.39255,-0.068146,-0.9172), (-0.90156,0.22578,0.36908), 1.5055, 2.5248, 3.8553, (gDx*19,gDy*7,gDz*0)),rgb(0,1,0.34375));
		draw(
			ellipsoid( (0.0597,0.90699,-0.41691), (0.73304,0.24366,0.63505), (-0.67756,0.34352,0.65031), 1.5749, 2.7847, 3.5734, (gDx*20,gDy*7,gDz*0)),rgb(0,1,0.15625));
		draw(
			ellipsoid( (-0.14417,-0.73027,0.66778), (0.90106,0.18206,0.39363), (-0.40903,0.65846,0.63177), 1.6998, 2.8049, 3.9906, (gDx*21,gDy*7,gDz*0)),rgb(0,1,0.25));
		draw(
			ellipsoid( (-0.14967,-0.61152,0.77694), (0.8827,0.27139,0.38365), (-0.44547,0.74323,0.49917), 1.8095, 2.7475, 3.781, (gDx*22,gDy*7,gDz*0)),rgb(0,1,0.0625));
		draw(
			ellipsoid( (-0.15284,-0.4756,0.86628), (-0.98703,0.117,-0.10991), (-0.049083,-0.87185,-0.48731), 1.6061, 2.9606, 3.3048, (gDx*23,gDy*7,gDz*0)),rgb(0,1,0.0625));
		draw(
			ellipsoid( (-0.20673,-0.22757,0.95156), (0.9741,0.043213,0.22196), (-0.091631,0.9728,0.21274), 2.0818, 3.2445, 3.7863, (gDx*24,gDy*7,gDz*0)),rgb(0.21875,1,0));
		draw(
			ellipsoid( (0.34868,-0.5282,-0.77423), (0.74657,-0.34288,0.57014), (-0.56661,-0.77682,0.27478), 0.89485, 1.3078, 3.4839, (gDx*0,gDy*8,gDz*0)),rgb(0,1,0.90625));
		draw(
			ellipsoid( (0.060825,0.11274,0.99176), (-0.72114,0.69194,-0.03443), (-0.69012,-0.7131,0.12339), 0.8728, 1.417, 3.6494, (gDx*1,gDy*8,gDz*0)),rgb(0,1,1));
		draw(
			ellipsoid( (-0.02186,0.025345,0.99944), (-0.7142,0.69914,-0.033351), (-0.6996,-0.71453,0.0028182), 0.98739, 1.963, 3.6727, (gDx*2,gDy*8,gDz*0)),rgb(0,1,0.8125));
		draw(
			ellipsoid( (-0.14031,0.43013,-0.8918), (0.85964,-0.39398,-0.32528), (0.49126,0.81226,0.31447), 1.2667, 1.4314, 3.2277, (gDx*3,gDy*8,gDz*0)),rgb(0,1,0.4375));
		draw(
			ellipsoid( (0.21837,-0.58472,0.78129), (-0.78613,0.36896,0.49585), (-0.5782,-0.72248,-0.3791), 1.2056, 1.9378, 3.2514, (gDx*4,gDy*8,gDz*0)),rgb(0,1,0.4375));
		draw(
			ellipsoid( (-0.12509,0.7136,-0.68929), (0.62578,-0.48238,-0.61295), (-0.7699,-0.50802,-0.38622), 0.97634, 1.8726, 2.8602, (gDx*5,gDy*8,gDz*0)),rgb(0,1,0.53125));
		draw(
			ellipsoid( (-0.018509,0.92792,-0.37232), (0.50939,-0.31168,-0.80211), (-0.86034,-0.2045,-0.4669), 0.75584, 2.0258, 2.885, (gDx*6,gDy*8,gDz*0)),rgb(0,1,0.90625));
		draw(
			ellipsoid( (0.12334,0.95799,-0.25894), (-0.73436,0.26361,0.62548), (0.66746,0.11301,0.73602), 0.90372, 2.0102, 2.7234, (gDx*7,gDy*8,gDz*0)),rgb(0,1,0.625));
		draw(
			ellipsoid( (-0.147,-0.96972,0.19504), (0.66235,-0.24295,-0.70871), (0.73464,0.025005,0.678), 0.90864, 1.9243, 2.6524, (gDx*8,gDy*8,gDz*0)),rgb(0,1,0.625));
		draw(
			ellipsoid( (-0.061415,0.96036,-0.27192), (-0.14599,0.26087,0.95427), (-0.98738,-0.098304,-0.12418), 1.2603, 1.8806, 2.6521, (gDx*9,gDy*8,gDz*0)),rgb(0,1,0.0625));
		draw(
			ellipsoid( (-0.15371,0.97537,-0.15818), (-0.085026,-0.17254,-0.98133), (-0.98445,-0.13739,0.10945), 1.3848, 1.7126, 2.7564, (gDx*10,gDy*8,gDz*0)),rgb(0.03125,1,0));
		draw(
			ellipsoid( (-0.39333,0.87648,-0.27762), (-0.071067,0.27208,0.95965), (-0.91665,-0.39719,0.044726), 1.034, 1.9999, 2.2685, (gDx*11,gDy*8,gDz*0)),rgb(0,1,0.25));
		draw(
			ellipsoid( (-0.47044,0.87915,-0.076059), (-0.063837,0.052061,0.9966), (-0.88012,-0.47369,-0.031631), 1.1248, 2.2909, 3.2554, (gDx*12,gDy*8,gDz*0)),rgb(0,1,0.53125));
		draw(
			ellipsoid( (-0.53113,0.84585,-0.049293), (-0.030539,0.039028,0.99877), (-0.84674,-0.53198,-0.0051029), 1.1287, 2.2775, 3.5985, (gDx*13,gDy*8,gDz*0)),rgb(0,1,0.625));
		draw(
			ellipsoid( (-0.54242,0.8392,-0.039185), (-0.0441,0.018136,0.99886), (-0.83895,-0.54353,-0.027171), 1.1582, 2.2902, 3.6116, (gDx*14,gDy*8,gDz*0)),rgb(0,1,0.625));
		draw(
			ellipsoid( (-0.72756,0.59027,0.34962), (-0.099347,-0.5949,0.79764), (0.67881,0.5456,0.49146), 1.4113, 2.8191, 3.7847, (gDx*15,gDy*8,gDz*0)),rgb(0,1,0.4375));
		draw(
			ellipsoid( (-0.73135,-0.16453,0.66186), (0.68064,-0.11476,0.72357), (-0.043096,0.97967,0.19591), 1.8223, 2.4366, 3.6439, (gDx*16,gDy*8,gDz*0)),rgb(0.03125,1,0));
		draw(
			ellipsoid( (-0.57612,-0.28691,0.76536), (0.7976,0.0073203,0.60314), (-0.17865,0.95793,0.22462), 1.849, 2.0366, 3.941, (gDx*17,gDy*8,gDz*0)),rgb(0,1,0.15625));
		draw(
			ellipsoid( (-0.83889,-0.44164,0.31816), (0.53881,-0.59094,0.6004), (-0.077147,0.67509,0.73369), 1.5495, 2.2013, 3.3181, (gDx*18,gDy*8,gDz*0)),rgb(0,1,0.0625));
		draw(
			ellipsoid( (-0.52677,-0.83405,0.16395), (0.84661,-0.49758,0.18884), (0.075917,-0.23828,-0.96823), 1.8307, 2.9413, 3.5525, (gDx*19,gDy*8,gDz*0)),rgb(0.03125,1,0));
		draw(
			ellipsoid( (-0.4501,-0.85767,0.24861), (0.79092,-0.25365,0.55687), (-0.41456,0.44728,0.79252), 1.688, 2.884, 3.7034, (gDx*20,gDy*8,gDz*0)),rgb(0,1,0.15625));
		draw(
			ellipsoid( (-0.36913,-0.83963,0.39845), (0.90909,-0.23713,0.34252), (0.19311,-0.48866,-0.85083), 1.7699, 3.2507, 3.79, (gDx*21,gDy*8,gDz*0)),rgb(0,1,0.15625));
		draw(
			ellipsoid( (0.62335,0.69808,-0.3523), (0.78143,-0.57246,0.24831), (0.028335,0.43008,0.90235), 1.9714, 2.9389, 3.7755, (gDx*22,gDy*8,gDz*0)),rgb(0.125,1,0));
		draw(
			ellipsoid( (0.43338,0.70071,-0.56674), (0.89918,-0.294,0.3241), (-0.060473,0.65006,0.75748), 2.0386, 3.0366, 4.2148, (gDx*23,gDy*8,gDz*0)),rgb(0.03125,1,0));
		draw(
			ellipsoid( (-0.40792,-0.40967,0.81595), (0.88263,0.051709,0.46722), (-0.2336,0.91076,0.3405), 1.9381, 2.9618, 3.9557, (gDx*24,gDy*8,gDz*0)),rgb(0.03125,1,0));
		draw(
			ellipsoid( (0.51075,0.16619,0.84351), (0.59347,-0.77803,-0.20606), (-0.62203,-0.60584,0.49601), 0.79051, 1.2573, 3.4203, (gDx*0,gDy*9,gDz*0)),rgb(0,1,1));
		draw(
			ellipsoid( (0.11576,0.31676,0.94141), (-0.70212,0.6965,-0.14802), (-0.70258,-0.64386,0.30303), 0.95214, 1.3296, 3.0693, (gDx*1,gDy*9,gDz*0)),rgb(0,1,0.71875));
		draw(
			ellipsoid( (-0.019083,0.081794,0.99647), (-0.57239,0.81627,-0.077964), (-0.81976,-0.57186,0.031241), 0.88932, 1.9016, 4.1778, (gDx*2,gDy*9,gDz*0)),rgb(0,0.90625,1));
		draw(
			ellipsoid( (0.072044,-0.11984,0.99018), (-0.45484,0.87957,0.13955), (-0.88765,-0.46043,0.0088596), 0.90408, 1.8766, 3.7626, (gDx*3,gDy*9,gDz*0)),rgb(0,1,1));
		draw(
			ellipsoid( (0.15011,-0.47992,0.86438), (-0.70393,0.56202,0.43429), (-0.69422,-0.67366,-0.25346), 1.1907, 2.1322, 3.4065, (gDx*4,gDy*9,gDz*0)),rgb(0,1,0.53125));
		draw(
