	import three;
	import settings;

	surface ellipsoid(triple v1,triple v2,triple v3,real l1,real l2, real l3, triple pos=O) {
		transform3 T = identity(4);
		T[0][0] = l1*v1.x;
		T[1][0] = l1*v1.y;
		T[2][0] = l1*v1.z;
		T[0][1] = l2*v2.x;
		T[1][1] = l2*v2.y;
		T[2][1] = l2*v2.z;
		T[0][2] = l3*v3.x;
		T[1][2] = l3*v3.y;
		T[2][2] = l3*v3.z;
		T[0][3] = pos.x;
		T[1][3] = pos.y;
		T[2][3] = pos.z;
		return T*unitsphere;
	}

	size(200);

	real gDx=4;
	real gDy=4;
	real gDz=4;

	currentprojection=perspective( camera=(gDx*12,gDy*12,25),up=Y, target=(gDx*12,gDy*12,gDz*0));
		draw(
			ellipsoid( (0.39853,-0.91691,0.021184), (0.91567,0.39646,-0.06605), (0.052164,0.045721,0.99759), 0.86202, 1.1693, 4.2547, (gDx*0,gDy*0,gDz*0)),rgb(0,0.8125,1));
		draw(
			ellipsoid( (0.08184,0.99347,-0.079452), (-0.96406,0.058695,-0.25911), (-0.25276,0.097802,0.96257), 0.97297, 1.5874, 3.0307, (gDx*1,gDy*0,gDz*0)),rgb(0,1,0.625));
		draw(
			ellipsoid( (0.20426,0.97513,-0.086036), (-0.61391,0.059141,-0.78716), (-0.76249,0.2136,0.61072), 1.0045, 1.4439, 3.5202, (gDx*2,gDy*0,gDz*0)),rgb(0,1,0.8125));
		draw(
			ellipsoid( (-0.44354,-0.74062,-0.50473), (0.17833,-0.62482,0.76013), (-0.87834,0.24714,0.40921), 0.99587, 1.1783, 4.0475, (gDx*3,gDy*0,gDz*0)),rgb(0,0.90625,1));
		draw(
			ellipsoid( (-0.3163,-0.68852,-0.6526), (0.072172,-0.70339,0.70713), (-0.94591,0.17657,0.27218), 1.0369, 1.3039, 3.6682, (gDx*4,gDy*0,gDz*0)),rgb(0,1,0.90625));
		draw(
			ellipsoid( (-0.15225,-0.62669,-0.76425), (0.0011103,-0.77337,0.63395), (-0.98834,0.095672,0.11844), 0.97512, 1.4416, 3.6748, (gDx*5,gDy*0,gDz*0)),rgb(0,1,0.90625));
		draw(
			ellipsoid( (0.0076631,0.65198,0.7582), (0.0014248,0.75822,-0.652), (-0.99997,0.0060766,0.0048814), 0.8546, 1.5104, 3.8584, (gDx*6,gDy*0,gDz*0)),rgb(0,0.90625,1));
		draw(
			ellipsoid( (-0.090749,0.71784,0.69027), (-0.0059885,0.69272,-0.72118), (-0.99586,-0.06958,-0.058565), 0.7398, 1.4504, 3.8844, (gDx*7,gDy*0,gDz*0)),rgb(0,0.8125,1));
		draw(
			ellipsoid( (-0.15328,0.79147,0.59168), (0.0046403,0.59933,-0.80049), (-0.98817,-0.11995,-0.095538), 0.65177, 1.4048, 3.6337, (gDx*8,gDy*0,gDz*0)),rgb(0,0.71875,1));
		draw(
			ellipsoid( (0.20764,-0.82574,-0.52444), (0.0021488,0.5365,-0.84389), (-0.9782,-0.1741,-0.11317), 0.61746, 1.3694, 3.2762, (gDx*9,gDy*0,gDz*0)),rgb(0,0.8125,1));
		draw(
			ellipsoid( (-0.41047,0.76921,0.48973), (0.19102,-0.45261,0.87101), (-0.89164,-0.45107,-0.038854), 0.92435, 1.6009, 2.7008, (gDx*10,gDy*0,gDz*0)),rgb(0,1,0.53125));
		draw(
			ellipsoid( (-0.86418,0.47429,0.16805), (0.19626,0.010168,0.9805), (-0.46333,-0.88031,0.10187), 1.1007, 1.6865, 2.7763, (gDx*11,gDy*0,gDz*0)),rgb(0,1,0.34375));
		draw(
			ellipsoid( (0.96596,-0.2544,0.046937), (0.054395,0.022355,-0.99827), (0.25291,0.96684,0.035432), 0.74467, 1.9695, 4.4281, (gDx*12,gDy*0,gDz*0)),rgb(0,0.71875,1));
		draw(
			ellipsoid( (-0.91346,0.40086,-0.069927), (-0.065028,0.025831,0.99755), (-0.40169,-0.91577,-0.002472), 0.94628, 1.811, 4.5653, (gDx*13,gDy*0,gDz*0)),rgb(0,0.90625,1));
		draw(
			ellipsoid( (0.75436,-0.63493,0.16676), (-0.080326,0.16284,0.98338), (0.65153,0.75521,-0.07184), 0.97594, 1.92, 4.3568, (gDx*14,gDy*0,gDz*0)),rgb(0,1,1));
		draw(
			ellipsoid( (0.58555,-0.78047,0.2191), (-0.01418,0.26037,0.9654), (-0.81051,-0.5684,0.14139), 0.89059, 1.9587, 4.7405, (gDx*15,gDy*0,gDz*0)),rgb(0,0.8125,1));
		draw(
			ellipsoid( (0.40212,-0.78874,0.46496), (0.095282,-0.46902,-0.87803), (-0.91062,-0.39737,0.11345), 0.99551, 1.8354, 4.4012, (gDx*16,gDy*0,gDz*0)),rgb(0,1,1));
		draw(
			ellipsoid( (0.20532,-0.7161,0.66712), (-0.023907,0.67777,0.73489), (-0.9784,-0.16684,0.12204), 0.91343, 1.8013, 4.6384, (gDx*17,gDy*0,gDz*0)),rgb(0,0.8125,1));
		draw(
			ellipsoid( (0.074302,-0.61493,0.78508), (0.010664,0.7877,0.61597), (-0.99718,-0.037395,0.065085), 0.95847, 1.9136, 4.5935, (gDx*18,gDy*0,gDz*0)),rgb(0,0.90625,1));
		draw(
			ellipsoid( (-0.076582,-0.49252,0.86692), (0.015973,0.86876,0.49498), (-0.99694,0.051753,-0.058664), 1.0596, 2.0215, 4.1614, (gDx*19,gDy*0,gDz*0)),rgb(0,1,0.90625));
		draw(
			ellipsoid( (-0.24046,-0.37584,0.89494), (0.12081,0.90324,0.41178), (-0.96311,0.20714,-0.17179), 1.0273, 2.181, 4.2073, (gDx*20,gDy*0,gDz*0)),rgb(0,1,0.90625));
		draw(
			ellipsoid( (-0.32871,-0.30074,0.89527), (0.10978,0.92935,0.3525), (-0.93803,0.21415,-0.27247), 1.0944, 2.1513, 4.2248, (gDx*21,gDy*0,gDz*0)),rgb(0,1,0.90625));
		draw(
			ellipsoid( (-0.41414,-0.20689,0.88639), (-0.13424,-0.94929,-0.2843), (0.90026,-0.23673,0.36537), 1.1149, 2.1351, 4.4083, (gDx*22,gDy*0,gDz*0)),rgb(0,1,0.90625));
		draw(
			ellipsoid( (-0.5987,-0.21727,0.77094), (-0.084186,-0.94011,-0.33033), (0.79654,-0.26267,0.54455), 1.5588, 2.315, 3.6692, (gDx*23,gDy*0,gDz*0)),rgb(0,1,0.25));
		draw(
			ellipsoid( (-0.87773,-0.14008,0.45822), (-0.011143,0.96202,0.27275), (0.47902,-0.2343,0.84596), 1.7495, 2.508, 3.8079, (gDx*24,gDy*0,gDz*0)),rgb(0,1,0.0625));
		draw(
			ellipsoid( (-0.1108,-0.96494,0.23793), (0.95257,-0.03484,0.30231), (-0.28342,0.26014,0.92304), 0.97856, 1.2294, 3.5679, (gDx*0,gDy*1,gDz*0)),rgb(0,1,0.90625));
		draw(
			ellipsoid( (-0.49476,0.78597,-0.37075), (0.84299,0.53771,0.014973), (-0.21113,0.30513,0.92861), 1.0884, 1.2101, 3.3271, (gDx*1,gDy*1,gDz*0)),rgb(0,1,0.71875));
		draw(
			ellipsoid( (-0.18566,0.88023,-0.43672), (0.89501,0.33493,0.29458), (-0.40557,0.33617,0.85), 1.158, 1.427, 3.017, (gDx*2,gDy*1,gDz*0)),rgb(0,1,0.4375));
		draw(
			ellipsoid( (-0.11208,0.83798,-0.53407), (0.73073,0.43373,0.52718), (-0.67341,0.33117,0.66094), 1.2159, 1.485, 3.042, (gDx*3,gDy*1,gDz*0)),rgb(0,1,0.4375));
		draw(
			ellipsoid( (-0.58289,-0.45783,-0.67129), (0.0013915,0.82559,-0.56428), (-0.81255,0.32984,0.48059), 1.348, 1.3641, 2.9623, (gDx*4,gDy*1,gDz*0)),rgb(0,1,0.34375));
		draw(
			ellipsoid( (-0.44713,-0.48079,-0.75426), (0.11968,0.80351,-0.58314), (0.88643,-0.35101,-0.30173), 1.1698, 1.4886, 3.0168, (gDx*5,gDy*1,gDz*0)),rgb(0,1,0.4375));
		draw(
			ellipsoid( (-0.26267,-0.73998,-0.61922), (-0.024648,-0.6364,0.77096), (-0.96457,0.21777,0.14893), 1.0258, 1.4525, 2.9063, (gDx*6,gDy*1,gDz*0)),rgb(0,1,0.53125));
		draw(
			ellipsoid( (0.12479,0.81252,0.56941), (-0.073509,-0.56475,0.82198), (-0.98946,0.14443,0.010747), 0.80963, 1.4417, 3.0572, (gDx*7,gDy*1,gDz*0)),rgb(0,1,0.90625));
		draw(
			ellipsoid( (0.030917,0.80482,0.59271), (-0.057879,-0.59056,0.80492), (-0.99784,0.059191,-0.028324), 0.83294, 1.4156, 2.8621, (gDx*8,gDy*1,gDz*0)),rgb(0,1,0.71875));
		draw(
			ellipsoid( (-0.073369,0.79193,0.60619), (0.02955,0.60929,-0.7924), (-0.99687,-0.040225,-0.068105), 0.8307, 1.3902, 2.765, (gDx*9,gDy*1,gDz*0)),rgb(0,1,0.71875));
		draw(
			ellipsoid( (-0.2068,0.79631,0.56845), (0.1126,-0.55777,0.82232), (-0.97188,-0.23406,-0.025681), 0.98904, 1.4189, 2.6259, (gDx*10,gDy*1,gDz*0)),rgb(0,1,0.4375));
		draw(
			ellipsoid( (-0.41748,0.8374,0.35282), (0.1411,-0.32383,0.93554), (-0.89767,-0.44035,-0.017038), 1.0924, 1.4302, 2.7233, (gDx*11,gDy*1,gDz*0)),rgb(0,1,0.34375));
		draw(
			ellipsoid( (-0.58014,0.80874,0.096808), (0.071283,-0.067986,0.99514), (-0.81139,-0.58422,0.018208), 1.0978, 1.5962, 3.196, (gDx*12,gDy*1,gDz*0)),rgb(0,1,0.53125));
		draw(
			ellipsoid( (0.66038,-0.75064,0.020967), (0.018968,0.044586,0.99883), (-0.75069,-0.65921,0.043682), 1.0411, 1.8407, 3.8917, (gDx*13,gDy*1,gDz*0)),rgb(0,1,0.8125));
		draw(
			ellipsoid( (0.61884,-0.78094,0.084659), (0.036725,0.13642,0.98997), (-0.78466,-0.60952,0.1131), 1.0546, 1.9557, 4.2067, (gDx*14,gDy*1,gDz*0)),rgb(0,1,0.90625));
		draw(
			ellipsoid( (0.50698,-0.84268,0.18128), (0.05259,0.24016,0.96931), (-0.86035,-0.48189,0.16607), 1.0174, 1.9806, 4.4294, (gDx*15,gDy*1,gDz*0)),rgb(0,1,1));
		draw(
			ellipsoid( (-0.3761,0.85119,-0.36609), (0.029922,0.40605,0.91336), (-0.9261,-0.33256,0.17818), 1.059, 1.9221, 4.3504, (gDx*16,gDy*1,gDz*0)),rgb(0,1,1));
		draw(
			ellipsoid( (0.23058,-0.79445,0.56185), (-0.055722,-0.58725,-0.80749), (-0.97146,-0.15489,0.17968), 1.0205, 1.9097, 4.4883, (gDx*17,gDy*1,gDz*0)),rgb(0,1,1));
		draw(
			ellipsoid( (0.11002,-0.67832,0.72648), (0.063386,0.73422,0.67595), (-0.99191,-0.028322,0.12378), 1.0583, 2.0209, 4.3815, (gDx*18,gDy*1,gDz*0)),rgb(0,1,1));
		draw(
			ellipsoid( (-0.022076,-0.55292,0.83294), (0.081566,0.82937,0.55271), (-0.99642,0.080141,0.02679), 1.132, 2.1717, 4.0766, (gDx*19,gDy*1,gDz*0)),rgb(0,1,0.8125));
		draw(
			ellipsoid( (-0.16151,-0.44465,0.88103), (0.19934,0.85965,0.4704), (-0.96653,0.25159,-0.050203), 1.0963, 2.3649, 4.1243, (gDx*20,gDy*1,gDz*0)),rgb(0,1,0.90625));
		draw(
			ellipsoid( (-0.25865,-0.38119,0.88758), (0.16706,0.88735,0.42977), (-0.95142,0.25944,-0.16584), 1.2354, 2.334, 4.0037, (gDx*21,gDy*1,gDz*0)),rgb(0,1,0.71875));
		draw(
			ellipsoid( (-0.37052,-0.28473,0.88411), (0.17022,0.91492,0.36599), (-0.91309,0.2861,-0.29052), 1.3463, 2.3087, 4.0322, (gDx*22,gDy*1,gDz*0)),rgb(0,1,0.625));
		draw(
			ellipsoid( (-0.53948,-0.2215,0.81234), (-0.19137,-0.90727,-0.37448), (0.81996,-0.35748,0.44706), 1.68, 2.4204, 3.6929, (gDx*23,gDy*1,gDz*0)),rgb(0,1,0.15625));
		draw(
			ellipsoid( (-0.7722,-0.12227,0.6235), (0.1881,0.89333,0.40815), (0.6069,-0.43246,0.66683), 1.8536, 2.5364, 3.8267, (gDx*24,gDy*1,gDz*0)),rgb(0.03125,1,0));
		draw(
			ellipsoid( (-0.83425,-0.18597,-0.51908), (0.063944,0.90242,-0.42608), (-0.54767,0.38865,0.74095), 1.0992, 1.1178, 3.432, (gDx*0,gDy*2,gDz*0)),rgb(0,1,0.8125));
		draw(
			ellipsoid( (-0.87179,0.32397,-0.36745), (0.44705,0.83285,-0.32636), (-0.20029,0.44879,0.8709), 0.87314, 1.2413, 3.518, (gDx*1,gDy*2,gDz*0)),rgb(0,1,1));
		draw(
			ellipsoid( (-0.68175,0.59831,-0.42101), (0.72164,0.64454,-0.2526), (-0.12023,0.47602,0.87118), 1.0341, 1.3516, 3.4101, (gDx*2,gDy*2,gDz*0)),rgb(0,1,0.8125));
		draw(
			ellipsoid( (-0.35133,0.78422,-0.51144), (0.92783,0.36475,-0.078061), (-0.12533,0.50195,0.85577), 1.1345, 1.6256, 3.2181, (gDx*3,gDy*2,gDz*0)),rgb(0,1,0.53125));
		draw(
			ellipsoid( (-0.26796,0.72036,-0.63975), (0.88699,0.44368,0.12807), (-0.3761,0.53313,0.75784), 1.2942, 1.6756, 2.738, (gDx*4,gDy*2,gDz*0)),rgb(0,1,0.0625));
		draw(
			ellipsoid( (-0.44305,0.30556,-0.84282), (0.63562,0.77005,-0.05495), (-0.63222,0.56005,0.53539), 1.3529, 1.5941, 2.5783, (gDx*5,gDy*2,gDz*0)),rgb(0.125,1,0));
		draw(
			ellipsoid( (0.44529,0.12357,0.88682), (-0.39407,-0.8623,0.31803), (0.80401,-0.49108,-0.33528), 1.3117, 1.5389, 2.4316, (gDx*6,gDy*2,gDz*0)),rgb(0.125,1,0));
		draw(
			ellipsoid( (0.3424,0.41359,0.84363), (0.30301,0.80132,-0.51582), (-0.88936,0.43224,0.14905), 1.1611, 1.522, 2.4597, (gDx*7,gDy*2,gDz*0)),rgb(0,1,0.0625));
		draw(
			ellipsoid( (0.24953,0.5329,0.80855), (0.27551,0.76139,-0.58684), (-0.92835,0.3692,0.043175), 1.0252, 1.4737, 2.5532, (gDx*8,gDy*2,gDz*0)),rgb(0,1,0.34375));
		draw(
			ellipsoid( (0.17137,0.70392,0.6893), (-0.15157,-0.67248,0.72443), (-0.97348,0.22862,0.0085483), 0.98306, 1.4135, 2.6494, (gDx*9,gDy*2,gDz*0)),rgb(0,1,0.4375));
		draw(
			ellipsoid( (0.047035,0.83157,0.55343), (-0.018774,-0.55321,0.83283), (-0.99872,0.049563,0.010409), 1.0162, 1.4042, 2.731, (gDx*10,gDy*2,gDz*0)),rgb(0,1,0.4375));
		draw(
			ellipsoid( (-0.10746,0.92316,0.36909), (0.050138,-0.36574,0.92937), (-0.99294,-0.11837,0.006985), 1.1103, 1.4795, 3.0124, (gDx*11,gDy*2,gDz*0)),rgb(0,1,0.53125));
		draw(
			ellipsoid( (-0.24419,0.95693,0.15701), (0.018152,-0.15738,0.98737), (-0.96956,-0.24395,-0.021059), 1.1185, 1.6057, 3.4995, (gDx*12,gDy*2,gDz*0)),rgb(0,1,0.625));
		draw(
			ellipsoid( (-0.36581,0.92605,0.092844), (0.072859,-0.070957,0.99481), (-0.92783,-0.37068,0.041514), 1.1051, 1.8123, 3.9218, (gDx*13,gDy*2,gDz*0)),rgb(0,1,0.8125));
		draw(
			ellipsoid( (0.44862,-0.893,-0.035895), (0.11443,0.017558,0.99328), (-0.88637,-0.44971,0.11006), 1.0481, 2.0079, 4.4599, (gDx*14,gDy*2,gDz*0)),rgb(0,1,1));
		draw(
			ellipsoid( (0.39477,-0.9117,0.11383), (0.11661,0.17261,0.97806), (-0.91135,-0.37284,0.17446), 1.101, 2.0127, 4.3469, (gDx*15,gDy*2,gDz*0)),rgb(0,1,0.90625));
		draw(
			ellipsoid( (-0.32974,0.90926,-0.25401), (-0.1561,-0.31786,-0.9352), (-0.93108,-0.26873,0.24675), 1.0996, 2.0239, 4.3806, (gDx*16,gDy*2,gDz*0)),rgb(0,1,0.90625));
		draw(
			ellipsoid( (0.24734,-0.86215,0.44218), (-0.16452,-0.4871,-0.85771), (-0.95486,-0.1394,0.26231), 1.1079, 2.0572, 4.3962, (gDx*17,gDy*2,gDz*0)),rgb(0,1,0.90625));
		draw(
			ellipsoid( (0.1486,-0.73647,0.65994), (0.14515,0.67637,0.72212), (-0.97819,-0.011516,0.20741), 1.1484, 2.1433, 4.2345, (gDx*18,gDy*2,gDz*0)),rgb(0,1,0.8125));
		draw(
			ellipsoid( (0.036181,-0.59749,0.80106), (0.18443,0.79181,0.58226), (-0.98218,0.12667,0.13884), 1.1884, 2.3205, 4.0836, (gDx*19,gDy*2,gDz*0)),rgb(0,1,0.71875));
		draw(
			ellipsoid( (-0.073103,-0.49056,0.86834), (0.32834,0.81029,0.48541), (-0.94173,0.32059,0.10183), 1.1301, 2.5295, 4.2409, (gDx*20,gDy*2,gDz*0)),rgb(0,1,0.90625));
		draw(
			ellipsoid( (-0.16402,-0.4473,0.87922), (0.29798,0.82719,0.47641), (-0.94038,0.34013,-0.0023858), 1.3511, 2.5051, 3.9569, (gDx*21,gDy*2,gDz*0)),rgb(0,1,0.53125));
		draw(
			ellipsoid( (-0.29244,-0.36206,0.88509), (0.28068,0.85229,0.44138), (-0.91417,0.3775,-0.14762), 1.5783, 2.4861, 3.8052, (gDx*22,gDy*2,gDz*0)),rgb(0,1,0.25));
		draw(
			ellipsoid( (-0.45432,-0.20167,0.86771), (-0.3298,-0.86676,-0.37412), (0.82754,-0.45614,0.32728), 1.7901, 2.5088, 3.7803, (gDx*23,gDy*2,gDz*0)),rgb(0,1,0.0625));
		draw(
			ellipsoid( (-0.60486,-0.020004,0.79608), (-0.4196,-0.84165,-0.33996), (0.67682,-0.53966,0.50068), 1.842, 2.5392, 4.1268, (gDx*24,gDy*2,gDz*0)),rgb(0,1,0.15625));
		draw(
			ellipsoid( (-0.56,0.109,-0.82129), (0.49734,0.83705,-0.22803), (-0.6626,0.53616,0.52296), 1.003, 1.2683, 3.3685, (gDx*0,gDy*3,gDz*0)),rgb(0,1,0.8125));
		draw(
			ellipsoid( (-0.57059,0.50036,-0.6512), (0.76273,0.61681,-0.19439), (-0.3044,0.60761,0.73359), 1.0459, 1.2965, 2.9357, (gDx*1,gDy*3,gDz*0)),rgb(0,1,0.53125));
		draw(
			ellipsoid( (-0.44096,0.69616,-0.56649), (0.89563,0.38227,-0.2274), (-0.058242,0.60764,0.79207), 1.0228, 1.4049, 3.147, (gDx*2,gDy*3,gDz*0)),rgb(0,1,0.625));
		draw(
			ellipsoid( (-0.37398,0.77743,-0.50571), (0.91697,0.22823,-0.32724), (0.13898,0.5861,0.79823), 0.99872, 1.4818, 3.5455, (gDx*3,gDy*3,gDz*0)),rgb(0,1,0.8125));
		draw(
			ellipsoid( (-0.37868,0.74391,-0.55063), (0.91782,0.22524,-0.32691), (0.11917,0.62918,0.76807), 1.1157, 1.6258, 3.1349, (gDx*4,gDy*3,gDz*0)),rgb(0,1,0.53125));
		draw(
			ellipsoid( (-0.43728,0.61468,-0.65647), (0.89922,0.28769,-0.3296), (0.013738,0.73444,0.67854), 1.2395, 1.6859, 2.7008, (gDx*5,gDy*3,gDz*0)),rgb(0,1,0.0625));
		draw(
			ellipsoid( (0.52221,-0.35803,0.77402), (-0.84042,-0.37025,0.39574), (0.14489,-0.85716,-0.49425), 1.2573, 1.7283, 2.5226, (gDx*6,gDy*3,gDz*0)),rgb(0.03125,1,0));
		draw(
			ellipsoid( (0.5481,-0.05421,0.83465), (-0.75875,-0.45215,0.46889), (0.35197,-0.89029,-0.28896), 1.2336, 1.7151, 2.4253, (gDx*7,gDy*3,gDz*0)),rgb(0.125,1,0));
		draw(
			ellipsoid( (0.5126,0.21268,0.83187), (0.65889,0.52377,-0.53993), (-0.55054,0.82488,0.12835), 1.1793, 1.7265, 2.4375, (gDx*8,gDy*3,gDz*0)),rgb(0.03125,1,0));
		draw(
			ellipsoid( (0.40925,0.47453,0.77932), (0.35957,0.70112,-0.61574), (-0.83858,0.53221,0.11631), 1.2041, 1.681, 2.4351, (gDx*9,gDy*3,gDz*0)),rgb(0.03125,1,0));
		draw(
			ellipsoid( (-0.30309,-0.7793,-0.54848), (-0.12012,-0.53972,0.83323), (-0.94536,0.31842,0.069976), 1.1675, 1.6082, 2.7214, (gDx*10,gDy*3,gDz*0)),rgb(0,1,0.25));
		draw(
			ellipsoid( (0.15782,0.93598,0.31469), (-0.0226,-0.31518,0.94876), (-0.98721,0.15684,0.028588), 1.2254, 1.6141, 3.0675, (gDx*11,gDy*3,gDz*0)),rgb(0,1,0.34375));
		draw(
			ellipsoid( (0.043432,0.99492,0.090782), (-0.03843,-0.089136,0.99528), (-0.99832,0.046716,-0.034364), 1.1774, 1.6891, 3.6225, (gDx*12,gDy*3,gDz*0)),rgb(0,1,0.625));
		draw(
			ellipsoid( (-0.094304,0.99434,0.049035), (0.0066115,-0.048628,0.9988), (-0.99552,-0.094514,0.0019882), 1.2084, 1.8098, 3.8576, (gDx*13,gDy*3,gDz*0)),rgb(0,1,0.71875));
		draw(
			ellipsoid( (0.21577,-0.97635,-0.013847), (-0.065794,-0.00038902,-0.99783), (0.97423,0.21621,-0.064322), 1.1928, 1.9587, 4.1225, (gDx*14,gDy*3,gDz*0)),rgb(0,1,0.8125));
		draw(
			ellipsoid( (0.24295,-0.96681,0.079083), (0.16303,0.12106,0.97917), (-0.95624,-0.22499,0.18703), 1.1466, 2.0675, 4.2372, (gDx*15,gDy*3,gDz*0)),rgb(0,1,0.8125));
		draw(
			ellipsoid( (-0.26408,0.95264,-0.15079), (-0.26319,-0.22158,-0.93895), (-0.9279,-0.20827,0.30924), 1.097, 2.1404, 4.4381, (gDx*16,gDy*3,gDz*0)),rgb(0,1,0.90625));
		draw(
			ellipsoid( (-0.22866,0.90875,-0.34912), (-0.26475,-0.40315,-0.876), (-0.93682,-0.10788,0.33277), 1.1404, 2.1387, 4.33, (gDx*17,gDy*3,gDz*0)),rgb(0,1,0.90625));
		draw(
			ellipsoid( (0.16778,-0.78282,0.5992), (0.23973,0.62197,0.74544), (-0.95623,0.018577,0.29202), 1.2211, 2.2175, 4.1712, (gDx*18,gDy*3,gDz*0)),rgb(0,1,0.71875));
		draw(
			ellipsoid( (0.082831,-0.63482,0.76821), (0.31272,0.74848,0.58479), (-0.94623,0.1918,0.26052), 1.2261, 2.423, 4.1486, (gDx*19,gDy*3,gDz*0)),rgb(0,1,0.71875));
		draw(
			ellipsoid( (-0.0068117,-0.54855,0.83609), (0.44493,0.74713,0.49381), (-0.89554,0.37536,0.23897), 1.1959, 2.6167, 4.2968, (gDx*20,gDy*3,gDz*0)),rgb(0,1,0.8125));
		draw(
			ellipsoid( (-0.075739,-0.48847,0.86929), (0.43199,0.76965,0.47013), (-0.89869,0.41113,0.15272), 1.4494, 2.6233, 3.9741, (gDx*21,gDy*3,gDz*0)),rgb(0,1,0.4375));
		draw(
			ellipsoid( (-0.18069,-0.36955,0.91147), (0.4329,0.80225,0.41109), (-0.88315,0.46885,0.015025), 1.7086, 2.6315, 3.7726, (gDx*22,gDy*3,gDz*0)),rgb(0,1,0.15625));
		draw(
			ellipsoid( (-0.31629,-0.16399,0.93438), (0.50425,0.80522,0.31201), (-0.80355,0.56985,-0.17199), 1.8784, 2.6566, 3.8034, (gDx*23,gDy*3,gDz*0)),rgb(0.03125,1,0));
		draw(
			ellipsoid( (-0.43623,0.030647,0.89931), (-0.60792,-0.74689,-0.26943), (0.66343,-0.66424,0.34445), 1.8869, 2.6879, 4.1854, (gDx*24,gDy*3,gDz*0)),rgb(0,1,0.15625));
		draw(
			ellipsoid( (0.29404,-0.16046,0.94223), (-0.70007,-0.70731,0.098019), (0.65072,-0.68845,-0.32031), 0.87288, 1.3853, 3.7035, (gDx*0,gDy*4,gDz*0)),rgb(0,1,1));
		draw(
			ellipsoid( (0.18699,-0.46452,0.8656), (0.87932,0.472,0.06334), (-0.43799,0.74929,0.49672), 0.96932, 1.493, 2.8818, (gDx*1,gDy*4,gDz*0)),rgb(0,1,0.625));
		draw(
			ellipsoid( (-0.2828,0.63281,-0.72081), (0.95905,0.19909,-0.20148), (-0.016008,0.74827,0.6632), 0.93885, 1.4727, 2.9583, (gDx*2,gDy*4,gDz*0)),rgb(0,1,0.625));
		draw(
			ellipsoid( (-0.30741,0.73269,-0.60717), (0.92511,0.080677,-0.37103), (0.22286,0.67576,0.70262), 0.98033, 1.4707, 3.2931, (gDx*3,gDy*4,gDz*0)),rgb(0,1,0.71875));
		draw(
			ellipsoid( (-0.32561,0.77854,-0.53652), (0.89171,0.064183,-0.44803), (0.31437,0.62431,0.71513), 1.033, 1.5561, 3.3, (gDx*4,gDy*4,gDz*0)),rgb(0,1,0.71875));
		draw(
			ellipsoid( (-0.38959,0.77929,-0.49084), (-0.84079,-0.083433,0.53489), (0.37588,0.62108,0.68773), 1.1176, 1.6642, 3.1429, (gDx*5,gDy*4,gDz*0)),rgb(0,1,0.53125));
		draw(
			ellipsoid( (-0.5148,0.64921,-0.55992), (-0.80049,-0.13017,0.58504), (0.30693,0.74939,0.5867), 1.219, 1.6916, 2.7853, (gDx*6,gDy*4,gDz*0)),rgb(0,1,0.15625));
		draw(
			ellipsoid( (-0.64892,0.40724,-0.6427), (0.74169,0.15017,-0.65371), (-0.16971,-0.90089,-0.39949), 1.2463, 1.7076, 2.6255, (gDx*7,gDy*4,gDz*0)),rgb(0,1,0.0625));
		draw(
			ellipsoid( (-0.72545,0.14621,-0.67256), (0.68818,0.13761,-0.71238), (-0.011603,-0.97964,-0.20045), 1.1943, 1.7488, 2.5626, (gDx*8,gDy*4,gDz*0)),rgb(0,1,0.0625));
		draw(
			ellipsoid( (0.66848,0.064949,0.74089), (-0.70961,-0.24256,0.66153), (0.22267,-0.96796,-0.11606), 1.2469, 1.8752, 2.3182, (gDx*9,gDy*4,gDz*0)),rgb(0.21875,1,0));
		draw(
			ellipsoid( (-0.51949,-0.53091,-0.66953), (-0.23105,-0.66709,0.70825), (-0.82265,0.52262,0.22388), 1.4304, 1.7487, 2.5065, (gDx*10,gDy*4,gDz*0)),rgb(0.3125,1,0));
		draw(
			ellipsoid( (0.39823,0.89282,0.21044), (-0.023252,-0.21952,0.97533), (-0.91699,0.3933,0.066658), 1.2489, 1.7786, 3.3218, (gDx*11,gDy*4,gDz*0)),rgb(0,1,0.4375));
		draw(
			ellipsoid( (0.30253,0.95043,-0.071817), (0.010512,0.072016,0.99735), (-0.95308,0.30249,-0.011796), 1.181, 1.8395, 4.1072, (gDx*12,gDy*4,gDz*0)),rgb(0,1,0.8125));
		draw(
			ellipsoid( (0.19431,0.96685,-0.16567), (0.021625,0.16462,0.98612), (-0.9807,0.1952,-0.01108), 1.2326, 1.9674, 4.1414, (gDx*13,gDy*4,gDz*0)),rgb(0,1,0.71875));
		draw(
			ellipsoid( (0.071425,0.98272,-0.17075), (0.072698,0.1656,0.98351), (-0.99479,0.08266,0.059613), 1.2214, 2.0668, 3.9442, (gDx*14,gDy*4,gDz*0)),rgb(0,1,0.71875));
		draw(
			ellipsoid( (-0.039544,0.98624,-0.16051), (-0.19087,-0.16514,-0.96762), (-0.98082,-0.0076259,0.19478), 1.129, 2.147, 3.8605, (gDx*15,gDy*4,gDz*0)),rgb(0,1,0.71875));
		draw(
			ellipsoid( (-0.12048,0.97601,-0.18137), (-0.31496,-0.21084,-0.92539), (-0.94143,-0.05437,0.33281), 1.0296, 2.1747, 3.9623, (gDx*16,gDy*4,gDz*0)),rgb(0,1,0.90625));
		draw(
			ellipsoid( (-0.12834,0.93579,-0.32838), (-0.33471,-0.35256,-0.87388), (-0.93354,-0.0022449,0.35847), 1.1391, 2.1497, 4.0408, (gDx*17,gDy*4,gDz*0)),rgb(0,1,0.8125));
		draw(
			ellipsoid( (0.11318,-0.83746,0.53465), (0.33684,0.53858,0.77231), (-0.93473,0.092684,0.34305), 1.2697, 2.2257, 4.0399, (gDx*18,gDy*4,gDz*0)),rgb(0,1,0.625));
		draw(
			ellipsoid( (0.085856,-0.7008,0.70817), (0.41062,0.67251,0.61573), (-0.90776,0.23792,0.3455), 1.3094, 2.4295, 4.1612, (gDx*19,gDy*4,gDz*0)),rgb(0,1,0.625));
		draw(
			ellipsoid( (0.025514,-0.61739,0.78625), (0.52545,0.67737,0.51485), (-0.85044,0.4,0.34169), 1.3854, 2.6266, 4.1722, (gDx*20,gDy*4,gDz*0)),rgb(0,1,0.625));
		draw(
			ellipsoid( (-0.022846,-0.53433,0.84497), (0.55849,0.69419,0.45408), (-0.8292,0.48228,0.28256), 1.5684, 2.6965, 3.9864, (gDx*21,gDy*4,gDz*0)),rgb(0,1,0.34375));
		draw(
			ellipsoid( (-0.0841,-0.37579,0.92288), (0.57122,0.74069,0.35366), (-0.81648,0.55691,0.15237), 1.7854, 2.7419, 3.8301, (gDx*22,gDy*4,gDz*0)),rgb(0,1,0.0625));
		draw(
			ellipsoid( (-0.16878,-0.14537,0.97487), (0.65187,0.72541,0.22103), (-0.73931,0.6728,-0.027675), 1.8937, 2.8029, 3.91, (gDx*23,gDy*4,gDz*0)),rgb(0.03125,1,0));
		draw(
			ellipsoid( (-0.25015,0.038981,0.96742), (-0.75505,-0.63332,-0.16972), (0.60607,-0.77291,0.18786), 1.8538, 2.8644, 4.3234, (gDx*24,gDy*4,gDz*0)),rgb(0,1,0.25));
		draw(
			ellipsoid( (0.11257,-0.15258,0.98186), (-0.86524,-0.5009,0.021355), (0.48855,-0.85195,-0.18841), 0.80692, 1.5296, 3.7989, (gDx*0,gDy*5,gDz*0)),rgb(0,0.90625,1));
		draw(
			ellipsoid( (0.08095,-0.33887,0.93734), (-0.96254,-0.27073,-0.014749), (0.25876,-0.90104,-0.34809), 0.9019, 1.6245, 2.9781, (gDx*1,gDy*5,gDz*0)),rgb(0,1,0.71875));
		draw(
			ellipsoid( (0.21848,-0.51988,0.82583), (-0.97135,-0.03473,0.23512), (-0.093553,-0.85353,-0.51257), 0.88328, 1.5192, 3.0265, (gDx*2,gDy*5,gDz*0)),rgb(0,1,0.71875));
		draw(
			ellipsoid( (-0.23509,0.65321,-0.71976), (0.92229,-0.083817,-0.37731), (0.30679,0.75252,0.58274), 0.93531, 1.5013, 3.2101, (gDx*3,gDy*5,gDz*0)),rgb(0,1,0.71875));
		draw(
			ellipsoid( (-0.24929,0.76809,-0.58983), (0.86642,-0.095197,-0.49015), (0.43263,0.63323,0.64176), 1.0175, 1.5837, 3.2187, (gDx*4,gDy*5,gDz*0)),rgb(0,1,0.625));
		draw(
			ellipsoid( (-0.24635,0.86183,-0.44336), (-0.81158,0.066612,0.58043), (0.52976,0.50281,0.68303), 1.0454, 1.6935, 3.2567, (gDx*5,gDy*5,gDz*0)),rgb(0,1,0.625));
		draw(
			ellipsoid( (-0.24331,0.84851,-0.46993), (-0.81442,0.084422,0.5741), (0.5268,0.52241,0.6705), 1.1461, 1.7661, 2.8388, (gDx*6,gDy*5,gDz*0)),rgb(0,1,0.34375));
		draw(
			ellipsoid( (-0.36392,0.78174,-0.50641), (-0.78343,0.037169,0.62037), (0.50379,0.6225,0.59891), 1.2495, 1.7939, 2.5095, (gDx*7,gDy*5,gDz*0)),rgb(0.03125,1,0));
		draw(
			ellipsoid( (-0.53231,0.64362,-0.54991), (0.69737,-0.034865,-0.71586), (-0.47991,-0.76455,-0.43028), 1.299, 1.8261, 2.3308, (gDx*8,gDy*5,gDz*0)),rgb(0.3125,1,0));
		draw(
			ellipsoid( (-0.64984,0.45129,-0.61159), (-0.60251,0.18466,0.77645), (-0.46334,-0.87306,-0.1519), 1.2627, 1.8433, 2.3363, (gDx*9,gDy*5,gDz*0)),rgb(0.21875,1,0));
		draw(
			ellipsoid( (0.46155,-0.2896,0.83851), (-0.57785,-0.81533,0.03648), (0.6731,-0.50137,-0.54366), 1.5585, 1.9978, 2.106, (gDx*10,gDy*5,gDz*0)),rgb(0.875,1,0));
		draw(
			ellipsoid( (0.54583,0.78085,0.30389), (-0.023769,0.37696,-0.92592), (-0.83756,0.49817,0.22432), 1.6756, 1.7716, 2.6495, (gDx*11,gDy*5,gDz*0)),rgb(0.5,1,0));
		draw(
			ellipsoid( (0.47737,0.85484,-0.20336), (0.16776,0.13851,0.97605), (-0.86254,0.50006,0.077285), 1.4351, 1.9808, 3.512, (gDx*12,gDy*5,gDz*0)),rgb(0,1,0.34375));
		draw(
			ellipsoid( (0.44244,0.84714,-0.29429), (0.16544,0.24543,0.95519), (-0.88141,0.4713,0.031568), 1.2535, 2.2557, 4.1905, (gDx*13,gDy*5,gDz*0)),rgb(0,1,0.71875));
		draw(
			ellipsoid( (0.32506,0.90019,-0.28981), (0.19355,0.23664,0.95212), (-0.92567,0.3656,0.097309), 1.2091, 2.3288, 3.9116, (gDx*14,gDy*5,gDz*0)),rgb(0,1,0.71875));
		draw(
			ellipsoid( (0.15973,0.96005,-0.22978), (-0.27511,-0.18026,-0.94436), (-0.94805,0.21405,0.23532), 1.085, 2.2768, 3.692, (gDx*15,gDy*5,gDz*0)),rgb(0,1,0.71875));
		draw(
			ellipsoid( (0.022091,0.9796,-0.19976), (-0.36396,-0.17822,-0.9142), (-0.93115,0.092902,0.3526), 0.89224, 2.2042, 3.8404, (gDx*16,gDy*5,gDz*0)),rgb(0,1,1));
		draw(
			ellipsoid( (-0.014696,0.9538,-0.30007), (-0.38987,-0.28182,-0.87669), (-0.92075,0.1041,0.376), 1.1002, 2.1636, 3.8959, (gDx*17,gDy*5,gDz*0)),rgb(0,1,0.8125));
		draw(
			ellipsoid( (0.037252,-0.88932,0.45576), (0.42712,0.42649,0.7973), (-0.90343,0.16496,0.39573), 1.3015, 2.2423, 3.9483, (gDx*18,gDy*5,gDz*0)),rgb(0,1,0.625));
		draw(
			ellipsoid( (0.043607,-0.78829,0.61375), (0.50524,0.54739,0.66716), (-0.86187,0.281,0.42215), 1.4554, 2.41, 3.9974, (gDx*19,gDy*5,gDz*0)),rgb(0,1,0.4375));
		draw(
			ellipsoid( (0.022323,-0.70426,0.70959), (0.60231,0.57597,0.5527), (-0.79795,0.41506,0.43704), 1.5804, 2.5914, 4.0474, (gDx*20,gDy*5,gDz*0)),rgb(0,1,0.34375));
		draw(
			ellipsoid( (-0.026795,-0.60339,0.797), (0.64668,0.59752,0.47411), (-0.76229,0.5281,0.37419), 1.7056, 2.6991, 3.8939, (gDx*21,gDy*5,gDz*0)),rgb(0,1,0.15625));
		draw(
			ellipsoid( (-0.089513,-0.44519,0.89095), (0.6663,0.63812,0.3858), (-0.74029,0.62817,0.23951), 1.8479, 2.7985, 3.736, (gDx*22,gDy*5,gDz*0)),rgb(0.03125,1,0));
		draw(
			ellipsoid( (-0.17659,-0.25593,0.95043), (0.74798,0.59276,0.29859), (-0.63979,0.76363,0.086755), 1.8826, 2.9162, 3.7985, (gDx*23,gDy*5,gDz*0)),rgb(0.03125,1,0));
		draw(
			ellipsoid( (-0.26391,-0.10815,0.95846), (0.82539,0.48883,0.28243), (-0.49907,0.86565,-0.039741), 1.8081, 3.0194, 4.1249, (gDx*24,gDy*5,gDz*0)),rgb(0,1,0.15625));
		draw(
			ellipsoid( (0.022317,-0.087354,0.99593), (-0.99234,-0.12301,0.011448), (0.12151,-0.98855,-0.08943), 0.83412, 1.6264, 3.2279, (gDx*0,gDy*6,gDz*0)),rgb(0,1,0.90625));
		draw(
			ellipsoid( (0.032889,-0.23242,0.97206), (-0.99643,0.068088,0.049993), (-0.077805,-0.97023,-0.22935), 0.91135, 1.6319, 2.9569, (gDx*1,gDy*6,gDz*0)),rgb(0,1,0.71875));
		draw(
			ellipsoid( (0.13007,-0.40727,0.904), (-0.95854,0.1815,0.21968), (-0.25354,-0.89509,-0.36677), 0.91421, 1.5714, 3.0753, (gDx*2,gDy*6,gDz*0)),rgb(0,1,0.71875));
		draw(
			ellipsoid( (0.16682,-0.56457,0.80835), (-0.8976,0.25232,0.36146), (-0.40803,-0.78587,-0.46466), 0.93093, 1.5887, 3.2307, (gDx*3,gDy*6,gDz*0)),rgb(0,1,0.8125));
		draw(
			ellipsoid( (-0.18099,0.72111,-0.66876), (0.83146,-0.25099,-0.49565), (0.52527,0.64576,0.55415), 1.0218, 1.6482, 3.1772, (gDx*4,gDy*6,gDz*0)),rgb(0,1,0.625));
		draw(
			ellipsoid( (-0.15011,0.85457,-0.49717), (-0.77839,0.20789,0.59236), (0.60957,0.47592,0.63398), 1.0511, 1.7467, 3.0772, (gDx*5,gDy*6,gDz*0)),rgb(0,1,0.53125));
		draw(
			ellipsoid( (-0.095648,0.92869,-0.35831), (-0.74477,0.17205,0.64476), (0.66043,0.32853,0.67521), 0.99328, 1.8676, 3.0988, (gDx*6,gDy*6,gDz*0)),rgb(0,1,0.625));
		draw(
			ellipsoid( (-0.12528,0.92669,-0.35433), (-0.67844,0.18057,0.71212), (0.72389,0.3296,0.60609), 1.0429, 1.945, 2.8528, (gDx*7,gDy*6,gDz*0)),rgb(0,1,0.4375));
		draw(
			ellipsoid( (-0.26928,0.88287,-0.38475), (0.55362,-0.18499,-0.81196), (-0.78803,-0.43165,-0.43895), 1.1197, 1.9197, 2.6267, (gDx*8,gDy*6,gDz*0)),rgb(0,1,0.25));
		draw(
			ellipsoid( (-0.42326,0.79329,-0.43766), (-0.39762,0.27141,0.87649), (-0.81409,-0.545,-0.20055), 1.1479, 1.862, 2.6069, (gDx*9,gDy*6,gDz*0)),rgb(0,1,0.15625));
		draw(
			ellipsoid( (-0.50783,0.72467,-0.46578), (-0.34866,0.32152,0.88037), (-0.78774,-0.60948,-0.089387), 1.2977, 1.8998, 2.5287, (gDx*10,gDy*6,gDz*0)),rgb(0.125,1,0));
		draw(
			ellipsoid( (-0.57815,0.62791,-0.52103), (-0.40025,0.33821,0.85171), (-0.71101,-0.70096,-0.055785), 1.5368, 1.9774, 2.3666, (gDx*11,gDy*6,gDz*0)),rgb(0.59375,1,0));
		draw(
			ellipsoid( (0.28606,0.5937,-0.75212), (0.95065,-0.077406,0.30047), (-0.12017,0.80095,0.58655), 1.8614, 2.0031, 2.339, (gDx*12,gDy*6,gDz*0)),rgb(1,0.84375,0));
		draw(
			ellipsoid( (-0.73303,-0.5593,0.3871), (0.46202,0.0082407,0.88683), (0.4992,-0.82892,-0.25237), 1.6034, 2.3181, 2.845, (gDx*13,gDy*6,gDz*0)),rgb(0.3125,1,0));
		draw(
			ellipsoid( (0.55939,0.69963,-0.44451), (0.44038,0.20347,0.87445), (-0.70224,0.68492,0.19428), 1.4561, 2.5242, 3.023, (gDx*14,gDy*6,gDz*0)),rgb(0,1,0.0625));
		draw(
			ellipsoid( (0.35687,0.83103,-0.42665), (0.41941,0.26557,0.86808), (-0.83471,0.48873,0.25377), 1.4439, 2.4538, 2.9635, (gDx*15,gDy*6,gDz*0)),rgb(0,1,0.0625));
		draw(
			ellipsoid( (0.17864,0.90447,-0.38733), (0.36702,0.30399,0.87914), (-0.9129,0.29921,0.27766), 1.3193, 2.3835, 3.1558, (gDx*16,gDy*6,gDz*0)),rgb(0,1,0.25));
		draw(
			ellipsoid( (-0.12595,-0.90899,0.39734), (-0.46696,-0.29906,-0.83217), (-0.87526,0.29035,0.38679), 1.403, 2.3623, 3.371, (gDx*17,gDy*6,gDz*0)),rgb(0,1,0.25));
		draw(
			ellipsoid( (-0.07032,-0.90439,0.42088), (0.52881,0.32396,0.78448), (-0.84582,0.27773,0.45547), 1.4879, 2.3543, 3.6379, (gDx*18,gDy*6,gDz*0)),rgb(0,1,0.25));
		draw(
			ellipsoid( (-0.041657,-0.87877,0.47542), (0.61025,0.35439,0.70852), (-0.79111,0.31964,0.52151), 1.5756, 2.4229, 3.8624, (gDx*19,gDy*6,gDz*0)),rgb(0,1,0.25));
		draw(
			ellipsoid( (-0.056531,-0.80899,0.58509), (0.67183,0.40268,0.62168), (-0.73854,0.42823,0.52074), 1.7206, 2.5608, 3.8564, (gDx*20,gDy*6,gDz*0)),rgb(0,1,0.15625));
		draw(
			ellipsoid( (-0.089123,-0.70451,0.70407), (0.73682,0.42901,0.52254), (-0.67019,0.56534,0.48087), 1.8306, 2.6886, 3.7809, (gDx*21,gDy*6,gDz*0)),rgb(0.03125,1,0));
		draw(
			ellipsoid( (-0.11672,-0.52263,0.84453), (0.77986,0.47832,0.40378), (-0.61498,0.70574,0.35175), 1.9032, 2.824, 3.6658, (gDx*22,gDy*6,gDz*0)),rgb(0.125,1,0));
		draw(
			ellipsoid( (-0.17484,-0.3409,0.9237), (0.87473,0.37687,0.30466), (-0.45197,0.86126,0.2323), 1.8516, 2.9715, 3.7921, (gDx*23,gDy*6,gDz*0)),rgb(0.03125,1,0));
		draw(
			ellipsoid( (-0.23691,-0.21452,0.94755), (0.92913,0.23496,0.2855), (-0.28389,0.94804,0.14365), 1.7169, 3.0844, 4.1719, (gDx*24,gDy*6,gDz*0)),rgb(0,1,0.34375));
		draw(
			ellipsoid( (0.08432,0.062226,0.99449), (0.922,-0.38338,-0.054185), (0.3779,0.92149,-0.089699), 0.84883, 1.5549, 2.9451, (gDx*0,gDy*7,gDz*0)),rgb(0,1,0.71875));
		draw(
			ellipsoid( (0.098282,-0.11195,0.98884), (-0.88913,0.43643,0.13778), (-0.44698,-0.89275,-0.056642), 0.94888, 1.6236, 2.8922, (gDx*1,gDy*7,gDz*0)),rgb(0,1,0.625));
		draw(
			ellipsoid( (0.12072,-0.30791,0.94373), (-0.87117,0.4229,0.24942), (-0.4759,-0.85226,-0.21719), 0.97218, 1.7129, 3.0672, (gDx*2,gDy*7,gDz*0)),rgb(0,1,0.625));
		draw(
			ellipsoid( (0.14302,-0.48888,0.86055), (-0.83106,0.41287,0.37267), (-0.53748,-0.76846,-0.34724), 1.0098, 1.7294, 3.1842, (gDx*3,gDy*7,gDz*0)),rgb(0,1,0.625));
		draw(
			ellipsoid( (-0.14152,0.65524,-0.74205), (0.78381,-0.38369,-0.48829), (-0.60466,-0.65073,-0.45928), 1.0523, 1.7713, 3.1587, (gDx*4,gDy*7,gDz*0)),rgb(0,1,0.625));
		draw(
			ellipsoid( (-0.090817,0.80776,-0.58247), (-0.70436,0.36138,0.61097), (0.70401,0.46576,0.53613), 1.0873, 1.8473, 2.9253, (gDx*5,gDy*7,gDz*0)),rgb(0,1,0.4375));
		draw(
			ellipsoid( (-0.029931,0.92012,-0.39048), (-0.67026,0.27134,0.69075), (0.74153,0.2824,0.6086), 0.99836, 1.9488, 3.0101, (gDx*6,gDy*7,gDz*0)),rgb(0,1,0.625));
		draw(
			ellipsoid( (0.0086899,0.9555,-0.29487), (-0.64665,0.2303,0.72719), (0.76274,0.18436,0.61987), 0.95671, 2.0445, 2.985, (gDx*7,gDy*7,gDz*0)),rgb(0,1,0.625));
		draw(
			ellipsoid( (-0.072281,0.95121,-0.29995), (-0.46628,0.23363,0.85323), (0.88168,0.20154,0.42665), 1.0233, 1.98, 2.7321, (gDx*8,gDy*7,gDz*0)),rgb(0,1,0.4375));
		draw(
			ellipsoid( (-0.21636,0.91771,-0.33316), (-0.29121,0.26505,0.91921), (-0.93187,-0.2959,-0.2099), 1.0891, 1.8583, 2.671, (gDx*9,gDy*7,gDz*0)),rgb(0,1,0.34375));
		draw(
			ellipsoid( (-0.41696,0.85847,-0.29862), (-0.23814,0.21388,0.94739), (-0.87718,-0.46613,-0.11525), 1.1309, 1.8029, 2.6709, (gDx*10,gDy*7,gDz*0)),rgb(0,1,0.25));
		draw(
			ellipsoid( (-0.59819,0.77841,-0.1904), (-0.16172,0.11545,0.98006), (-0.78487,-0.61705,-0.056822), 1.0957, 1.8589, 2.7814, (gDx*11,gDy*7,gDz*0)),rgb(0,1,0.34375));
		draw(
			ellipsoid( (0.72271,-0.68378,0.10066), (0.17407,0.039133,-0.98396), (0.66887,0.72864,0.14731), 1.1823, 2.072, 2.8219, (gDx*12,gDy*7,gDz*0)),rgb(0,1,0.25));
		draw(
			ellipsoid( (0.86799,-0.49612,-0.021511), (0.20498,0.3974,-0.89446), (0.45231,0.77197,0.44663), 1.4415, 2.1623, 2.7527, (gDx*13,gDy*7,gDz*0)),rgb(0.125,1,0));
		draw(
			ellipsoid( (-0.94213,-0.0088867,0.33512), (0.27502,-0.59213,0.75746), (0.1917,0.80579,0.56031), 1.5434, 2.2638, 2.8753, (gDx*14,gDy*7,gDz*0)),rgb(0.21875,1,0));
		draw(
			ellipsoid( (0.70718,0.40604,-0.57882), (-0.70592,0.35958,-0.61022), (-0.03964,0.84014,0.54092), 1.6532, 2.4288, 2.8972, (gDx*15,gDy*7,gDz*0)),rgb(0.3125,1,0));
		draw(
			ellipsoid( (-0.50993,-0.6096,0.60693), (-0.67961,-0.14705,-0.71868), (-0.52736,0.77895,0.33931), 1.6411, 2.5921, 3.1299, (gDx*16,gDy*7,gDz*0)),rgb(0.125,1,0));
		draw(
			ellipsoid( (0.39402,0.75924,-0.51798), (-0.66137,-0.15713,-0.73342), (-0.63823,0.63156,0.44022), 1.7341, 2.5458, 3.1372, (gDx*17,gDy*7,gDz*0)),rgb(0.21875,1,0));
		draw(
			ellipsoid( (-0.2679,-0.87465,0.404), (0.65332,0.14327,0.7434), (-0.70809,0.4631,0.53305), 1.7278, 2.5017, 3.3336, (gDx*18,gDy*7,gDz*0)),rgb(0.125,1,0));
		draw(
			ellipsoid( (-0.20176,-0.91424,0.35135), (0.70451,0.11374,0.70052), (-0.68041,0.38887,0.62115), 1.7161, 2.544, 3.5707, (gDx*19,gDy*7,gDz*0)),rgb(0,1,0.0625));
		draw(
			ellipsoid( (-0.20527,-0.86718,0.45372), (0.77258,0.14102,0.61906), (-0.60082,0.47761,0.64101), 1.804, 2.6546, 3.5976, (gDx*20,gDy*7,gDz*0)),rgb(0.03125,1,0));
		draw(
			ellipsoid( (-0.24323,-0.78563,0.56888), (0.82262,0.14369,0.55014), (0.51395,-0.60178,-0.61132), 1.8897, 2.7642, 3.6243, (gDx*21,gDy*7,gDz*0)),rgb(0.125,1,0));
		draw(
			ellipsoid( (-0.27295,-0.64405,0.71464), (0.83306,0.21329,0.5104), (-0.48115,0.73465,0.47831), 1.9881, 2.8331, 3.5459, (gDx*22,gDy*7,gDz*0)),rgb(0.3125,1,0));
		draw(
			ellipsoid( (-0.29972,-0.46543,0.83279), (0.87411,0.21577,0.43517), (-0.38223,0.85838,0.34217), 1.9785, 2.9164, 3.6511, (gDx*23,gDy*7,gDz*0)),rgb(0.21875,1,0));
		draw(
			ellipsoid( (-0.32269,-0.31868,0.89124), (0.90863,0.15938,0.38598), (-0.26505,0.93437,0.23813), 1.8791, 3.0026, 3.9385, (gDx*24,gDy*7,gDz*0)),rgb(0,1,0.0625));
		draw(
			ellipsoid( (0.044965,0.29574,0.95421), (-0.81406,0.56449,-0.13659), (-0.57903,-0.77064,0.26613), 0.85183, 1.2481, 3.4122, (gDx*0,gDy*8,gDz*0)),rgb(0,1,1));
		draw(
			ellipsoid( (0.08791,0.069101,0.99373), (0.76742,-0.64072,-0.023335), (0.63509,0.76465,-0.10936), 0.97792, 1.4691, 3.2388, (gDx*1,gDy*8,gDz*0)),rgb(0,1,0.71875));
		draw(
			ellipsoid( (0.076032,-0.16179,0.98389), (-0.74938,0.64165,0.16343), (-0.65776,-0.74973,-0.072459), 0.99711, 1.7659, 3.3883, (gDx*2,gDy*8,gDz*0)),rgb(0,1,0.71875));
		draw(
			ellipsoid( (0.10832,-0.37576,0.92037), (-0.72823,0.60024,0.33076), (-0.67672,-0.70606,-0.20862), 1.0708, 1.8379, 3.2717, (gDx*3,gDy*8,gDz*0)),rgb(0,1,0.625));
		draw(
			ellipsoid( (0.11888,-0.56997,0.81302), (-0.70002,0.53259,0.47574), (-0.70416,-0.62568,-0.33567), 1.0926, 1.943, 3.1643, (gDx*4,gDy*8,gDz*0)),rgb(0,1,0.53125));
		draw(
			ellipsoid( (-0.057194,0.73096,-0.68002), (0.60178,-0.51825,-0.60768), (-0.79661,-0.44398,-0.41024), 1.1424, 1.9487, 2.8791, (gDx*5,gDy*8,gDz*0)),rgb(0,1,0.34375));
		draw(
			ellipsoid( (-0.018495,-0.87283,0.48767), (-0.57276,0.40904,0.71037), (-0.81951,-0.26618,-0.50749), 1.0766, 1.9846, 2.8608, (gDx*6,gDy*8,gDz*0)),rgb(0,1,0.4375));
		draw(
			ellipsoid( (-0.090191,-0.92923,0.35831), (-0.57737,0.34194,0.74143), (-0.81148,-0.14001,-0.56735), 1.0294, 2.034, 2.8159, (gDx*7,gDy*8,gDz*0)),rgb(0,1,0.53125));
		draw(
			ellipsoid( (-0.091314,-0.9518,0.29282), (-0.47594,0.3,0.82673), (-0.87472,-0.063874,-0.48039), 1.0823, 2.0257, 2.5947, (gDx*8,gDy*8,gDz*0)),rgb(0,1,0.34375));
		draw(
			ellipsoid( (0.046337,0.97128,-0.2334), (-0.28946,0.23669,0.92746), (-0.95607,-0.024586,-0.29212), 1.1734, 1.9881, 2.4057, (gDx*9,gDy*8,gDz*0)),rgb(0,1,0.0625));
		draw(
			ellipsoid( (0.11651,-0.97977,0.16271), (-0.15793,0.14346,0.97697), (0.98055,0.13952,0.13802), 1.2369, 1.9735, 2.3795, (gDx*10,gDy*8,gDz*0)),rgb(0.125,1,0));
		draw(
			ellipsoid( (0.29285,-0.95303,0.077244), (-0.048501,0.065875,0.99665), (0.95493,0.29562,0.026931), 1.2412, 2.0239, 2.4593, (gDx*11,gDy*8,gDz*0)),rgb(0.03125,1,0));
		draw(
			ellipsoid( (0.42101,-0.90705,0.0045063), (0.020654,0.0046194,-0.99978), (0.90682,0.42101,0.020679), 1.2282, 2.1497, 2.6784, (gDx*12,gDy*8,gDz*0)),rgb(0,1,0.15625));
		draw(
			ellipsoid( (-0.50735,0.86042,0.04773), (0.024971,-0.040686,0.99886), (-0.86138,-0.50796,0.00084346), 1.1915, 2.2926, 2.9782, (gDx*13,gDy*8,gDz*0)),rgb(0,1,0.34375));
		draw(
			ellipsoid( (0.5908,-0.79866,-0.11448), (0.17227,0.26349,-0.94916), (0.78821,0.54104,0.29325), 1.556, 2.2852, 2.8931, (gDx*14,gDy*8,gDz*0)),rgb(0.21875,1,0));
		draw(
			ellipsoid( (-0.76894,0.44724,0.45685), (0.063546,-0.65758,0.7507), (0.63616,0.60627,0.47722), 1.8957, 2.3137, 2.9651, (gDx*15,gDy*8,gDz*0)),rgb(0.59375,1,0));
		draw(
			ellipsoid( (-0.69785,-0.11215,0.7074), (0.67087,-0.44829,0.59074), (0.25087,0.88683,0.38808), 1.9425, 2.5747, 3.0542, (gDx*16,gDy*8,gDz*0)),rgb(0.59375,1,0));
		draw(
			ellipsoid( (-0.6595,-0.33008,0.67536), (0.74952,-0.2203,0.62425), (-0.05727,0.91789,0.39269), 1.9942, 2.567, 3.0474, (gDx*17,gDy*8,gDz*0)),rgb(0.59375,1,0));
		draw(
			ellipsoid( (-0.5846,-0.57833,0.56901), (0.80311,-0.31294,0.50704), (-0.11517,0.75339,0.6474), 2.0632, 2.6077, 2.9924, (gDx*18,gDy*8,gDz*0)),rgb(0.78125,1,0));
		draw(
			ellipsoid( (-0.44718,-0.78007,0.43762), (0.8684,-0.26145,0.42134), (0.21426,-0.56845,-0.79433), 1.9999, 2.6537, 3.1332, (gDx*19,gDy*8,gDz*0)),rgb(0.59375,1,0));
		draw(
			ellipsoid( (0.39339,0.81904,-0.41765), (0.88346,-0.21103,0.41829), (-0.25446,0.53352,0.8066), 1.9031, 2.7307, 3.4065, (gDx*20,gDy*8,gDz*0)),rgb(0.3125,1,0));
		draw(
			ellipsoid( (-0.38484,-0.80586,0.44998), (0.88974,-0.19424,0.41308), (0.24548,-0.55934,-0.79176), 1.8844, 2.8222, 3.6207, (gDx*21,gDy*8,gDz*0)),rgb(0.125,1,0));
		draw(
			ellipsoid( (-0.42278,-0.708,0.56568), (0.8721,-0.14814,0.46637), (0.24639,-0.6905,-0.68007), 1.9889, 2.8735, 3.5418, (gDx*22,gDy*8,gDz*0)),rgb(0.3125,1,0));
		draw(
			ellipsoid( (-0.43915,-0.57598,0.68948), (0.86743,-0.072048,0.49231), (-0.23389,0.81428,0.53127), 2.0242, 2.9187, 3.5997, (gDx*23,gDy*8,gDz*0)),rgb(0.3125,1,0));
		draw(
			ellipsoid( (-0.4311,-0.44327,0.78592), (0.88109,-0.019028,0.47257), (-0.19452,0.89619,0.39876), 1.9841, 2.9643, 3.799, (gDx*24,gDy*8,gDz*0)),rgb(0.125,1,0));
		draw(
			ellipsoid( (0.3493,0.28995,0.89102), (0.72666,-0.68417,-0.062225), (-0.59157,-0.6692,0.44967), 0.89082, 1.2268, 3.3484, (gDx*0,gDy*9,gDz*0)),rgb(0,1,0.90625));
		draw(
			ellipsoid( (0.19373,0.15727,0.96837), (0.69151,-0.72206,-0.021075), (0.6959,0.67372,-0.24864), 1.0189, 1.5019, 3.2312, (gDx*1,gDy*9,gDz*0)),rgb(0,1,0.71875));
		draw(
			ellipsoid( (0.068016,-0.031131,0.9972), (0.62538,-0.77745,-0.066926), (0.77735,0.62818,-0.03341), 0.99521, 1.8224, 3.6835, (gDx*2,gDy*9,gDz*0)),rgb(0,1,0.8125));
		draw(
			ellipsoid( (0.10138,-0.25257,0.96225), (-0.57743,0.7727,0.26365), (-0.81012,-0.58236,-0.067508), 1.0931, 1.9193, 3.4248, (gDx*3,gDy*9,gDz*0)),rgb(0,1,0.625));
		draw(
			ellipsoid( (0.10458,-0.46755,0.87776), (-0.5881,0.68267,0.4337), (-0.802,-0.56157,-0.20358), 1.1081, 2.1023, 3.2887, (gDx*4,gDy*9,gDz*0)),rgb(0,1,0.53125));
		draw(
