	import three;
	import settings;

	surface ellipsoid(triple v1,triple v2,triple v3,real l1,real l2, real l3, triple pos=O) {
		transform3 T = identity(4);
		T[0][0] = l1*v1.x;
		T[1][0] = l1*v1.y;
		T[2][0] = l1*v1.z;
		T[0][1] = l2*v2.x;
		T[1][1] = l2*v2.y;
		T[2][1] = l2*v2.z;
		T[0][2] = l3*v3.x;
		T[1][2] = l3*v3.y;
		T[2][2] = l3*v3.z;
		T[0][3] = pos.x;
		T[1][3] = pos.y;
		T[2][3] = pos.z;
		return T*unitsphere;
	}

	size(200);

	real gDx=4;
	real gDy=4;
	real gDz=4;

	currentprojection=perspective( camera=(gDx*12,gDy*12,25),up=Y, target=(gDx*12,gDy*12,gDz*-0.5));
		draw(
			ellipsoid( (0.040848,-0.021074,-0.99894), (0.97265,0.22962,0.034929), (-0.22865,0.97305,-0.029877), 3.2836, 1.3139, 0.96219, (gDx*0,gDy*0,gDz*0)),rgb(0,1,0.8125));
		draw(
			ellipsoid( (0.2442,-0.090867,-0.96546), (-0.96933,-0.05142,-0.24034), (0.027805,-0.99453,0.10064), 3.1548, 1.4134, 1.0799, (gDx*1,gDy*0,gDz*0)),rgb(0,1,0.625));
		draw(
			ellipsoid( (0.72877,-0.22733,-0.64592), (-0.68464,-0.25937,-0.68117), (0.012686,-0.93864,0.34466), 3.1143, 1.3623, 1.1153, (gDx*2,gDy*0,gDz*0)),rgb(0,1,0.53125));
		draw(
			ellipsoid( (-0.89415,0.23206,0.38294), (0.36407,-0.12107,0.92347), (-0.26066,-0.96514,-0.023768), 3.592, 1.2732, 1.0971, (gDx*3,gDy*0,gDz*0)),rgb(0,1,0.8125));
		draw(
			ellipsoid( (0.94144,-0.19376,-0.27595), (-0.33451,-0.63952,-0.69219), (0.042357,-0.74396,0.66688), 3.3606, 1.1611, 1.3596, (gDx*4,gDy*0,gDz*0)),rgb(0,1,0.625));
		draw(
			ellipsoid( (0.99224,-0.048521,-0.11452), (-0.12422,-0.43172,-0.89341), (0.0060903,-0.9007,0.4344), 3.1577, 1.0736, 1.5303, (gDx*5,gDy*0,gDz*0)),rgb(0,1,0.625));
		draw(
			ellipsoid( (0.99178,0.12096,-0.041773), (0.11607,-0.71282,0.69167), (-0.053889,0.69084,0.721), 3.6455, 1.4915, 0.8897, (gDx*6,gDy*0,gDz*0)),rgb(0,1,1));
		draw(
			ellipsoid( (0.99162,0.12783,0.01859), (0.10818,-0.74312,-0.66036), (0.070599,-0.65683,0.75072), 3.4723, 0.82509, 1.359, (gDx*7,gDy*0,gDz*0)),rgb(0,1,1));
		draw(
			ellipsoid( (0.98977,0.13787,0.036773), (0.13236,-0.7908,-0.59759), (0.05331,-0.59634,0.80096), 3.164, 0.8034, 1.3926, (gDx*8,gDy*0,gDz*0)),rgb(0,1,0.90625));
		draw(
			ellipsoid( (0.98368,0.17769,0.028178), (0.161,-0.79949,-0.5787), (0.080302,-0.57379,0.81506), 2.8581, 0.7979, 1.3901, (gDx*9,gDy*0,gDz*0)),rgb(0,1,0.8125));
		draw(
			ellipsoid( (-0.84227,-0.53437,0.070936), (-0.40829,0.71831,0.56331), (0.35197,-0.4455,0.82319), 2.5609, 1.0598, 1.6373, (gDx*10,gDy*0,gDz*0)),rgb(0,1,0.25));
		draw(
			ellipsoid( (0.81894,-0.52452,-0.23285), (-0.52448,-0.84876,0.067316), (0.23294,-0.066999,0.97018), 1.2825, 2.4426, 1.9024, (gDx*11,gDy*0,gDz*0)),rgb(0.125,1,0));
		draw(
			ellipsoid( (0.32956,0.94361,0.031484), (0.942,-0.33087,0.056165), (-0.063415,-0.011148,0.99792), 3.7078, 1.0912, 1.8403, (gDx*12,gDy*0,gDz*0)),rgb(0,1,0.71875));
		draw(
			ellipsoid( (0.42683,0.90431,-0.0066702), (0.89837,-0.42316,0.11779), (-0.1037,0.05627,0.99302), 4.5502, 1.1765, 1.8904, (gDx*13,gDy*0,gDz*0)),rgb(0,1,0.90625));
		draw(
			ellipsoid( (0.72736,0.6708,-0.14483), (0.68539,-0.69949,0.20239), (-0.034461,0.24647,0.96854), 4.2404, 0.96446, 1.9784, (gDx*14,gDy*0,gDz*0)),rgb(0,1,1));
		draw(
			ellipsoid( (0.85021,0.49684,-0.17406), (0.52641,-0.79864,0.29165), (-0.0058942,0.33959,0.94056), 4.2802, 0.99066, 1.8999, (gDx*15,gDy*0,gDz*0)),rgb(0,1,1));
		draw(
			ellipsoid( (0.89962,0.39414,-0.18801), (0.43666,-0.81661,0.37747), (0.0047535,0.42167,0.90674), 4.0699, 1.0599, 1.904, (gDx*16,gDy*0,gDz*0)),rgb(0,1,0.90625));
		draw(
			ellipsoid( (0.98186,0.10228,-0.15965), (0.18153,-0.75025,0.63575), (0.054752,0.6532,0.7552), 3.949, 1.0353, 1.8965, (gDx*17,gDy*0,gDz*0)),rgb(0,1,0.90625));
		draw(
			ellipsoid( (0.99321,0.024776,-0.11362), (0.10045,-0.67505,0.7309), (0.058593,0.73735,0.67296), 4.0688, 1.0155, 2.0649, (gDx*18,gDy*0,gDz*0)),rgb(0,1,0.90625));
		draw(
			ellipsoid( (0.98873,-0.14955,0.0070733), (-0.091348,-0.56514,0.81992), (0.11863,0.81133,0.57243), 3.8967, 1.2048, 2.2978, (gDx*19,gDy*0,gDz*0)),rgb(0,1,0.71875));
		draw(
			ellipsoid( (0.9704,-0.22106,0.097269), (-0.19445,-0.47628,0.85752), (0.14323,0.85105,0.50516), 3.77, 1.1741, 2.3761, (gDx*20,gDy*0,gDz*0)),rgb(0,1,0.71875));
		draw(
			ellipsoid( (0.93132,-0.27343,0.24059), (-0.32936,-0.35028,0.87683), (0.15548,0.89584,0.41628), 3.8664, 1.2473, 2.2568, (gDx*21,gDy*0,gDz*0)),rgb(0,1,0.625));
		draw(
			ellipsoid( (0.89336,-0.29234,0.34125), (-0.42519,-0.30435,0.8524), (0.14533,0.90659,0.39619), 3.8537, 1.4041, 2.1996, (gDx*22,gDy*0,gDz*0)),rgb(0,1,0.4375));
		draw(
			ellipsoid( (0.79287,-0.32945,0.51265), (-0.60022,-0.27685,0.75039), (0.10529,0.90267,0.41725), 3.5602, 1.6282, 2.4476, (gDx*23,gDy*0,gDz*0)),rgb(0,1,0.0625));
		draw(
			ellipsoid( (0.65586,-0.39932,0.64062), (-0.74856,-0.23446,0.62023), (0.097475,0.88632,0.45269), 3.4237, 1.8312, 2.5604, (gDx*24,gDy*0,gDz*0)),rgb(0.21875,1,0));
		draw(
			ellipsoid( (0.31937,-0.32407,-0.89049), (-0.91546,0.13725,-0.37827), (-0.2448,-0.93602,0.25284), 3.5087, 1.302, 1.0024, (gDx*0,gDy*1,gDz*0)),rgb(0,1,0.8125));
		draw(
			ellipsoid( (0.14978,-0.36839,-0.91752), (-0.98836,-0.030721,-0.14901), (-0.026708,-0.92916,0.36871), 3.9121, 0.96571, 1.1671, (gDx*1,gDy*1,gDz*0)),rgb(0,0.90625,1));
		draw(
			ellipsoid( (-0.3634,0.44946,0.81605), (0.66573,-0.48748,0.56495), (-0.65173,-0.74856,0.12207), 3.3875, 1.0587, 1.3326, (gDx*2,gDy*1,gDz*0)),rgb(0,1,0.71875));
		draw(
			ellipsoid( (0.60492,-0.44785,-0.65841), (-0.79049,-0.43731,-0.42881), (0.095885,-0.77986,0.61856), 2.9929, 1.4319, 1.1918, (gDx*3,gDy*1,gDz*0)),rgb(0,1,0.4375));
		draw(
			ellipsoid( (0.77459,-0.43201,-0.46192), (-0.62273,-0.64857,-0.43768), (0.1105,-0.62668,0.7714), 3.18, 1.2032, 1.3842, (gDx*4,gDy*1,gDz*0)),rgb(0,1,0.53125));
		draw(
			ellipsoid( (-0.88386,0.38301,0.2685), (0.42894,0.43478,0.79182), (-0.18654,-0.81503,0.54858), 2.7859, 1.2079, 1.4874, (gDx*5,gDy*1,gDz*0)),rgb(0,1,0.25));
		draw(
			ellipsoid( (0.98742,-0.041469,-0.1526), (-0.12576,-0.79098,-0.59877), (0.095877,-0.61043,0.78625), 2.8729, 1.0663, 1.488, (gDx*6,gDy*1,gDz*0)),rgb(0,1,0.4375));
		draw(
			ellipsoid( (0.99783,-0.023101,-0.061725), (-0.048653,-0.88996,-0.45344), (0.044458,-0.45545,0.88915), 2.9677, 0.85344, 1.3676, (gDx*7,gDy*1,gDz*0)),rgb(0,1,0.8125));
		draw(
			ellipsoid( (0.9989,-0.025471,-0.039252), (-0.040662,-0.8876,-0.45882), (0.023153,-0.45991,0.88766), 2.826, 0.82601, 1.3565, (gDx*8,gDy*1,gDz*0)),rgb(0,1,0.71875));
		draw(
			ellipsoid( (0.99977,0.0074202,-0.020268), (0.021462,-0.44122,0.89714), (0.0022857,0.89737,0.44127), 2.7696, 1.3094, 0.77607, (gDx*9,gDy*1,gDz*0)),rgb(0,1,0.8125));
		draw(
			ellipsoid( (0.96892,0.24735,-0.0044023), (0.21832,-0.8633,-0.45502), (0.11635,-0.43991,0.89047), 2.5079, 0.94075, 1.3983, (gDx*10,gDy*1,gDz*0)),rgb(0,1,0.4375));
		draw(
			ellipsoid( (0.91143,0.40883,0.046479), (0.41142,-0.90699,-0.089968), (-0.0053749,-0.10112,0.99486), 2.5019, 1.0198, 1.5032, (gDx*11,gDy*1,gDz*0)),rgb(0,1,0.34375));
		draw(
			ellipsoid( (0.80401,0.59461,0.00096042), (0.59133,-0.79974,0.10361), (-0.062374,0.082733,0.99462), 2.9908, 1.1206, 1.6795, (gDx*12,gDy*1,gDz*0)),rgb(0,1,0.4375));
		draw(
			ellipsoid( (0.77908,0.61974,-0.094676), (0.6252,-0.75684,0.19056), (-0.046445,0.20766,0.9771), 4.1477, 1.0262, 1.8884, (gDx*13,gDy*1,gDz*0)),rgb(0,1,0.90625));
		draw(
			ellipsoid( (0.80569,0.57678,-0.1349), (0.5921,-0.77772,0.21111), (-0.016849,0.24996,0.96811), 4.4441, 0.88386, 1.9378, (gDx*14,gDy*1,gDz*0)),rgb(0,0.8125,1));
		draw(
			ellipsoid( (0.86907,0.46396,-0.17162), (0.49462,-0.80974,0.3157), (-0.0075003,0.35925,0.93321), 4.2278, 0.99874, 1.9183, (gDx*15,gDy*1,gDz*0)),rgb(0,1,1));
		draw(
			ellipsoid( (0.90492,0.36513,-0.21864), (0.42382,-0.81988,0.38492), (0.038715,0.44099,0.89668), 3.9629, 1.092, 1.9356, (gDx*16,gDy*1,gDz*0)),rgb(0,1,0.8125));
		draw(
			ellipsoid( (0.97193,0.052349,-0.22936), (0.18444,-0.77476,0.60476), (0.14604,0.63009,0.76267), 3.9267, 1.0674, 1.9664, (gDx*17,gDy*1,gDz*0)),rgb(0,1,0.8125));
		draw(
			ellipsoid( (0.9829,-0.030378,-0.18162), (0.10737,-0.70674,0.69928), (0.1496,0.70682,0.69139), 4.0641, 1.0531, 2.1252, (gDx*18,gDy*1,gDz*0)),rgb(0,1,0.90625));
		draw(
			ellipsoid( (0.97464,-0.21607,-0.058209), (-0.20464,-0.75539,-0.6225), (-0.090534,-0.61863,0.78045), 3.8886, 2.3303, 1.2697, (gDx*19,gDy*1,gDz*0)),rgb(0,1,0.625));
		draw(
			ellipsoid( (0.96039,-0.27727,0.02768), (-0.17511,-0.5233,0.83396), (0.21675,0.80578,0.55113), 3.8725, 1.2381, 2.4156, (gDx*20,gDy*1,gDz*0)),rgb(0,1,0.625));
		draw(
			ellipsoid( (0.93219,-0.30237,0.19897), (-0.31894,-0.42623,0.84652), (0.17115,0.85258,0.49377), 3.9602, 1.3271, 2.2753, (gDx*21,gDy*1,gDz*0)),rgb(0,1,0.53125));
		draw(
			ellipsoid( (0.89797,-0.31401,0.30829), (-0.42156,-0.41288,0.80735), (0.12623,0.85494,0.50313), 3.9175, 1.5029, 2.2211, (gDx*22,gDy*1,gDz*0)),rgb(0,1,0.4375));
		draw(
			ellipsoid( (0.80072,-0.34373,0.49061), (-0.59624,-0.37824,0.70811), (0.057828,0.85952,0.50781), 3.6221, 1.7378, 2.4582, (gDx*23,gDy*1,gDz*0)),rgb(0,1,0.0625));
		draw(
			ellipsoid( (-0.68565,0.4401,-0.57982), (0.69942,0.17757,-0.6923), (0.20173,0.88022,0.42956), 3.6264, 1.8387, 2.5988, (gDx*24,gDy*1,gDz*0)),rgb(0.125,1,0));
		draw(
			ellipsoid( (0.39899,-0.40697,-0.8217), (-0.83375,0.21197,-0.50983), (-0.38166,-0.88851,0.25474), 3.4029, 1.2152, 1.0859, (gDx*0,gDy*2,gDz*0)),rgb(0,1,0.8125));
		draw(
			ellipsoid( (-0.94556,0.18629,-0.26684), (-0.28195,-0.87844,0.38582), (-0.16253,0.44005,0.88314), 0.92061, 1.1779, 3.8438, (gDx*1,gDy*2,gDz*0)),rgb(0,0.90625,1));
		draw(
			ellipsoid( (-0.77887,0.52829,-0.33803), (0.62602,0.68761,-0.36782), (-0.038124,0.4981,0.86628), 0.87659, 1.4136, 3.8989, (gDx*2,gDy*2,gDz*0)),rgb(0,0.90625,1));
		draw(
			ellipsoid( (-0.40818,0.7762,-0.48052), (0.91278,0.35565,-0.20086), (-0.01499,0.52059,0.85367), 1.1082, 1.5696, 3.1763, (gDx*3,gDy*2,gDz*0)),rgb(0,1,0.53125));
		draw(
			ellipsoid( (0.30647,-0.51224,-0.8023), (-0.94851,-0.23522,-0.21214), (0.080052,-0.826,0.55795), 2.7406, 1.6595, 1.3332, (gDx*4,gDy*2,gDz*0)),rgb(0,1,0.0625));
		draw(
			ellipsoid( (-0.48431,0.68974,0.53824), (0.66393,0.69039,-0.28731), (0.56977,-0.21821,0.7923), 2.613, 1.5859, 1.4441, (gDx*5,gDy*2,gDz*0)),rgb(0.125,1,0));
		draw(
			ellipsoid( (0.8121,-0.50073,-0.29961), (-0.53496,-0.84395,-0.039571), (0.23304,-0.19241,0.95324), 2.4694, 1.5686, 1.4142, (gDx*6,gDy*2,gDz*0)),rgb(0.21875,1,0));
		draw(
			ellipsoid( (0.9202,-0.38998,-0.033899), (-0.33055,-0.8205,0.46638), (0.2097,0.41796,0.88394), 2.6519, 1.4875, 1.1479, (gDx*7,gDy*2,gDz*0)),rgb(0,1,0.25));
		draw(
			ellipsoid( (0.91603,-0.40107,-0.005882), (-0.34206,-0.78873,0.51078), (0.2095,0.46588,0.85969), 2.5738, 1.4655, 1.098, (gDx*8,gDy*2,gDz*0)),rgb(0,1,0.25));
		draw(
			ellipsoid( (0.96748,-0.25285,0.006872), (-0.18211,-0.71516,-0.67482), (-0.17554,-0.65162,0.73795), 2.6978, 0.98128, 1.4135, (gDx*9,gDy*2,gDz*0)),rgb(0,1,0.4375));
		draw(
			ellipsoid( (0.99945,-0.033082,0.0024625), (-0.028661,-0.8985,-0.43804), (-0.016704,-0.43773,0.89895), 2.724, 0.97487, 1.4673, (gDx*10,gDy*2,gDz*0)),rgb(0,1,0.53125));
		draw(
			ellipsoid( (0.99509,0.098533,-0.0097244), (0.088404,-0.92841,-0.36089), (0.044588,-0.35826,0.93256), 2.9115, 1.0664, 1.5098, (gDx*11,gDy*2,gDz*0)),rgb(0,1,0.4375));
		draw(
			ellipsoid( (0.97168,0.23467,-0.02783), (0.23018,-0.96652,-0.11342), (0.053515,-0.1038,0.99316), 3.2907, 1.2057, 1.7294, (gDx*12,gDy*2,gDz*0)),rgb(0,1,0.4375));
		draw(
			ellipsoid( (0.91447,0.3745,-0.15328), (0.38088,-0.92452,0.013516), (0.13665,0.070742,0.98809), 4.1978, 1.2415, 1.8796, (gDx*13,gDy*2,gDz*0)),rgb(0,1,0.71875));
		draw(
			ellipsoid( (-0.89722,-0.39078,0.20563), (-0.41045,0.90978,-0.061954), (0.16286,0.13999,0.97667), 4.5701, 1.0549, 1.9267, (gDx*14,gDy*2,gDz*0)),rgb(0,1,1));
		draw(
			ellipsoid( (-0.90904,-0.31639,0.27119), (-0.3521,0.93125,-0.093774), (0.22288,0.18073,0.95795), 4.4302, 1.0885, 1.9336, (gDx*15,gDy*2,gDz*0)),rgb(0,1,0.90625));
		draw(
			ellipsoid( (-0.93189,-0.21433,0.29264), (-0.2606,-0.16561,-0.95114), (-0.25232,0.96262,-0.098477), 4.3839, 1.9151, 1.1466, (gDx*16,gDy*2,gDz*0)),rgb(0,1,0.90625));
		draw(
			ellipsoid( (0.94149,0.013388,-0.33678), (0.29634,0.44316,0.84604), (-0.16057,0.89634,-0.41327), 4.1173, 2.0061, 1.1309, (gDx*17,gDy*2,gDz*0)),rgb(0,1,0.8125));
		draw(
			ellipsoid( (0.95473,-0.049887,-0.29326), (-0.26859,-0.5683,-0.77775), (0.12786,-0.8213,0.55598), 4.1602, 2.0871, 1.1567, (gDx*18,gDy*2,gDz*0)),rgb(0,1,0.8125));
		draw(
			ellipsoid( (0.93701,-0.25527,-0.23845), (-0.34799,-0.74152,-0.57363), (0.030386,-0.62048,0.78364), 3.928, 2.4047, 1.3436, (gDx*19,gDy*2,gDz*0)),rgb(0,1,0.53125));
		draw(
			ellipsoid( (0.92952,-0.33228,-0.15996), (-0.36485,-0.76548,-0.53003), (-0.053673,-0.55103,0.83276), 3.8606, 2.5419, 1.3143, (gDx*20,gDy*2,gDz*0)),rgb(0,1,0.53125));
		draw(
			ellipsoid( (-0.9326,0.35838,-0.042564), (0.22789,0.49333,-0.83946), (0.27985,0.79259,0.54175), 3.7687, 1.4441, 2.4301, (gDx*21,gDy*2,gDz*0)),rgb(0,1,0.34375));
		draw(
			ellipsoid( (-0.91511,0.37019,-0.15977), (0.34718,0.52198,-0.7791), (0.20502,0.76844,0.6062), 3.6263, 1.6654, 2.3971, (gDx*22,gDy*2,gDz*0)),rgb(0,1,0.0625));
		draw(
			ellipsoid( (0.82548,-0.39196,0.40615), (-0.5548,-0.431,0.71165), (0.10389,0.81277,0.57324), 3.5409, 1.8314, 2.5396, (gDx*23,gDy*2,gDz*0)),rgb(0.125,1,0));
		draw(
			ellipsoid( (-0.7026,0.47803,-0.5271), (0.6727,0.20469,-0.71104), (0.232,0.85416,0.46539), 3.6196, 1.8788, 2.6268, (gDx*24,gDy*2,gDz*0)),rgb(0.125,1,0));
		draw(
			ellipsoid( (0.6549,-0.484,-0.58039), (-0.75456,-0.46128,-0.46676), (0.041814,-0.74362,0.66729), 3.0705, 1.4742, 1.0654, (gDx*0,gDy*3,gDz*0)),rgb(0,1,0.53125));
		draw(
			ellipsoid( (0.20835,-0.59409,-0.77694), (-0.9482,-0.31745,-0.011536), (0.23979,-0.7391,0.62946), 2.9687, 1.3961, 1.0793, (gDx*1,gDy*3,gDz*0)),rgb(0,1,0.53125));
		draw(
			ellipsoid( (-0.14633,-0.5862,-0.79684), (-0.81147,-0.38956,0.43561), (0.56577,-0.71036,0.41868), 3.4603, 1.5373, 0.91102, (gDx*2,gDy*3,gDz*0)),rgb(0,1,0.90625));
		draw(
			ellipsoid( (-0.30417,-0.53582,-0.78764), (-0.86353,-0.19404,0.46548), (0.40225,-0.82173,0.40367), 3.5046, 1.5394, 0.94366, (gDx*3,gDy*3,gDz*0)),rgb(0,1,0.8125));
		draw(
			ellipsoid( (-0.21706,-0.53846,-0.81421), (-0.92782,-0.14543,0.34352), (0.30339,-0.83,0.46803), 3.0979, 1.7001, 1.0834, (gDx*4,gDy*3,gDz*0)),rgb(0,1,0.53125));
		draw(
			ellipsoid( (-0.14493,-0.69835,-0.70093), (-0.95075,-0.09789,0.29411), (0.274,-0.70903,0.64976), 2.6187, 1.6728, 1.3118, (gDx*5,gDy*3,gDz*0)),rgb(0.03125,1,0));
		draw(
			ellipsoid( (-0.31197,0.58358,-0.74974), (0.95003,0.20069,-0.23909), (-0.010935,0.78687,0.61702), 1.3352, 1.754, 2.4688, (gDx*6,gDy*3,gDz*0)),rgb(0.21875,1,0));
		draw(
			ellipsoid( (-0.60475,0.76458,0.22295), (0.61923,0.62744,-0.47209), (0.50083,0.14744,0.85289), 2.4019, 1.6894, 1.3959, (gDx*7,gDy*3,gDz*0)),rgb(0.3125,1,0));
		draw(
			ellipsoid( (-0.60342,0.79141,0.097798), (0.57314,0.5157,-0.63684), (0.55443,0.32823,0.76477), 2.5064, 1.7053, 1.2841, (gDx*8,gDy*3,gDz*0)),rgb(0.125,1,0));
		draw(
			ellipsoid( (-0.82797,0.55896,0.045166), (0.38918,0.51475,0.76392), (-0.40375,-0.65008,0.64373), 2.3556, 1.2289, 1.774, (gDx*9,gDy*3,gDz*0)),rgb(0.125,1,0));
		draw(
			ellipsoid( (0.9711,-0.2378,-0.020601), (-0.21449,-0.83152,-0.51242), (-0.10472,-0.50202,0.85849), 2.7559, 1.0408, 1.7043, (gDx*10,gDy*3,gDz*0)),rgb(0,1,0.4375));
		draw(
			ellipsoid( (0.99207,-0.092368,-0.085289), (-0.12365,-0.83959,-0.52897), (0.022748,-0.53532,0.84435), 2.8799, 1.1386, 1.7083, (gDx*11,gDy*3,gDz*0)),rgb(0,1,0.34375));
		draw(
			ellipsoid( (0.99724,0.0059114,-0.074046), (0.072528,-0.29281,0.95342), (0.016045,0.95615,0.29243), 3.4097, 1.7612, 1.2393, (gDx*12,gDy*3,gDz*0)),rgb(0,1,0.53125));
		draw(
			ellipsoid( (0.97325,0.17406,-0.14996), (0.167,-0.087747,0.98204), (-0.15777,0.98082,0.11447), 3.9946, 1.9143, 1.3399, (gDx*13,gDy*3,gDz*0)),rgb(0,1,0.625));
		draw(
			ellipsoid( (-0.94608,-0.23855,0.21916), (-0.21957,-0.025195,-0.97527), (-0.23817,0.9708,0.028541), 4.2476, 1.9477, 1.1784, (gDx*14,gDy*3,gDz*0)),rgb(0,1,0.8125));
		draw(
			ellipsoid( (-0.93314,-0.21649,0.28701), (-0.27134,-0.099612,-0.95732), (-0.23584,0.97119,-0.034212), 4.3842, 1.9567, 1.101, (gDx*15,gDy*3,gDz*0)),rgb(0,1,0.90625));
		draw(
			ellipsoid( (-0.93558,-0.19851,0.29204), (-0.27246,-0.12026,-0.95462), (-0.22462,0.97269,-0.058423), 4.3466, 1.9438, 1.124, (gDx*16,gDy*3,gDz*0)),rgb(0,1,0.90625));
		draw(
			ellipsoid( (0.94446,0.012274,-0.32839), (0.29399,0.41492,0.86105), (-0.14682,0.90977,-0.38827), 4.0824, 2.0144, 1.1307, (gDx*17,gDy*3,gDz*0)),rgb(0,1,0.8125));
		draw(
			ellipsoid( (0.94502,-0.035052,-0.32513), (0.28392,0.58127,0.76257), (-0.16226,0.81295,-0.55927), 4.2683, 2.0322, 1.1728, (gDx*18,gDy*3,gDz*0)),rgb(0,1,0.8125));
		draw(
			ellipsoid( (0.89528,-0.26683,-0.35675), (-0.42404,-0.75591,-0.49879), (0.13658,-0.59784,0.7899), 4.053, 2.4597, 1.31, (gDx*19,gDy*3,gDz*0)),rgb(0,1,0.625));
		draw(
			ellipsoid( (0.8816,-0.36134,-0.30367), (-0.46813,-0.75156,-0.46477), (0.060289,-0.5519,0.83173), 3.9055, 2.6407, 1.3097, (gDx*20,gDy*3,gDz*0)),rgb(0,1,0.625));
		draw(
			ellipsoid( (0.89023,-0.42112,-0.17365), (-0.45304,-0.77883,-0.4338), (-0.047442,-0.46485,0.88412), 3.7382, 2.7265, 1.4268, (gDx*21,gDy*3,gDz*0)),rgb(0,1,0.4375));
		draw(
			ellipsoid( (0.87424,-0.46542,-0.13814), (-0.47652,-0.76816,-0.42761), (-0.092903,-0.43967,0.89334), 3.6215, 2.6786, 1.6998, (gDx*22,gDy*3,gDz*0)),rgb(0,1,0.0625));
		draw(
			ellipsoid( (-0.78007,0.62483,0.032921), (0.57003,0.68799,0.44916), (-0.258,-0.36914,0.89284), 3.4614, 2.7347, 2.0141, (gDx*23,gDy*3,gDz*0)),rgb(0.40625,1,0));
		draw(
			ellipsoid( (-0.7066,0.69219,-0.14689), (0.63719,0.7127,0.29333), (-0.30773,-0.11367,0.94466), 3.5588, 2.8096, 2.0796, (gDx*24,gDy*3,gDz*0)),rgb(0.40625,1,0));
		draw(
			ellipsoid( (0.70844,-0.64956,-0.276), (-0.70146,-0.6912,-0.1738), (0.077882,-0.31673,0.94531), 3.2202, 1.5066, 0.89722, (gDx*0,gDy*4,gDz*0)),rgb(0,1,0.8125));
		draw(
			ellipsoid( (0.42476,-0.7875,-0.44656), (-0.90328,-0.40167,-0.15083), (0.060587,-0.46744,0.88195), 2.6812, 1.5298, 0.95717, (gDx*1,gDy*4,gDz*0)),rgb(0,1,0.53125));
		draw(
			ellipsoid( (-0.27897,0.64949,-0.70734), (0.95243,0.093039,-0.2902), (0.12267,0.75465,0.64455), 0.97524, 1.5948, 2.6561, (gDx*2,gDy*4,gDz*0)),rgb(0,1,0.4375));
		draw(
			ellipsoid( (0.38952,0.57024,0.72326), (0.89853,-0.062785,-0.43441), (0.20231,-0.81907,0.53683), 3.0165, 1.5255, 0.98864, (gDx*3,gDy*4,gDz*0)),rgb(0,1,0.625));
		draw(
			ellipsoid( (0.33758,0.52007,0.78458), (0.92383,-0.02321,-0.38211), (0.18051,-0.85381,0.48829), 3.0308, 1.633, 1.033, (gDx*4,gDy*4,gDz*0)),rgb(0,1,0.53125));
		draw(
			ellipsoid( (-0.41726,-0.58149,-0.6984), (-0.82665,-0.076413,0.5575), (0.37755,-0.80996,0.4488), 2.9634, 1.6159, 1.1654, (gDx*5,gDy*4,gDz*0)),rgb(0,1,0.34375));
		draw(
			ellipsoid( (-0.37903,-0.64998,-0.65868), (-0.82999,-0.075969,0.55257), (0.4092,-0.75614,0.51069), 2.8689, 1.6712, 1.186, (gDx*6,gDy*4,gDz*0)),rgb(0,1,0.25));
		draw(
			ellipsoid( (-0.1553,-0.87139,-0.46536), (-0.88763,-0.083664,0.45288), (0.43357,-0.4834,0.76048), 2.4214, 1.7046, 1.4416, (gDx*7,gDy*4,gDz*0)),rgb(0.40625,1,0));
		draw(
			ellipsoid( (-0.74011,0.12772,-0.66025), (-0.67044,-0.2168,0.70959), (0.052518,-0.96782,-0.24608), 1.3937, 1.6511, 2.4605, (gDx*8,gDy*4,gDz*0)),rgb(0.3125,1,0));
		draw(
			ellipsoid( (-0.52888,0.01289,-0.8486), (0.84561,-0.077166,-0.52819), (0.072292,0.99693,-0.029911), 1.4031, 1.8035, 2.1958, (gDx*9,gDy*4,gDz*0)),rgb(0.59375,1,0));
		draw(
			ellipsoid( (0.93118,-0.36295,-0.034332), (-0.33965,-0.82945,-0.44345), (-0.13247,-0.42459,0.89564), 2.4622, 1.3701, 1.7092, (gDx*10,gDy*4,gDz*0)),rgb(0.21875,1,0));
		draw(
			ellipsoid( (0.92838,-0.33914,-0.15198), (-0.37155,-0.85577,-0.36002), (0.0079678,-0.3907,0.92048), 3.0725, 1.1872, 1.6807, (gDx*11,gDy*4,gDz*0)),rgb(0,1,0.4375));
		draw(
			ellipsoid( (0.94765,-0.31624,-0.044076), (-0.3076,-0.94122,0.13961), (0.085635,0.11874,0.98923), 3.8321, 1.1616, 1.8485, (gDx*12,gDy*4,gDz*0)),rgb(0,1,0.71875));
		draw(
			ellipsoid( (0.97571,-0.19007,-0.10892), (-0.15997,-0.95788,0.2385), (0.14966,0.21529,0.96501), 3.8603, 1.3733, 2.1141, (gDx*13,gDy*4,gDz*0)),rgb(0,1,0.53125));
		draw(
			ellipsoid( (0.9795,-0.077218,-0.18604), (-0.19825,-0.20614,-0.95823), (-0.035643,-0.97547,0.21722), 3.7364, 2.1724, 1.3118, (gDx*14,gDy*4,gDz*0)),rgb(0,1,0.53125));
		draw(
			ellipsoid( (0.95322,0.030917,-0.30069), (0.29127,0.17208,0.94104), (-0.080837,0.9846,-0.15502), 3.9473, 2.1052, 1.0708, (gDx*15,gDy*4,gDz*0)),rgb(0,1,0.8125));
		draw(
			ellipsoid( (0.95064,0.018211,-0.30976), (0.30034,0.19687,0.93329), (-0.07798,0.98026,-0.18169), 3.9601, 2.0899, 1.0741, (gDx*16,gDy*4,gDz*0)),rgb(0,1,0.8125));
		draw(
			ellipsoid( (0.95222,-0.0098703,-0.30524), (0.28426,0.39406,0.87402), (-0.11165,0.91903,-0.37804), 3.9498, 2.0177, 1.1606, (gDx*17,gDy*4,gDz*0)),rgb(0,1,0.71875));
		draw(
			ellipsoid( (0.93085,-0.054395,-0.36132), (-0.33328,-0.53178,-0.77855), (0.14979,-0.84514,0.51313), 4.2986, 2.0114, 1.2199, (gDx*18,gDy*4,gDz*0)),rgb(0,1,0.8125));
		draw(
			ellipsoid( (0.86333,-0.2921,-0.41151), (-0.48016,-0.72638,-0.49175), (0.15527,-0.62213,0.76736), 4.1455, 2.3945, 1.3939, (gDx*19,gDy*4,gDz*0)),rgb(0,1,0.53125));
		draw(
			ellipsoid( (0.82575,-0.40126,-0.3964), (-0.55259,-0.71642,-0.42589), (0.11309,-0.57072,0.81332), 3.908, 2.6488, 1.4747, (gDx*20,gDy*4,gDz*0)),rgb(0,1,0.4375));
		draw(
			ellipsoid( (0.81544,-0.51594,-0.26241), (-0.57883,-0.72458,-0.37408), (-0.0028649,-0.45693,0.8895), 3.8128, 2.8377, 1.4952, (gDx*21,gDy*4,gDz*0)),rgb(0,1,0.34375));
		draw(
			ellipsoid( (0.75886,-0.60819,-0.23289), (-0.65088,-0.69611,-0.30296), (-0.022145,-0.38149,0.92411), 3.7677, 2.8786, 1.6343, (gDx*22,gDy*4,gDz*0)),rgb(0,1,0.25));
		draw(
			ellipsoid( (0.6368,-0.75,-0.17885), (-0.76335,-0.5806,-0.28319), (-0.10855,-0.31686,0.94224), 3.7631, 2.8891, 1.8467, (gDx*23,gDy*4,gDz*0)),rgb(0.03125,1,0));
		draw(
			ellipsoid( (0.55538,-0.8307,-0.038668), (-0.81585,-0.53527,-0.21882), (-0.16108,-0.15308,0.975), 3.8023, 2.9797, 1.9328, (gDx*24,gDy*4,gDz*0)),rgb(0.03125,1,0));
		draw(
			ellipsoid( (0.45342,-0.86911,-0.19764), (-0.88717,-0.46139,-0.0063748), (0.085647,-0.17823,0.98025), 3.1858, 1.6925, 0.88476, (gDx*0,gDy*5,gDz*0)),rgb(0,1,0.8125));
		draw(
			ellipsoid( (0.17493,-0.93477,-0.30921), (-0.96387,-0.22666,0.13994), (0.2009,-0.27356,0.94064), 2.8759, 1.5692, 0.95647, (gDx*1,gDy*5,gDz*0)),rgb(0,1,0.625));
		draw(
			ellipsoid( (-0.3652,0.51089,-0.77822), (0.91343,0.035307,-0.40547), (0.17967,0.85892,0.47955), 0.94654, 1.6486, 2.8485, (gDx*2,gDy*5,gDz*0)),rgb(0,1,0.625));
		draw(
			ellipsoid( (0.46893,0.6799,0.56378), (0.84513,-0.15993,-0.51007), (0.25663,-0.71565,0.6496), 2.9337, 1.615, 1.0102, (gDx*3,gDy*5,gDz*0)),rgb(0,1,0.53125));
		draw(
			ellipsoid( (0.52919,0.5704,0.62817), (0.81829,-0.1473,-0.55561), (0.22439,-0.80805,0.5447), 2.9742, 1.7023, 1.0487, (gDx*4,gDy*5,gDz*0)),rgb(0,1,0.53125));
		draw(
			ellipsoid( (0.6079,0.46537,0.64334), (0.75656,-0.093554,-0.6472), (0.241,-0.88016,0.40895), 3.1844, 1.6448, 1.0416, (gDx*5,gDy*5,gDz*0)),rgb(0,1,0.625));
		draw(
			ellipsoid( (0.59674,0.46538,0.6537), (0.7696,-0.10129,-0.63044), (0.22718,-0.87929,0.4186), 3.1987, 1.6651, 1.0171, (gDx*6,gDy*5,gDz*0)),rgb(0,1,0.625));
		draw(
			ellipsoid( (0.59579,0.48037,0.64365), (0.77464,-0.13208,-0.61846), (0.21207,-0.86706,0.45081), 2.8502, 1.6633, 1.1655, (gDx*7,gDy*5,gDz*0)),rgb(0,1,0.34375));
		draw(
			ellipsoid( (0.52358,0.5407,0.65841), (0.83563,-0.17528,-0.52057), (0.16607,-0.82275,0.5436), 2.3961, 1.6175, 1.3573, (gDx*8,gDy*5,gDz*0)),rgb(0.3125,1,0));
		draw(
			ellipsoid( (-0.51179,-0.81852,-0.26096), (-0.64978,0.56751,-0.5057), (-0.56202,0.089242,0.8223), 2.6375, 1.3173, 1.709, (gDx*9,gDy*5,gDz*0)),rgb(0.03125,1,0));
		draw(
			ellipsoid( (0.98451,-0.098133,-0.14529), (-0.17154,-0.71046,-0.68251), (0.036248,-0.69686,0.71629), 2.1984, 1.9043, 1.567, (gDx*10,gDy*5,gDz*0)),rgb(0.875,1,0));
		draw(
			ellipsoid( (0.89631,-0.36441,-0.25263), (-0.41106,-0.46919,-0.78159), (-0.16629,-0.8044,0.57034), 2.8397, 1.5799, 1.5156, (gDx*11,gDy*5,gDz*0)),rgb(0.03125,1,0));
		draw(
			ellipsoid( (-0.8793,0.46771,0.089856), (0.42119,0.85172,-0.31172), (0.22233,0.23625,0.94592), 3.8139, 1.3049, 1.9439, (gDx*12,gDy*5,gDz*0)),rgb(0,1,0.53125));
		draw(
			ellipsoid( (-0.89637,0.43212,0.098985), (0.37673,0.8602,-0.34371), (0.23367,0.2708,0.93385), 4.0364, 1.3176, 2.2813, (gDx*13,gDy*5,gDz*0)),rgb(0,1,0.625));
		draw(
			ellipsoid( (-0.92006,0.347,0.18186), (0.27678,0.90426,-0.32514), (0.27727,0.24881,0.92802), 3.6267, 1.3614, 2.3352, (gDx*14,gDy*5,gDz*0)),rgb(0,1,0.4375));
		draw(
			ellipsoid( (0.93371,-0.17421,-0.3128), (-0.34277,-0.18246,-0.92153), (-0.10346,-0.96766,0.23007), 3.5139, 2.2427, 1.2217, (gDx*15,gDy*5,gDz*0)),rgb(0,1,0.53125));
		draw(
			ellipsoid( (0.93919,-0.10223,-0.32784), (-0.34267,-0.21671,-0.91412), (-0.0224,-0.97087,0.23856), 3.7935, 2.1689, 1.0996, (gDx*16,gDy*5,gDz*0)),rgb(0,1,0.71875));
		draw(
			ellipsoid( (0.94387,-0.078479,-0.32085), (-0.32704,-0.35829,-0.87446), (0.04633,-0.93031,0.36385), 3.8248, 2.0589, 1.2047, (gDx*17,gDy*5,gDz*0)),rgb(0,1,0.625));
		draw(
			ellipsoid( (0.9119,-0.10712,-0.3962), (-0.39925,-0.45519,-0.79587), (0.09509,-0.88393,0.45785), 4.2164, 2.0487, 1.2628, (gDx*18,gDy*5,gDz*0)),rgb(0,1,0.71875));
		draw(
			ellipsoid( (0.8112,-0.31894,-0.49013), (-0.56381,-0.64897,-0.51084), (0.15516,-0.69074,0.70626), 4.0713, 2.3401, 1.5543, (gDx*19,gDy*5,gDz*0)),rgb(0,1,0.4375));
		draw(
			ellipsoid( (0.76271,-0.42919,-0.48381), (-0.63254,-0.65093,-0.41975), (0.13477,-0.62617,0.76795), 3.8356, 2.581, 1.6635, (gDx*20,gDy*5,gDz*0)),rgb(0,1,0.15625));
		draw(
			ellipsoid( (0.78969,-0.53616,-0.2982), (-0.61331,-0.70231,-0.36139), (0.015668,-0.46828,0.88344), 3.7195, 2.8092, 1.6464, (gDx*21,gDy*5,gDz*0)),rgb(0,1,0.15625));
		draw(
			ellipsoid( (0.75403,-0.61886,-0.2201), (-0.65586,-0.69108,-0.30374), (-0.035868,-0.37339,0.92698), 3.7236, 2.8882, 1.678, (gDx*22,gDy*5,gDz*0)),rgb(0,1,0.15625));
		draw(
			ellipsoid( (0.67281,-0.72606,-0.142), (-0.72948,-0.61908,-0.29087), (-0.12328,-0.29928,0.94617), 3.7625, 2.9693, 1.7509, (gDx*23,gDy*5,gDz*0)),rgb(0,1,0.0625));
		draw(
			ellipsoid( (0.5853,-0.81008,-0.034618), (-0.794,-0.56399,-0.22689), (-0.16428,-0.16029,0.9733), 3.8384, 3.0981, 1.7958, (gDx*24,gDy*5,gDz*0)),rgb(0,1,0.0625));
		draw(
			ellipsoid( (0.98494,-0.053486,0.16441), (0.16971,0.11758,-0.97845), (-0.033002,-0.99162,-0.12489), 1.4765, 1.0212, 2.9249, (gDx*0,gDy*6,gDz*0)),rgb(0,1,0.53125));
		draw(
			ellipsoid( (0.1503,0.97196,0.18085), (0.9763,-0.17474,0.1277), (-0.15572,-0.15737,0.97518), 2.9336, 1.4218, 1.0003, (gDx*1,gDy*6,gDz*0)),rgb(0,1,0.625));
		draw(
			ellipsoid( (0.3545,0.86709,0.34999), (0.93181,-0.29644,-0.2094), (0.077814,-0.40035,0.91305), 2.897, 1.4567, 1.0811, (gDx*2,gDy*6,gDz*0)),rgb(0,1,0.4375));
		draw(
			ellipsoid( (0.54979,0.68457,0.47863), (0.81233,-0.30472,-0.49726), (0.19456,-0.66219,0.72363), 3.0004, 1.5969, 1.0237, (gDx*3,gDy*6,gDz*0)),rgb(0,1,0.53125));
		draw(
			ellipsoid( (0.59208,0.58502,0.55425), (0.7851,-0.26355,-0.5605), (0.18183,-0.767,0.61534), 3.0155, 1.7103, 1.0546, (gDx*4,gDy*6,gDz*0)),rgb(0,1,0.53125));
		draw(
			ellipsoid( (0.6403,0.47054,0.60713), (0.74303,-0.17905,-0.64486), (0.19473,-0.86402,0.46427), 3.1404, 1.6612, 1.0708, (gDx*5,gDy*6,gDz*0)),rgb(0,1,0.53125));
		draw(
			ellipsoid( (0.653,0.35832,0.66723), (0.74378,-0.13729,-0.65418), (0.1428,-0.92345,0.35616), 3.2393, 1.8024, 0.94403, (gDx*6,gDy*6,gDz*0)),rgb(0,1,0.71875));
		draw(
			ellipsoid( (0.67834,0.33621,0.65331), (0.72303,-0.14728,-0.67494), (0.1307,-0.9302,0.343), 3.1359, 1.8641, 0.97645, (gDx*7,gDy*6,gDz*0)),rgb(0,1,0.71875));
		draw(
			ellipsoid( (0.69719,0.35047,0.62538), (0.70095,-0.15033,-0.69719), (0.15033,-0.92443,0.35047), 2.8848, 1.8138, 1.0644, (gDx*8,gDy*6,gDz*0)),rgb(0,1,0.4375));
		draw(
			ellipsoid( (-0.7446,-0.57928,-0.33167), (-0.49084,0.13841,0.86019), (0.45238,-0.80329,0.38739), 2.8594, 1.8576, 1.1963, (gDx*9,gDy*6,gDz*0)),rgb(0,1,0.25));
		draw(
			ellipsoid( (-0.78322,-0.58327,-0.2153), (-0.44844,0.76982,-0.45419), (-0.43066,0.25919,0.8645), 2.7394, 1.2238, 1.9387, (gDx*10,gDy*6,gDz*0)),rgb(0,1,0.15625));
		draw(
			ellipsoid( (0.42786,-0.57933,0.69377), (-0.76821,-0.63752,-0.058584), (-0.47623,0.50789,0.71781), 1.4131, 2.3475, 2.0494, (gDx*11,gDy*6,gDz*0)),rgb(0.40625,1,0));
		draw(
			ellipsoid( (0.18789,0.58885,-0.7861), (0.74877,0.43208,0.50263), (-0.63564,0.68305,0.35973), 1.6765, 2.322, 2.512, (gDx*12,gDy*6,gDz*0)),rgb(0.59375,1,0));
		draw(
			ellipsoid( (-0.59386,0.77641,0.21099), (0.58863,0.24049,0.7718), (-0.5485,-0.58254,0.59984), 3.166, 2.276, 1.7226, (gDx*13,gDy*6,gDz*0)),rgb(0.21875,1,0));
		draw(
			ellipsoid( (0.50356,0.62092,-0.60075), (0.68354,-0.71159,-0.16252), (0.52839,0.3288,0.78275), 1.5591, 3.3336, 2.4622, (gDx*14,gDy*6,gDz*0)),rgb(0,1,0.0625));
		draw(
			ellipsoid( (0.30674,0.78466,-0.53872), (0.84721,-0.48303,-0.22116), (0.43375,0.38857,0.81294), 1.5422, 3.1459, 2.3581, (gDx*15,gDy*6,gDz*0)),rgb(0.03125,1,0));
		draw(
			ellipsoid( (0.90719,-0.32533,-0.26677), (-0.39559,-0.44374,-0.80411), (-0.14323,-0.83502,0.53126), 3.2741, 2.3093, 1.4472, (gDx*16,gDy*6,gDz*0)),rgb(0,1,0.15625));
		draw(
			ellipsoid( (0.88538,-0.30764,-0.34851), (-0.45826,-0.45162,-0.76553), (-0.078116,-0.8375,0.54083), 3.3116, 2.2395, 1.4829, (gDx*17,gDy*6,gDz*0)),rgb(0,1,0.15625));
		draw(
			ellipsoid( (0.88779,-0.19506,-0.41688), (-0.4597,-0.3314,-0.82392), (-0.022559,-0.92311,0.38388), 3.8256, 2.149, 1.4285, (gDx*18,gDy*6,gDz*0)),rgb(0,1,0.4375));
		draw(
			ellipsoid( (0.71561,-0.37836,-0.58715), (-0.69668,-0.44725,-0.56089), (0.050379,-0.81044,0.58365), 3.9615, 2.2477, 1.6589, (gDx*19,gDy*6,gDz*0)),rgb(0,1,0.25));
		draw(
			ellipsoid( (0.64659,-0.48324,-0.59025), (-0.75849,-0.4898,-0.42988), (0.08137,-0.72565,0.68323), 3.7861, 2.4134, 1.7934, (gDx*20,gDy*6,gDz*0)),rgb(0,1,0.0625));
		draw(
			ellipsoid( (0.61802,-0.66273,-0.4229), (-0.78592,-0.50762,-0.35305), (-0.019305,-0.55056,0.83457), 3.5673, 2.6352, 1.8313, (gDx*21,gDy*6,gDz*0)),rgb(0.125,1,0));
		draw(
			ellipsoid( (0.54904,-0.77849,-0.30415), (-0.82896,-0.46077,-0.31704), (-0.10667,-0.42619,0.89832), 3.4814, 2.789, 1.8502, (gDx*22,gDy*6,gDz*0)),rgb(0.125,1,0));
		draw(
			ellipsoid( (0.54623,-0.81926,-0.17445), (-0.81369,-0.46955,-0.34268), (-0.19883,-0.32913,0.92311), 3.4919, 2.9601, 1.8277, (gDx*23,gDy*6,gDz*0)),rgb(0.125,1,0));
		draw(
			ellipsoid( (0.22265,0.18491,-0.9572), (0.86768,0.41006,0.28104), (-0.44447,0.89312,0.069141), 1.8279, 3.0837, 3.6776, (gDx*24,gDy*6,gDz*0)),rgb(0.03125,1,0));
		draw(
			ellipsoid( (0.49285,0.87009,0.0073522), (0.86875,-0.49253,0.051812), (-0.048702,0.019148,0.99863), 2.7012, 1.5559, 0.95028, (gDx*0,gDy*7,gDz*0)),rgb(0,1,0.53125));
		draw(
			ellipsoid( (0.56569,0.81936,0.092962), (0.82295,-0.56812,-0.00032296), (-0.052549,-0.076685,0.99567), 2.7102, 1.5591, 0.93747, (gDx*1,gDy*7,gDz*0)),rgb(0,1,0.53125));
		draw(
			ellipsoid( (0.65467,0.72604,0.21042), (0.74117,-0.56182,-0.36746), (0.14857,-0.39652,0.90592), 2.8587, 1.5001, 1.044, (gDx*2,gDy*7,gDz*0)),rgb(0,1,0.4375));
		draw(
			ellipsoid( (0.62908,0.66737,0.39859), (0.74178,-0.36206,-0.56452), (0.23243,-0.65079,0.7228), 2.8621, 1.6479, 1.0498, (gDx*3,gDy*7,gDz*0)),rgb(0,1,0.4375));
		draw(
			ellipsoid( (0.64892,0.57872,0.49395), (0.73768,-0.31953,-0.59475), (0.18636,-0.75033,0.63426), 2.8592, 1.7799, 1.0683, (gDx*4,gDy*7,gDz*0)),rgb(0,1,0.4375));
		draw(
			ellipsoid( (0.7004,0.45628,0.54886), (0.69374,-0.25434,-0.67382), (0.16786,-0.85271,0.49468), 2.9768, 1.726, 1.08, (gDx*5,gDy*7,gDz*0)),rgb(0,1,0.4375));
		draw(
			ellipsoid( (0.7086,0.32156,0.62808), (0.6974,-0.18373,-0.69274), (0.10736,-0.9289,0.35444), 3.0882, 1.8544, 0.94199, (gDx*6,gDy*7,gDz*0)),rgb(0,1,0.71875));
		draw(
			ellipsoid( (0.68472,0.22031,0.69471), (0.72749,-0.14918,-0.66971), (0.043904,-0.96395,0.26242), 3.0763, 1.8701, 0.88003, (gDx*7,gDy*7,gDz*0)),rgb(0,1,0.8125));
		draw(
			ellipsoid( (0.7421,0.19543,0.64117), (0.66993,-0.18477,-0.71907), (0.022063,-0.96315,0.26804), 2.9038, 1.8186, 0.92785, (gDx*8,gDy*7,gDz*0)),rgb(0,1,0.625));
		draw(
			ellipsoid( (-0.85637,-0.3812,-0.34831), (-0.43822,0.17974,0.88072), (0.27312,-0.90685,0.32097), 2.6777, 1.7816, 1.1616, (gDx*9,gDy*7,gDz*0)),rgb(0,1,0.15625));
		draw(
			ellipsoid( (-0.90257,-0.39393,-0.17373), (-0.32523,0.88824,-0.32442), (-0.28211,0.23631,0.92982), 2.6378, 1.1707, 1.7647, (gDx*10,gDy*7,gDz*0)),rgb(0,1,0.15625));
		draw(
			ellipsoid( (-0.81097,-0.57681,-0.098086), (-0.52884,0.79435,-0.29889), (-0.25031,0.19052,0.94923), 2.5555, 1.1171, 1.7976, (gDx*11,gDy*7,gDz*0)),rgb(0,1,0.15625));
		draw(
			ellipsoid( (-0.73866,-0.64402,-0.19905), (-0.59595,0.76191,-0.25364), (-0.31501,0.068731,0.9466), 2.9167, 1.3142, 1.9326, (gDx*12,gDy*7,gDz*0)),rgb(0,1,0.15625));
		draw(
			ellipsoid( (-0.60301,-0.71449,-0.3548), (-0.6525,0.69763,-0.29589), (-0.45893,-0.053082,0.88688), 2.6874, 1.7062, 2.0506, (gDx*13,gDy*7,gDz*0)),rgb(0.59375,1,0));
		draw(
			ellipsoid( (-0.80543,-0.056151,0.59002), (0.55055,-0.43951,0.70973), (-0.21947,-0.89648,-0.38491), 1.7879, 2.1749, 2.8068, (gDx*14,gDy*7,gDz*0)),rgb(0.59375,1,0));
		draw(
			ellipsoid( (-0.58203,-0.34985,0.73406), (-0.78868,0.02301,-0.61437), (-0.19804,0.93652,0.28931), 1.7473, 2.4664, 2.7687, (gDx*15,gDy*7,gDz*0)),rgb(0.5,1,0));
		draw(
			ellipsoid( (-0.47853,-0.61447,0.62725), (0.64844,0.23437,0.72429), (-0.59206,0.75333,0.28629), 1.7811, 2.4416, 3.101, (gDx*16,gDy*7,gDz*0)),rgb(0.3125,1,0));
		draw(
			ellipsoid( (-0.60291,0.72289,0.33752), (0.64515,0.1929,0.7393), (-0.46933,-0.66349,0.58268), 3.0866, 2.3742, 1.8607, (gDx*17,gDy*7,gDz*0)),rgb(0.40625,1,0));
		draw(
			ellipsoid( (-0.80015,0.40944,0.43831), (0.50358,0.061627,0.86174), (-0.32582,-0.91025,0.2555), 3.2781, 2.4516, 1.7064, (gDx*18,gDy*7,gDz*0)),rgb(0.125,1,0));
		draw(
			ellipsoid( (-0.62577,0.45056,0.63672), (0.69399,-0.051032,0.71817), (-0.35607,-0.89129,0.28075), 3.6899, 2.6224, 1.6548, (gDx*19,gDy*7,gDz*0)),rgb(0,1,0.15625));
		draw(
			ellipsoid( (-0.43843,0.50129,0.74598), (0.83011,-0.092298,0.5499), (-0.34451,-0.86034,0.37566), 3.6497, 2.6137, 1.7686, (gDx*20,gDy*7,gDz*0)),rgb(0.03125,1,0));
		draw(
			ellipsoid( (0.35857,0.7741,-0.52173), (0.89568,-0.12783,0.42592), (-0.26301,0.62003,0.73918), 1.871, 2.6622, 3.597, (gDx*21,gDy*7,gDz*0)),rgb(0.125,1,0));
		draw(
			ellipsoid( (-0.40483,-0.69327,0.59623), (-0.90505,0.21085,-0.36935), (-0.13034,0.68915,0.7128), 1.9793, 2.741, 3.4646, (gDx*22,gDy*7,gDz*0)),rgb(0.3125,1,0));
		draw(
			ellipsoid( (-0.44804,-0.60396,0.65916), (-0.89347,0.32823,-0.30656), (0.031213,0.72629,0.68668), 2.0141, 2.8983, 3.355, (gDx*23,gDy*7,gDz*0)),rgb(0.40625,1,0));
		draw(
			ellipsoid( (-0.53227,-0.42823,0.73028), (-0.84652,0.27916,-0.4533), (0.0097435,0.85947,0.51109), 2.1224, 3.0485, 3.3208, (gDx*24,gDy*7,gDz*0)),rgb(0.5,1,0));
		draw(
			ellipsoid( (0.62447,0.76166,-0.17295), (0.77546,-0.57817,0.25375), (-0.093279,0.29257,0.95168), 3.0763, 1.4704, 0.96886, (gDx*0,gDy*8,gDz*0)),rgb(0,1,0.71875));
		draw(
			ellipsoid( (0.69755,0.71395,-0.06082), (0.71449,-0.68663,0.13434), (-0.054154,0.13717,0.98907), 3.1043, 1.5961, 0.91397, (gDx*1,gDy*8,gDz*0)),rgb(0,1,0.71875));
		draw(
			ellipsoid( (0.73716,0.67514,0.028143), (0.67531,-0.73461,-0.065627), (0.023634,-0.067382,0.99745), 2.9937, 1.6315, 1.0745, (gDx*2,gDy*8,gDz*0)),rgb(0,1,0.53125));
		draw(
			ellipsoid( (0.72659,0.65817,0.19717), (0.66793,-0.60936,-0.42726), (0.16106,-0.44214,0.88237), 2.7344, 1.7111, 1.2187, (gDx*3,gDy*8,gDz*0)),rgb(0,1,0.15625));
		draw(
			ellipsoid( (0.78147,0.55219,0.2905), (0.60461,-0.55521,-0.57113), (0.15409,-0.62196,0.76774), 2.6816, 1.8292, 1.2715, (gDx*4,gDy*8,gDz*0)),rgb(0,1,0.0625));
		draw(
			ellipsoid( (0.79661,0.44374,0.4105), (0.59587,-0.46212,-0.6568), (0.10175,-0.76782,0.63254), 2.7597, 1.7623, 1.2627, (gDx*5,gDy*8,gDz*0)),rgb(0,1,0.0625));
		draw(
			ellipsoid( (0.70565,0.31166,0.63634), (0.70355,-0.20165,-0.68143), (0.084059,-0.92855,0.36156), 3.0135, 1.8783, 0.97601, (gDx*6,gDy*8,gDz*0)),rgb(0,1,0.625));
		draw(
			ellipsoid( (0.67519,0.20156,0.70957), (0.73752,-0.1671,-0.65432), (0.013315,-0.96512,0.26148), 3.0499, 1.881, 0.88221, (gDx*7,gDy*8,gDz*0)),rgb(0,1,0.8125));
		draw(
			ellipsoid( (0.72304,0.13907,0.67666), (0.68868,-0.2219,-0.69028), (-0.054154,-0.9651,0.25622), 2.9652, 1.842, 0.90851, (gDx*8,gDy*8,gDz*0)),rgb(0,1,0.71875));
		draw(
			ellipsoid( (0.9042,0.1717,0.39107), (0.41699,-0.15682,-0.89528), (0.092389,-0.97259,0.21339), 2.5532, 1.8463, 1.2281, (gDx*9,gDy*8,gDz*0)),rgb(0,1,0.0625));
		draw(
			ellipsoid( (0.96794,0.18168,0.17347), (0.15168,-0.97319,0.17288), (-0.20023,0.14103,0.96955), 2.4823, 1.2582, 1.823, (gDx*10,gDy*8,gDz*0)),rgb(0.125,1,0));
		draw(
			ellipsoid( (0.93376,0.34324,0.10142), (0.32438,-0.93135,0.16542), (-0.15124,0.12156,0.98099), 2.4426, 1.2043, 1.8715, (gDx*11,gDy*8,gDz*0)),rgb(0.03125,1,0));
		draw(
			ellipsoid( (0.90372,0.42192,0.072632), (0.41467,-0.90482,0.096677), (-0.10651,0.057251,0.99266), 3.1195, 1.2779, 1.96, (gDx*12,gDy*8,gDz*0)),rgb(0,1,0.25));
		draw(
			ellipsoid( (0.88914,0.45318,0.063714), (0.4511,-0.89135,0.044706), (-0.077052,0.011008,0.99697), 3.195, 1.3796, 2.021, (gDx*13,gDy*8,gDz*0)),rgb(0,1,0.15625));
		draw(
			ellipsoid( (0.81379,0.52227,0.2549), (0.57604,-0.78298,-0.23479), (-0.076956,-0.3379,0.93803), 3.0067, 1.7628, 2.0084, (gDx*14,gDy*8,gDz*0)),rgb(0.3125,1,0));
		draw(
			ellipsoid( (-0.7563,-0.56569,-0.32863), (-0.53366,0.24287,0.81008), (0.37844,-0.78804,0.48557), 2.996, 1.9038, 2.1965, (gDx*15,gDy*8,gDz*0)),rgb(0.5,1,0));
		draw(
			ellipsoid( (-0.46254,-0.17958,0.86822), (0.87408,-0.25635,0.41264), (-0.14846,-0.94976,-0.27554), 2.0121, 2.4309, 2.9655, (gDx*16,gDy*8,gDz*0)),rgb(0.6875,1,0));
		draw(
			ellipsoid( (-0.4432,-0.20386,0.87293), (0.88741,-0.23751,0.39509), (-0.12678,-0.94975,-0.28618), 2.0727, 2.3865, 2.97, (gDx*17,gDy*8,gDz*0)),rgb(0.78125,1,0));
		draw(
			ellipsoid( (-0.41187,-0.78087,0.46968), (-0.90561,0.29356,-0.30609), (-0.10114,0.55142,0.82808), 2.1839, 2.4623, 2.7693, (gDx*18,gDy*8,gDz*0)),rgb(1,0.84375,0));
		draw(
			ellipsoid( (-0.52921,-0.79516,0.29605), (-0.81789,0.38522,-0.42739), (-0.2258,0.46832,0.85422), 1.8717, 2.7415, 3.4262, (gDx*19,gDy*8,gDz*0)),rgb(0.21875,1,0));
		draw(
			ellipsoid( (-0.54356,-0.76203,0.35193), (-0.83495,0.4479,-0.31976), (-0.086037,0.46765,0.87972), 1.814, 2.6998, 3.6248, (gDx*20,gDy*8,gDz*0)),rgb(0.03125,1,0));
		draw(
			ellipsoid( (-0.57085,-0.71192,0.40903), (-0.82077,0.50787,-0.26155), (0.021534,0.48502,0.87424), 1.8832, 2.6616, 3.7122, (gDx*21,gDy*8,gDz*0)),rgb(0.125,1,0));
		draw(
			ellipsoid( (-0.65902,-0.59566,0.45922), (-0.7382,0.62919,-0.24326), (0.14404,0.49931,0.85437), 1.9796, 2.7055, 3.6454, (gDx*22,gDy*8,gDz*0)),rgb(0.21875,1,0));
		draw(
			ellipsoid( (-0.66437,-0.58238,0.46844), (-0.73097,0.63699,-0.24478), (0.15584,0.50504,0.84891), 1.9918, 2.7482, 3.6477, (gDx*23,gDy*8,gDz*0)),rgb(0.21875,1,0));
		draw(
			ellipsoid( (-0.70128,-0.50573,0.50243), (-0.69074,0.65635,-0.30345), (0.1763,0.55985,0.80962), 2.0572, 2.8973, 3.5713, (gDx*24,gDy*8,gDz*0)),rgb(0.3125,1,0));
		draw(
			ellipsoid( (-0.66342,-0.66211,0.34855), (-0.67826,0.72884,0.093551), (0.31598,0.17434,0.93261), 3.0734, 1.4331, 1.0356, (gDx*0,gDy*9,gDz*0)),rgb(0,1,0.625));
		draw(
			ellipsoid( (0.77239,0.6103,-0.17593), (0.62105,-0.78373,0.0078518), (0.13309,0.11533,0.98437), 3.0254, 1.6597, 0.97449, (gDx*1,gDy*9,gDz*0)),rgb(0,1,0.625));
		draw(
			ellipsoid( (0.82104,0.56808,-0.056418), (0.56107,-0.82122,-0.10396), (0.10539,-0.053698,0.99298), 3.1405, 1.8118, 0.98715, (gDx*2,gDy*9,gDz*0)),rgb(0,1,0.625));
		draw(
			ellipsoid( (0.82909,0.55645,0.054616), (0.53785,-0.76704,-0.3498), (0.15275,-0.31939,0.93523), 2.9224, 1.9283, 1.0946, (gDx*3,gDy*9,gDz*0)),rgb(0,1,0.4375));
		draw(
			ellipsoid( (0.81923,0.55189,0.15583), (0.56386,-0.72567,-0.3943), (0.10453,-0.41089,0.90567), 2.8566, 2.0887, 1.1719, (gDx*4,gDy*9,gDz*0)),rgb(0,1,0.34375));
		draw(
