	import three;
	import settings;

	surface ellipsoid(triple v1,triple v2,triple v3,real l1,real l2, real l3, triple pos=O) {
		transform3 T = identity(4);
		T[0][0] = l1*v1.x;
		T[1][0] = l1*v1.y;
		T[2][0] = l1*v1.z;
		T[0][1] = l2*v2.x;
		T[1][1] = l2*v2.y;
		T[2][1] = l2*v2.z;
		T[0][2] = l3*v3.x;
		T[1][2] = l3*v3.y;
		T[2][2] = l3*v3.z;
		T[0][3] = pos.x;
		T[1][3] = pos.y;
		T[2][3] = pos.z;
		return T*unitsphere;
	}

	size(200);

	real gDx=4;
	real gDy=4;
	real gDz=4;

	currentprojection=perspective( camera=(gDx*12,gDy*12,25),up=Y, target=(gDx*12,gDy*12,gDz*-0.5));
		draw(
			ellipsoid( (-0.65687,0.74628,0.10765), (0.74528,0.66428,-0.057398), (0.11435,-0.042527,0.99253), 0.73765, 1.0616, 3.6884, (gDx*0,gDy*0,gDz*0)),rgb(0,0.8125,1));
		draw(
			ellipsoid( (0.029642,-0.99951,-0.0097181), (0.93099,0.024068,0.36426), (-0.36385,-0.019845,0.93125), 1.0207, 1.9062, 4.1664, (gDx*1,gDy*0,gDz*0)),rgb(0,1,0.90625));
		draw(
			ellipsoid( (0.014068,0.94674,-0.32168), (-0.61534,-0.24538,-0.7491), (-0.78814,0.20848,0.57912), 0.74991, 1.3285, 4.5391, (gDx*2,gDy*0,gDz*0)),rgb(0,0.625,1));
		draw(
			ellipsoid( (-0.36279,-0.72969,-0.5796), (0.061344,-0.63933,0.76648), (-0.92985,0.24252,0.2767), 0.76853, 0.93993, 3.8964, (gDx*3,gDy*0,gDz*0)),rgb(0,0.71875,1));
		draw(
			ellipsoid( (-0.27562,-0.74015,-0.61336), (0.14741,-0.66308,0.73389), (-0.9499,0.11186,0.29186), 1.2661, 1.357, 3.3916, (gDx*4,gDy*0,gDz*0)),rgb(0,1,0.625));
		draw(
			ellipsoid( (0.013279,0.58021,0.81436), (-0.014223,0.81446,-0.58005), (-0.99981,-0.0038804,0.019067), 0.99677, 1.4657, 3.8476, (gDx*5,gDy*0,gDz*0)),rgb(0,1,0.90625));
		draw(
			ellipsoid( (-0.032095,0.60794,0.79334), (-0.031498,0.79274,-0.60875), (-0.99899,-0.044526,-0.0062938), 0.88785, 1.8735, 4.2281, (gDx*6,gDy*0,gDz*0)),rgb(0,0.90625,1));
		draw(
			ellipsoid( (-0.10226,0.2049,0.97343), (-0.19924,0.95451,-0.22185), (-0.9746,-0.21663,-0.056785), 0.744, 1.4885, 4.5117, (gDx*7,gDy*0,gDz*0)),rgb(0,0.71875,1));
		draw(
			ellipsoid( (-0.2186,0.81049,0.54344), (0.12531,0.57561,-0.80806), (-0.96773,-0.10855,-0.2274), 0.62222, 1.8099, 3.4109, (gDx*8,gDy*0,gDz*0)),rgb(0,0.71875,1));
		draw(
			ellipsoid( (-0.14766,0.79396,0.58976), (-0.026566,0.5929,-0.80484), (-0.98868,-0.13451,-0.066453), 0.5252, 1.0835, 2.5316, (gDx*9,gDy*0,gDz*0)),rgb(0,0.90625,1));
		draw(
			ellipsoid( (-0.51243,0.74331,0.42999), (0.2207,-0.36991,0.90247), (-0.82988,-0.55736,-0.025505), 0.88054, 1.8163, 3.6676, (gDx*10,gDy*0,gDz*0)),rgb(0,1,1));
		draw(
			ellipsoid( (0.84816,-0.50297,-0.16629), (0.33289,0.26183,0.90589), (0.41209,0.82369,-0.38951), 1.4847, 2.7729, 2.9799, (gDx*11,gDy*0,gDz*0)),rgb(0,1,0.0625));
		draw(
			ellipsoid( (0.97962,-0.16844,0.10939), (0.12429,0.080575,-0.98897), (0.15777,0.98241,0.099868), 0.37098, 2.0586, 4.8912, (gDx*12,gDy*0,gDz*0)),rgb(0,0.15625,1));
		draw(
			ellipsoid( (0.69152,-0.19065,-0.69675), (0.67325,-0.17947,0.7173), (-0.2618,-0.96511,0.0042444), 1.0593, 1.4756, 6.8112, (gDx*13,gDy*0,gDz*0)),rgb(0,0.53125,1));
		draw(
			ellipsoid( (0.72584,-0.68147,0.0935), (0.04901,0.18682,0.98117), (-0.68611,-0.7076,0.169), 0.818, 2.0468, 4.5962, (gDx*14,gDy*0,gDz*0)),rgb(0,0.71875,1));
		draw(
			ellipsoid( (0.55546,-0.82598,0.096045), (0.17058,0.22622,0.95902), (-0.81386,-0.51631,0.26655), 0.7243, 1.8709, 5.2868, (gDx*15,gDy*0,gDz*0)),rgb(0,0.53125,1));
		draw(
			ellipsoid( (-0.39782,0.85621,-0.32962), (0.033218,0.37248,0.92744), (-0.91686,-0.358,0.17662), 0.86377, 2.2738, 5.3288, (gDx*16,gDy*0,gDz*0)),rgb(0,0.71875,1));
		draw(
			ellipsoid( (0.12424,-0.76175,0.63584), (0.061079,0.64546,0.76134), (-0.99037,-0.055754,0.12672), 0.68779, 1.3407, 4.6119, (gDx*17,gDy*0,gDz*0)),rgb(0,0.625,1));
		draw(
			ellipsoid( (0.080558,-0.65211,0.75384), (-0.057048,0.75204,0.65665), (-0.99512,-0.095903,0.023381), 0.7001, 1.8271, 5.0641, (gDx*18,gDy*0,gDz*0)),rgb(0,0.53125,1));
		draw(
			ellipsoid( (-0.043963,-0.27322,0.96095), (0.14788,0.9495,0.27673), (-0.98803,0.15427,-0.001338), 1.1447, 2.1984, 4.6897, (gDx*19,gDy*0,gDz*0)),rgb(0,1,0.90625));
		draw(
			ellipsoid( (-0.39092,-0.37946,0.83856), (0.015074,0.9083,0.41805), (-0.9203,0.17606,-0.34935), 0.68929, 1.9796, 3.1586, (gDx*20,gDy*0,gDz*0)),rgb(0,0.90625,1));
		draw(
			ellipsoid( (0.57812,0.33532,-0.74386), (-0.16393,-0.84534,-0.50846), (-0.79931,0.4159,-0.43374), 1.4318, 2.4027, 3.6195, (gDx*21,gDy*0,gDz*0)),rgb(0,1,0.34375));
		draw(
			ellipsoid( (-0.24388,0.0035322,0.9698), (-0.098474,-0.99492,-0.02114), (0.96479,-0.10066,0.24299), 0.69617, 1.9363, 5.2154, (gDx*22,gDy*0,gDz*0)),rgb(0,0.53125,1));
		draw(
			ellipsoid( (-0.67051,-0.14445,0.7277), (-0.1321,0.98843,0.074491), (-0.73005,-0.04618,-0.68184), 1.1766, 3.0847, 3.9511, (gDx*23,gDy*0,gDz*0)),rgb(0,1,0.8125));
		draw(
			ellipsoid( (-0.97676,-0.18679,0.10513), (-0.16987,0.97371,0.15179), (0.13072,-0.1304,0.98281), 1.6248, 2.5311, 3.7092, (gDx*24,gDy*0,gDz*0)),rgb(0,1,0.15625));
		draw(
			ellipsoid( (-0.05052,-0.93161,0.35994), (0.92337,0.09376,0.37227), (-0.38056,0.35117,0.85549), 0.70719, 1.5079, 4.7384, (gDx*0,gDy*1,gDz*0)),rgb(0,0.625,1));
		draw(
			ellipsoid( (0.92775,0.32544,-0.18268), (-0.36941,0.87043,-0.3254), (0.053106,0.36937,0.92776), 0.70686, 1.4463, 4.4011, (gDx*1,gDy*1,gDz*0)),rgb(0,0.625,1));
		draw(
			ellipsoid( (-0.65749,0.56912,-0.49378), (0.66718,0.74427,-0.030542), (-0.35012,0.34952,0.86905), 1.0197, 1.977, 3.8477, (gDx*2,gDy*1,gDz*0)),rgb(0,1,0.90625));
		draw(
			ellipsoid( (-0.67949,-0.35747,-0.6407), (0.0261,0.86094,-0.50803), (-0.73322,0.36193,0.57567), 0.90558, 1.1644, 4.6122, (gDx*3,gDy*1,gDz*0)),rgb(0,0.71875,1));
		draw(
			ellipsoid( (-0.59219,-0.49161,-0.63846), (-0.081337,-0.75181,0.65434), (-0.80168,0.43942,0.40523), 0.77596, 1.507, 3.7732, (gDx*4,gDy*1,gDz*0)),rgb(0,0.90625,1));
		draw(
			ellipsoid( (-0.63224,-0.55431,-0.5413), (-0.19343,-0.56361,0.80308), (-0.75023,0.61245,0.24912), 0.87909, 1.2071, 3.4135, (gDx*5,gDy*1,gDz*0)),rgb(0,1,1));
		draw(
			ellipsoid( (-0.19164,-0.81299,-0.54984), (0.26174,-0.58227,0.76971), (-0.94592,0.0035916,0.32438), 0.70859, 2.0397, 3.7577, (gDx*6,gDy*1,gDz*0)),rgb(0,0.8125,1));
		draw(
			ellipsoid( (0.099198,0.95523,0.27874), (0.037676,-0.28352,0.95823), (-0.99435,0.084552,0.064114), 0.31103, 1.5075, 3.5644, (gDx*7,gDy*1,gDz*0)),rgb(0,0.25,1));
		draw(
			ellipsoid( (-0.0029867,0.96659,0.25632), (0.011006,-0.25627,0.96654), (-0.99993,-0.0057079,0.0098733), 0.70837, 1.8561, 2.5353, (gDx*8,gDy*1,gDz*0)),rgb(0,1,0.90625));
		draw(
			ellipsoid( (0.0017538,0.86257,0.50594), (0.0092455,-0.50593,0.86252), (-0.99996,-0.003165,0.0088621), 0.69916, 1.3249, 3.2908, (gDx*9,gDy*1,gDz*0)),rgb(0,0.90625,1));
		draw(
			ellipsoid( (-0.18164,0.40684,0.89526), (-0.27511,0.85303,-0.44347), (-0.9441,-0.32685,-0.043019), 0.80668, 1.8769, 3.0624, (gDx*10,gDy*1,gDz*0)),rgb(0,1,0.90625));
		draw(
			ellipsoid( (0.45609,-0.86295,0.21748), (0.30227,-0.079634,-0.94989), (0.83703,0.49897,0.22452), 0.58772, 1.014, 2.5764, (gDx*11,gDy*1,gDz*0)),rgb(0,1,1));
		draw(
			ellipsoid( (-0.50754,0.8462,-0.16235), (-0.099637,0.12951,0.98656), (-0.85585,-0.51689,-0.018579), 0.77921, 1.3439, 4.8136, (gDx*12,gDy*1,gDz*0)),rgb(0,0.625,1));
		draw(
			ellipsoid( (0.70404,-0.70713,0.065517), (0.01574,0.10777,0.99405), (-0.70999,-0.69882,0.087005), 0.7038, 2.4877, 4.84, (gDx*13,gDy*1,gDz*0)),rgb(0,0.53125,1));
		draw(
			ellipsoid( (-0.74127,0.63482,-0.21799), (-0.15067,0.1591,0.9757), (-0.65407,-0.7561,0.022287), 1.0079, 1.8993, 4.3211, (gDx*14,gDy*1,gDz*0)),rgb(0,1,1));
		draw(
			ellipsoid( (-0.52164,0.79127,-0.31902), (-0.22815,0.23093,0.94584), (-0.82209,-0.56618,-0.060068), 1.0235, 2.1157, 3.4925, (gDx*15,gDy*1,gDz*0)),rgb(0,1,0.71875));
		draw(
			ellipsoid( (-0.43678,0.77491,-0.45688), (-0.096359,0.46466,0.88023), (-0.89439,-0.42849,0.12828), 1.0415, 1.8059, 4.6231, (gDx*16,gDy*1,gDz*0)),rgb(0,0.90625,1));
		draw(
			ellipsoid( (0.2208,-0.60757,0.76296), (0.093434,0.79184,0.60354), (-0.97083,-0.061972,0.2316), 0.93916, 1.9517, 3.6754, (gDx*17,gDy*1,gDz*0)),rgb(0,1,0.90625));
		draw(
			ellipsoid( (0.10505,-0.46861,0.87714), (0.14313,0.87996,0.45297), (-0.98411,0.077961,0.15951), 1.0401, 2.2779, 5.7718, (gDx*18,gDy*1,gDz*0)),rgb(0,0.71875,1));
		draw(
			ellipsoid( (0.12602,0.91087,-0.39299), (-0.065894,0.40296,0.91284), (-0.98984,0.089137,-0.1108), 1.3522, 2.6977, 4.4434, (gDx*19,gDy*1,gDz*0)),rgb(0,1,0.71875));
		draw(
			ellipsoid( (-0.084146,-0.42211,0.90263), (0.21916,0.87582,0.43001), (-0.97205,0.234,0.018814), 1.0853, 2.8826, 5.4878, (gDx*20,gDy*1,gDz*0)),rgb(0,0.8125,1));
		draw(
			ellipsoid( (-0.23244,-0.31185,0.92126), (0.12889,0.92897,0.34698), (-0.96403,0.19939,-0.17574), 0.97891, 2.9657, 5.1293, (gDx*21,gDy*1,gDz*0)),rgb(0,0.8125,1));
		draw(
			ellipsoid( (0.45742,0.73276,-0.50381), (-0.31522,0.66338,0.67865), (0.8315,-0.15162,0.53443), 1.3926, 1.9416, 4.8337, (gDx*22,gDy*1,gDz*0)),rgb(0,1,0.8125));
		draw(
			ellipsoid( (0.35041,0.91068,-0.21878), (-0.33229,0.33928,0.88004), (0.87567,-0.23568,0.4215), 1.5379, 2.0384, 3.8111, (gDx*23,gDy*1,gDz*0)),rgb(0,1,0.34375));
		draw(
			ellipsoid( (-0.51834,0.18857,0.83412), (-0.42981,-0.90068,-0.063477), (0.73931,-0.39142,0.54791), 1.9661, 3.1571, 4.7942, (gDx*24,gDy*1,gDz*0)),rgb(0,1,0.25));
		draw(
			ellipsoid( (-0.77961,-0.408,-0.47514), (0.11765,-0.84058,0.52876), (-0.61512,0.35632,0.70332), 0.89631, 1.3644, 3.7807, (gDx*0,gDy*2,gDz*0)),rgb(0,1,1));
		draw(
			ellipsoid( (-0.9404,0.18251,-0.28696), (-0.29015,-0.87072,0.39707), (-0.17739,0.45666,0.87178), 0.34366, 1.5671, 3.8424, (gDx*1,gDy*2,gDz*0)),rgb(0,0.25,1));
		draw(
			ellipsoid( (0.98853,-0.14891,0.025078), (0.13875,0.83012,-0.54005), (0.059603,0.53733,0.84126), 0.81248, 1.4298, 2.9066, (gDx*2,gDy*2,gDz*0)),rgb(0,1,0.8125));
		draw(
			ellipsoid( (-0.42545,0.82388,-0.37444), (0.9009,0.34633,-0.26159), (0.085838,0.44863,0.88959), 0.88144, 1.9328, 4.876, (gDx*3,gDy*2,gDz*0)),rgb(0,0.71875,1));
		draw(
			ellipsoid( (-0.020632,0.82241,-0.56852), (0.81097,0.34633,0.47157), (-0.58472,0.45133,0.6741), 1.3846, 1.9587, 4.9458, (gDx*4,gDy*2,gDz*0)),rgb(0,1,0.8125));
		draw(
			ellipsoid( (-0.83764,-0.14495,-0.52664), (-0.36856,-0.56162,0.74078), (-0.40314,0.8146,0.41701), 0.97843, 1.7091, 3.1277, (gDx*5,gDy*2,gDz*0)),rgb(0,1,0.625));
		draw(
			ellipsoid( (0.6749,0.62373,0.39431), (0.10562,0.4472,-0.88817), (-0.73031,0.64107,0.23593), 1.1102, 1.3946, 3.2081, (gDx*6,gDy*2,gDz*0)),rgb(0,1,0.625));
		draw(
			ellipsoid( (0.094381,0.18776,0.97767), (0.6504,0.73187,-0.20334), (-0.7537,0.65507,-0.053044), 1.2031, 1.7638, 3.5333, (gDx*7,gDy*2,gDz*0)),rgb(0,1,0.53125));
		draw(
			ellipsoid( (-0.00873,-0.00082861,0.99996), (-0.62841,-0.77786,-0.0061308), (0.77784,-0.62844,0.00627), 0.55663, 1.5607, 3.16, (gDx*8,gDy*2,gDz*0)),rgb(0,0.71875,1));
		draw(
			ellipsoid( (0.1904,0.91188,0.36363), (-0.093251,-0.35193,0.93137), (-0.97727,0.21124,-0.018024), 0.69309, 1.2065, 3.4414, (gDx*9,gDy*2,gDz*0)),rgb(0,0.8125,1));
		draw(
			ellipsoid( (-0.072945,0.9612,0.26604), (0.24026,-0.24195,0.94007), (-0.96796,-0.13249,0.21329), 0.54804, 1.4309, 2.3962, (gDx*10,gDy*2,gDz*0)),rgb(0,1,1));
		draw(
			ellipsoid( (0.006495,0.29686,0.9549), (-0.13996,0.94579,-0.29307), (-0.99014,-0.13174,0.047691), 1.0774, 1.5183, 4.0653, (gDx*11,gDy*2,gDz*0)),rgb(0,1,0.90625));
		draw(
			ellipsoid( (0.10036,-0.98423,0.14569), (0.22308,-0.12045,-0.96733), (0.96962,0.12958,0.20747), 0.9231, 1.7583, 4.4208, (gDx*12,gDy*2,gDz*0)),rgb(0,0.90625,1));
		draw(
			ellipsoid( (-0.39702,0.90405,0.15835), (0.075692,-0.13969,0.9873), (-0.91468,-0.40397,0.01297), 1.3488, 2.3439, 6.2821, (gDx*13,gDy*2,gDz*0)),rgb(0,0.90625,1));
		draw(
			ellipsoid( (-0.52332,0.83173,0.18536), (0.19111,-0.097427,0.97672), (-0.83043,-0.54656,0.10796), 0.69153, 2.1356, 4.6362, (gDx*14,gDy*2,gDz*0)),rgb(0,0.625,1));
		draw(
			ellipsoid( (0.43785,-0.89903,0.0059637), (0.17095,0.089764,0.98118), (-0.88265,-0.42859,0.19299), 1.1101, 2.2938, 5.2756, (gDx*15,gDy*2,gDz*0)),rgb(0,0.90625,1));
		draw(
			ellipsoid( (0.18925,-0.97734,-0.094844), (0.40694,-0.009841,0.9134), (-0.89364,-0.21146,0.39585), 1.1515, 2.1427, 4.9118, (gDx*16,gDy*2,gDz*0)),rgb(0,1,1));
		draw(
			ellipsoid( (0.16266,-0.93997,0.29999), (0.54899,0.33885,0.76406), (-0.81985,0.040411,0.57115), 0.96966, 2.8999, 5.2371, (gDx*17,gDy*2,gDz*0)),rgb(0,0.8125,1));
		draw(
			ellipsoid( (0.16821,-0.77044,0.61492), (0.27215,0.63586,0.72222), (-0.94744,0.045867,0.31664), 0.67824, 2.2086, 4.2842, (gDx*18,gDy*2,gDz*0)),rgb(0,0.625,1));
		draw(
			ellipsoid( (0.081099,-0.33465,0.93885), (0.42476,0.86373,0.27118), (-0.90167,0.37679,0.21219), 1.7692, 3.1595, 4.1885, (gDx*19,gDy*2,gDz*0)),rgb(0,1,0.25));
		draw(
			ellipsoid( (0.048806,-0.23879,0.96984), (0.4807,0.85677,0.18676), (-0.87553,0.45709,0.1566), 0.86901, 2.8341, 4.7305, (gDx*20,gDy*2,gDz*0)),rgb(0,0.71875,1));
		draw(
			ellipsoid( (0.27315,0.61351,-0.74094), (-0.23813,-0.70314,-0.66999), (-0.93203,0.35945,-0.045967), 1.4351, 2.0467, 3.9635, (gDx*21,gDy*2,gDz*0)),rgb(0,1,0.53125));
		draw(
			ellipsoid( (0.52741,0.54349,-0.65304), (-0.14847,-0.69785,-0.70069), (-0.83654,0.4665,-0.28736), 1.4154, 2.2474, 4.2178, (gDx*22,gDy*2,gDz*0)),rgb(0,1,0.625));
		draw(
			ellipsoid( (0.42488,0.5009,-0.75404), (-0.087597,-0.80631,-0.58498), (-0.901,0.31459,-0.2987), 1.4492, 2.7806, 4.6721, (gDx*23,gDy*2,gDz*0)),rgb(0,1,0.71875));
		draw(
			ellipsoid( (-0.79054,-0.10201,0.60385), (0.29752,0.79788,0.52428), (-0.53528,0.59412,-0.60041), 1.1711, 2.5516, 3.5785, (gDx*24,gDy*2,gDz*0)),rgb(0,1,0.625));
		draw(
			ellipsoid( (-0.51317,0.12755,-0.84876), (0.33885,0.93867,-0.063812), (-0.78857,0.32035,0.52492), 0.85036, 1.4855, 3.5613, (gDx*0,gDy*3,gDz*0)),rgb(0,1,1));
		draw(
			ellipsoid( (-0.25149,0.81595,-0.52055), (0.88566,0.41091,0.21622), (-0.39032,0.40666,0.826), 0.84187, 1.1348, 3.9406, (gDx*1,gDy*3,gDz*0)),rgb(0,0.8125,1));
		draw(
			ellipsoid( (-0.47423,0.78276,-0.40298), (-0.86246,-0.32111,0.39121), (0.17682,0.53308,0.82738), 1.1022, 1.9899, 4.3162, (gDx*2,gDy*3,gDz*0)),rgb(0,1,0.90625));
		draw(
			ellipsoid( (-0.23613,0.83754,-0.49272), (0.88774,-0.020273,-0.4599), (0.39517,0.54601,0.73873), 0.81112, 1.3052, 4.2532, (gDx*3,gDy*3,gDz*0)),rgb(0,0.8125,1));
		draw(
			ellipsoid( (-0.491,0.73042,-0.47477), (0.86842,0.36719,-0.33319), (0.069041,0.5759,0.8146), 0.8765, 1.8101, 3.3051, (gDx*4,gDy*3,gDz*0)),rgb(0,1,0.90625));
		draw(
			ellipsoid( (-0.20321,0.56326,-0.80091), (0.91085,-0.19137,-0.36569), (0.35925,0.80382,0.47415), 1.1524, 1.6989, 3.5833, (gDx*5,gDy*3,gDz*0)),rgb(0,1,0.625));
		draw(
			ellipsoid( (-0.66779,0.24504,-0.70286), (0.73902,0.3311,-0.58671), (0.088947,-0.91122,-0.40219), 0.66753, 1.7788, 3.8341, (gDx*6,gDy*3,gDz*0)),rgb(0,0.71875,1));
		draw(
			ellipsoid( (0.73376,0.30236,0.60842), (-0.48332,-0.39708,0.78021), (-0.4775,0.86655,0.14522), 0.90103, 1.6121, 2.4657, (gDx*7,gDy*3,gDz*0)),rgb(0,1,0.4375));
		draw(
			ellipsoid( (-0.81118,-0.35214,-0.46689), (-0.3714,-0.30648,0.87643), (0.45172,-0.88434,-0.11783), 1.2217, 2.1948, 3.749, (gDx*8,gDy*3,gDz*0)),rgb(0,1,0.625));
		draw(
			ellipsoid( (0.40008,0.67547,0.61941), (0.4562,0.4394,-0.77383), (-0.79487,0.59217,-0.13235), 1.0662, 2.1182, 3.7427, (gDx*9,gDy*3,gDz*0)),rgb(0,1,0.8125));
		draw(
			ellipsoid( (0.3357,0.887,0.31708), (-0.095242,-0.30293,0.94824), (-0.93714,0.34852,0.017214), 0.84738, 1.8796, 3.3805, (gDx*10,gDy*3,gDz*0)),rgb(0,1,0.90625));
		draw(
			ellipsoid( (0.24613,0.92299,0.29582), (-0.068115,-0.28799,0.95521), (-0.96684,0.25526,0.0080137), 1.4967, 1.748, 2.9573, (gDx*11,gDy*3,gDz*0)),rgb(0.03125,1,0));
		draw(
			ellipsoid( (0.046679,0.9729,0.22646), (-0.060113,-0.22356,0.97284), (-0.9971,0.059024,-0.048049), 0.77278, 1.6889, 3.3578, (gDx*12,gDy*3,gDz*0)),rgb(0,1,1));
		draw(
			ellipsoid( (-0.09528,0.98281,-0.15811), (0.012724,0.16002,0.98703), (-0.99537,-0.092033,0.027753), 1.0109, 1.2345, 5.0002, (gDx*13,gDy*3,gDz*0)),rgb(0,0.71875,1));
		draw(
			ellipsoid( (0.24036,-0.81572,-0.52615), (0.25419,-0.47023,0.84515), (-0.93681,-0.33688,0.094316), 1.099, 2.0502, 4.5213, (gDx*14,gDy*3,gDz*0)),rgb(0,1,1));
		draw(
			ellipsoid( (0.41999,-0.89218,0.1662), (0.11291,0.23308,0.96588), (-0.90048,-0.38689,0.19863), 1.3217, 2.0001, 5.3873, (gDx*15,gDy*3,gDz*0)),rgb(0,1,1));
		draw(
			ellipsoid( (0.28512,-0.93475,-0.21204), (0.3476,-0.10532,0.93171), (-0.89324,-0.33935,0.29488), 0.9341, 2.3159, 4.8597, (gDx*16,gDy*3,gDz*0)),rgb(0,0.8125,1));
		draw(
			ellipsoid( (-0.20672,0.94255,-0.26242), (-0.32307,-0.31893,-0.89101), (-0.92352,-0.099411,0.37044), 0.87489, 2.6045, 5.0813, (gDx*17,gDy*3,gDz*0)),rgb(0,0.71875,1));
		draw(
			ellipsoid( (0.25361,-0.69221,0.67567), (0.29845,0.72042,0.62603), (-0.92012,0.042887,0.38929), 1.0655, 2.4904, 4.2808, (gDx*18,gDy*3,gDz*0)),rgb(0,1,0.90625));
		draw(
			ellipsoid( (0.098909,-0.35066,0.93127), (0.78299,0.60498,0.14464), (-0.61412,0.71487,0.3344), 1.1141, 2.3106, 3.7467, (gDx*19,gDy*3,gDz*0)),rgb(0,1,0.71875));
		draw(
			ellipsoid( (-0.037857,-0.63706,0.76988), (0.39297,0.69887,0.59763), (-0.91877,0.32516,0.22389), 0.6725, 2.4428, 4.3198, (gDx*20,gDy*3,gDz*0)),rgb(0,0.625,1));
		draw(
			ellipsoid( (0.016361,-0.22568,0.97406), (0.26401,0.9406,0.21349), (-0.96438,0.25367,0.074972), 1.0197, 2.2729, 3.5609, (gDx*21,gDy*3,gDz*0)),rgb(0,1,0.8125));
		draw(
			ellipsoid( (0.07167,-0.10228,0.99217), (0.26071,0.96207,0.080344), (-0.96275,0.25291,0.095616), 1.9047, 2.9469, 4.3691, (gDx*22,gDy*3,gDz*0)),rgb(0,1,0.15625));
		draw(
			ellipsoid( (0.35415,0.93306,0.063114), (-0.39147,0.086617,0.9161), (0.84931,-0.34914,0.39594), 2.4589, 2.5889, 4.4383, (gDx*23,gDy*3,gDz*0)),rgb(0.125,1,0));
		draw(
			ellipsoid( (-0.18599,0.37344,0.90882), (0.76196,0.6388,-0.10655), (-0.62034,0.67267,-0.40335), 1.8898, 2.9048, 4.1345, (gDx*24,gDy*3,gDz*0)),rgb(0,1,0.0625));
		draw(
			ellipsoid( (0.012739,-0.35204,0.9359), (0.55678,0.77995,0.2858), (-0.83056,0.51745,0.20594), 0.84832, 1.6047, 4.0113, (gDx*0,gDy*4,gDz*0)),rgb(0,0.90625,1));
		draw(
			ellipsoid( (-0.32085,0.20458,-0.92477), (0.72724,0.67874,-0.10217), (-0.60678,0.70531,0.36655), 0.75117, 0.98604, 3.5986, (gDx*1,gDy*4,gDz*0)),rgb(0,0.8125,1));
		draw(
			ellipsoid( (0.37292,-0.55769,0.74156), (-0.8495,-0.52667,0.031127), (0.37319,-0.64156,-0.67017), 0.53085, 1.5418, 2.7782, (gDx*2,gDy*4,gDz*0)),rgb(0,0.8125,1));
		draw(
			ellipsoid( (0.7727,0.28144,-0.56897), (0.4902,-0.83403,0.25317), (0.40329,0.47453,0.78242), 0.87853, 1.5556, 3.6815, (gDx*3,gDy*4,gDz*0)),rgb(0,1,1));
		draw(
			ellipsoid( (0.095565,0.83228,-0.54606), (0.97613,-0.18583,-0.1124), (0.19502,0.52229,0.83017), 0.90971, 1.4718, 3.2795, (gDx*4,gDy*4,gDz*0)),rgb(0,1,0.8125));
		draw(
			ellipsoid( (0.59131,-0.79302,0.14656), (0.59442,0.30577,-0.74375), (0.54499,0.5269,0.65219), 1.1343, 1.902, 3.763, (gDx*5,gDy*4,gDz*0)),rgb(0,1,0.71875));
		draw(
			ellipsoid( (-0.65921,0.65532,-0.36878), (-0.62933,-0.21237,0.74756), (0.41158,0.72488,0.55241), 0.63734, 1.8272, 4.1594, (gDx*6,gDy*4,gDz*0)),rgb(0,0.625,1));
		draw(
			ellipsoid( (-0.57832,0.2945,-0.7608), (0.80423,0.0492,-0.59228), (-0.137,-0.95438,-0.2653), 0.98986, 1.5934, 4.4085, (gDx*7,gDy*4,gDz*0)),rgb(0,0.90625,1));
		draw(
			ellipsoid( (-0.86227,-0.034253,-0.50528), (0.49642,0.14033,-0.85666), (0.10025,-0.98951,-0.104), 0.82543, 1.6005, 3.2372, (gDx*8,gDy*4,gDz*0)),rgb(0,1,0.90625));
		draw(
			ellipsoid( (0.74169,-0.055018,0.66848), (0.64907,-0.1924,-0.736), (0.16911,0.97977,-0.10699), 0.68426, 1.8611, 3.618, (gDx*9,gDy*4,gDz*0)),rgb(0,0.8125,1));
		draw(
			ellipsoid( (0.5837,0.80482,0.10751), (-0.11122,-0.051913,0.99244), (-0.80431,0.59125,-0.05921), 1.0033, 1.825, 3.0785, (gDx*10,gDy*4,gDz*0)),rgb(0,1,0.625));
		draw(
			ellipsoid( (-0.41476,-0.8449,-0.33781), (0.1337,-0.42381,0.89583), (0.90005,-0.3264,-0.28874), 0.94286, 2.3768, 3.3458, (gDx*11,gDy*4,gDz*0)),rgb(0,1,0.8125));
		draw(
			ellipsoid( (0.31508,0.8794,-0.35692), (0.070431,0.35337,0.93283), (-0.94645,0.31905,-0.049402), 0.77001, 1.9591, 5.3549, (gDx*12,gDy*4,gDz*0)),rgb(0,0.625,1));
		draw(
			ellipsoid( (0.13023,0.96906,-0.20968), (-0.0030863,0.21188,0.97729), (-0.99148,0.12662,-0.030583), 1.079, 2.4635, 5.3226, (gDx*13,gDy*4,gDz*0)),rgb(0,0.90625,1));
		draw(
			ellipsoid( (-0.071229,-0.74275,0.66576), (0.17498,0.6478,0.74144), (-0.98199,0.16931,0.083828), 1.1386, 2.1002, 4.2822, (gDx*14,gDy*4,gDz*0)),rgb(0,1,0.8125));
		draw(
			ellipsoid( (-0.082337,0.98999,-0.11463), (-0.26577,-0.13267,-0.95486), (-0.96051,-0.048154,0.27404), 0.70363, 1.8356, 3.752, (gDx*15,gDy*4,gDz*0)),rgb(0,0.8125,1));
		draw(
			ellipsoid( (0.12822,-0.99061,0.047349), (0.49328,0.10512,0.86349), (-0.86037,-0.087362,0.50213), 1.1813, 2.0833, 4.1115, (gDx*16,gDy*4,gDz*0)),rgb(0,1,0.8125));
		draw(
			ellipsoid( (0.32948,-0.90569,0.26676), (0.25678,0.35785,0.89778), (-0.90858,-0.2273,0.35046), 1.3094, 1.8354, 3.4996, (gDx*17,gDy*4,gDz*0)),rgb(0,1,0.4375));
		draw(
			ellipsoid( (-0.18503,0.94361,-0.27451), (-0.44196,-0.32939,-0.83437), (-0.87774,-0.033061,0.47799), 1.1262, 2.0529, 5.4358, (gDx*18,gDy*4,gDz*0)),rgb(0,0.90625,1));
		draw(
			ellipsoid( (0.021862,-0.59478,0.80359), (0.32986,0.76307,0.55581), (-0.94378,0.25292,0.21287), 0.69151, 2.8374, 5.7383, (gDx*19,gDy*4,gDz*0)),rgb(0,0.4375,1));
		draw(
			ellipsoid( (-0.071881,-0.73973,0.66905), (0.86395,0.28902,0.41237), (-0.49842,0.60767,0.61831), 1.7186, 2.861, 3.9891, (gDx*20,gDy*4,gDz*0)),rgb(0,1,0.25));
		draw(
			ellipsoid( (-0.29515,-0.72089,0.62706), (0.72014,0.26347,0.64186), (-0.62792,0.64102,0.44137), 1.291, 2.6873, 4.4022, (gDx*21,gDy*4,gDz*0)),rgb(0,1,0.71875));
		draw(
			ellipsoid( (0.28142,-0.31821,0.90529), (-0.95659,-0.16751,0.23848), (0.075757,-0.9331,-0.35154), 1.6885, 2.8975, 3.6724, (gDx*22,gDy*4,gDz*0)),rgb(0,1,0.15625));
		draw(
			ellipsoid( (-0.14526,-0.042332,0.98849), (-0.76668,-0.62669,-0.1395), (0.62539,-0.77811,0.058579), 2.2546, 3.154, 5.0091, (gDx*23,gDy*4,gDz*0)),rgb(0,1,0.15625));
		draw(
			ellipsoid( (0.17808,0.33692,0.92454), (0.85849,0.40599,-0.31331), (-0.48092,0.8495,-0.21694), 1.5516, 2.9776, 4.6021, (gDx*24,gDy*4,gDz*0)),rgb(0,1,0.53125));
		draw(
			ellipsoid( (-0.033867,-0.18542,0.98208), (0.84237,0.5235,0.12789), (-0.53783,0.8316,0.13846), 0.71319, 1.4874, 4.9725, (gDx*0,gDy*5,gDz*0)),rgb(0,0.53125,1));
		draw(
			ellipsoid( (0.35032,-0.13304,0.92713), (-0.81952,-0.52282,0.23464), (0.45351,-0.842,-0.29218), 0.84921, 1.4488, 4.2839, (gDx*1,gDy*5,gDz*0)),rgb(0,0.8125,1));
		draw(
			ellipsoid( (-0.50676,0.48203,-0.71474), (0.86139,0.24963,-0.44238), (0.03482,0.83984,0.54171), 0.55351, 1.6192, 4.2721, (gDx*2,gDy*5,gDz*0)),rgb(0,0.53125,1));
		draw(
			ellipsoid( (-0.28453,0.57425,-0.76765), (0.89762,-0.12159,-0.42366), (0.33663,0.8096,0.48086), 0.62504, 1.4745, 3.8623, (gDx*3,gDy*5,gDz*0)),rgb(0,0.71875,1));
		draw(
			ellipsoid( (0.53555,-0.79584,0.28251), (0.71321,0.24709,-0.65596), (0.45223,0.55279,0.69993), 1.0642, 1.7772, 3.4124, (gDx*4,gDy*5,gDz*0)),rgb(0,1,0.625));
		draw(
			ellipsoid( (0.24061,-0.96095,0.13668), (0.56442,0.023966,-0.82514), (0.78964,0.27568,0.54815), 0.88185, 2.0652, 3.8405, (gDx*5,gDy*5,gDz*0)),rgb(0,1,1));
		draw(
			ellipsoid( (-0.018376,0.83582,-0.54869), (0.75538,-0.34793,-0.55529), (0.65503,0.42467,0.62497), 0.86597, 2.0453, 3.5871, (gDx*6,gDy*5,gDz*0)),rgb(0,1,1));
		draw(
			ellipsoid( (0.52534,-0.73728,0.42479), (0.51891,-0.11806,-0.84664), (0.67436,0.6652,0.32056), 1.2103, 1.5134, 2.8683, (gDx*7,gDy*5,gDz*0)),rgb(0,1,0.25));
		draw(
			ellipsoid( (-0.30282,0.83033,-0.46782), (-0.71436,0.12718,0.68813), (0.63087,0.54257,0.55464), 0.90264, 1.5007, 2.3721, (gDx*8,gDy*5,gDz*0)),rgb(0,1,0.4375));
		draw(
			ellipsoid( (0.85763,-0.43692,0.27123), (0.34455,0.096663,-0.93378), (0.38177,0.89429,0.23344), 0.70009, 1.6207, 3.7823, (gDx*9,gDy*5,gDz*0)),rgb(0,0.8125,1));
		draw(
			ellipsoid( (-0.96027,-0.044333,-0.27553), (-0.27358,-0.045382,0.96078), (0.055099,-0.99799,-0.03145), 1.5619, 2.1949, 3.3047, (gDx*10,gDy*5,gDz*0)),rgb(0,1,0.0625));
		draw(
			ellipsoid( (-0.54195,-0.45859,-0.70426), (-0.40561,-0.59122,0.6971), (-0.73605,0.66345,0.1344), 0.83765, 1.5677, 3.0562, (gDx*11,gDy*5,gDz*0)),rgb(0,1,0.8125));
		draw(
			ellipsoid( (0.50051,0.85885,-0.10895), (-0.106,-0.064106,-0.9923), (-0.85922,0.5082,0.058951), 1.242, 1.9645, 5.8484, (gDx*12,gDy*5,gDz*0)),rgb(0,0.90625,1));
		draw(
			ellipsoid( (0.45444,0.84721,-0.27518), (0.13791,0.23828,0.96135), (-0.88004,0.47483,0.0085569), 0.87931, 2.8346, 5.1346, (gDx*13,gDy*5,gDz*0)),rgb(0,0.71875,1));
		draw(
			ellipsoid( (0.33711,0.89659,-0.28721), (0.27599,0.19755,0.94064), (-0.9001,0.39637,0.18086), 1.2574, 2.6544, 4.4603, (gDx*14,gDy*5,gDz*0)),rgb(0,1,0.8125));
		draw(
			ellipsoid( (0.25458,0.93174,-0.25895), (-0.49488,-0.10453,-0.86265), (-0.83083,0.34776,0.43449), 1.2439, 2.1994, 3.8831, (gDx*15,gDy*5,gDz*0)),rgb(0,1,0.625));
		draw(
			ellipsoid( (0.036384,0.99387,-0.1044), (-0.49107,-0.073208,-0.86804), (-0.87036,0.082852,0.4854), 0.2295, 2.4795, 4.6154, (gDx*16,gDy*5,gDz*0)),rgb(0.125,0,1));
		draw(
			ellipsoid( (0.14902,-0.88908,0.43282), (0.23824,0.4571,0.85692), (-0.95971,-0.024586,0.27993), 1.1361, 1.8956, 4.0093, (gDx*17,gDy*5,gDz*0)),rgb(0,1,0.8125));
		draw(
			ellipsoid( (-0.026351,0.94892,-0.31441), (-0.29298,-0.30804,-0.90514), (-0.95575,0.068266,0.28614), 1.1386, 2.1464, 4.0618, (gDx*18,gDy*5,gDz*0)),rgb(0,1,0.8125));
		draw(
			ellipsoid( (-0.060886,-0.63952,0.76636), (0.5531,0.61751,0.55925), (-0.83089,0.45793,0.31612), 1.6761, 2.7149, 4.3424, (gDx*19,gDy*5,gDz*0)),rgb(0,1,0.34375));
		draw(
			ellipsoid( (-0.063015,0.90932,-0.4113), (0.92199,0.21081,0.32481), (-0.38206,0.35875,0.85166), 2.3236, 3.3074, 5.5462, (gDx*20,gDy*5,gDz*0)),rgb(0,1,0.25));
		draw(
			ellipsoid( (-0.087419,-0.35244,0.93174), (0.52661,0.7776,0.34354), (-0.8456,0.5207,0.11762), 1.4164, 3.1418, 4.0704, (gDx*21,gDy*5,gDz*0)),rgb(0,1,0.625));
		draw(
			ellipsoid( (-0.06044,-0.44619,0.8929), (0.48256,0.76999,0.41744), (-0.87378,0.4561,0.16877), 1.6748, 2.6792, 3.6737, (gDx*22,gDy*5,gDz*0)),rgb(0,1,0.15625));
		draw(
			ellipsoid( (-0.29619,-0.46903,0.83204), (0.67065,0.51814,0.53082), (-0.68008,0.71522,0.16109), 1.8634, 2.401, 4.5092, (gDx*23,gDy*5,gDz*0)),rgb(0,1,0.34375));
		draw(
			ellipsoid( (-0.26531,-0.19344,0.94456), (0.64795,0.68969,0.32324), (-0.71398,0.69779,-0.057639), 1.621, 3.3274, 4.2068, (gDx*24,gDy*5,gDz*0)),rgb(0,1,0.4375));
		draw(
			ellipsoid( (-0.78048,-0.14475,0.60819), (0.61924,-0.04524,0.7839), (-0.085955,0.98843,0.12494), 1.0901, 1.6011, 3.3146, (gDx*0,gDy*6,gDz*0)),rgb(0,1,0.625));
		draw(
			ellipsoid( (-0.28441,-0.14172,0.94817), (0.95656,-0.10806,0.27078), (0.06408,0.98399,0.1663), 0.79383, 1.1398, 3.8612, (gDx*1,gDy*6,gDz*0)),rgb(0,0.8125,1));
		draw(
			ellipsoid( (-0.28286,-0.26678,0.92131), (0.95643,-0.0060248,0.2919), (-0.072324,0.96374,0.25686), 1.1298, 1.3282, 3.8674, (gDx*2,gDy*6,gDz*0)),rgb(0,1,0.90625));
		draw(
			ellipsoid( (0.036817,-0.45366,0.89041), (-0.76065,0.56515,0.31939), (-0.64811,-0.68906,-0.32427), 0.54571, 1.9954, 3.4523, (gDx*3,gDy*6,gDz*0)),rgb(0,0.625,1));
		draw(
			ellipsoid( (-0.13539,0.63825,-0.75783), (0.80627,-0.37357,-0.45867), (-0.57585,-0.67312,-0.46402), 0.79775, 1.7385, 4.1841, (gDx*4,gDy*6,gDz*0)),rgb(0,0.8125,1));
		draw(
			ellipsoid( (0.56487,-0.81912,-0.099772), (0.68451,0.53267,-0.4977), (0.46082,0.21284,0.86159), 1.2385, 1.3944, 3.4868, (gDx*5,gDy*6,gDz*0)),rgb(0,1,0.625));
		draw(
			ellipsoid( (-0.090132,-0.97024,0.22474), (0.834,-0.19687,-0.51545), (0.54436,0.14098,0.82692), 0.88183, 1.7687, 3.0881, (gDx*6,gDy*6,gDz*0)),rgb(0,1,0.8125));
		draw(
			ellipsoid( (0.062104,0.9096,-0.41082), (-0.39647,0.40023,0.82621), (-0.91594,-0.11157,-0.38549), 1.2096, 2.6441, 3.9111, (gDx*7,gDy*6,gDz*0)),rgb(0,1,0.71875));
		draw(
			ellipsoid( (-0.10769,0.82705,-0.55172), (0.37123,-0.48135,-0.79403), (-0.92227,-0.29032,-0.25519), 0.67656, 1.8241, 3.3597, (gDx*8,gDy*6,gDz*0)),rgb(0,0.8125,1));
		draw(
			ellipsoid( (-0.59755,0.75648,-0.26586), (-0.28428,0.11015,0.95239), (-0.74975,-0.64468,-0.14923), 0.88914, 2.1352, 3.9597, (gDx*9,gDy*6,gDz*0)),rgb(0,1,1));
		draw(
			ellipsoid( (0.51579,-0.80397,0.29597), (-0.31851,0.14075,0.93741), (0.79531,0.57778,0.18348), 1.0787, 2.6061, 3.5127, (gDx*10,gDy*6,gDz*0)),rgb(0,1,0.71875));
		draw(
			ellipsoid( (-0.74887,0.48912,-0.44717), (-0.37676,0.2409,0.89444), (-0.54521,-0.83829,-0.0038811), 1.1731, 2.3773, 3.3015, (gDx*11,gDy*6,gDz*0)),rgb(0,1,0.53125));
		draw(
			ellipsoid( (-0.834,0.019489,0.55142), (0.54103,0.22505,0.81033), (0.1083,-0.97415,0.19823), 1.3057, 2.6572, 2.8615, (gDx*12,gDy*6,gDz*0)),rgb(0,1,0.25));
		draw(
			ellipsoid( (0.92046,0.38955,0.031756), (0.021532,0.030585,-0.9993), (-0.39024,0.9205,0.019765), 0.90704, 2.0989, 5.4206, (gDx*13,gDy*6,gDz*0)),rgb(0,0.71875,1));
		draw(
			ellipsoid( (0.4997,0.64559,-0.57751), (0.32676,0.47697,0.81592), (-0.8022,0.59642,-0.027388), 1.0306, 3.1705, 5.2186, (gDx*14,gDy*6,gDz*0)),rgb(0,0.8125,1));
		draw(
			ellipsoid( (0.40364,0.819,-0.40781), (0.24755,0.33134,0.91046), (-0.88079,0.46845,0.069), 1.2038, 2.5897, 3.9406, (gDx*15,gDy*6,gDz*0)),rgb(0,1,0.71875));
		draw(
			ellipsoid( (0.093668,0.83014,-0.54964), (0.335,0.49359,0.80258), (-0.93755,0.25931,0.23186), 0.89991, 3.215, 4.027, (gDx*16,gDy*6,gDz*0)),rgb(0,0.8125,1));
		draw(
			ellipsoid( (0.20835,0.65828,-0.72337), (0.74218,0.37528,0.55528), (-0.637,0.65256,0.41037), 1.3795, 1.6643, 3.0483, (gDx*17,gDy*6,gDz*0)),rgb(0,1,0.15625));
		draw(
			ellipsoid( (-0.020913,-0.98164,-0.1896), (0.17414,-0.19032,0.96615), (-0.9845,-0.012811,0.17492), 1.7988, 2.0959, 4.8822, (gDx*18,gDy*6,gDz*0)),rgb(0,1,0.53125));
		draw(
			ellipsoid( (0.15071,-0.89975,0.40955), (0.78166,0.36209,0.50784), (-0.60522,0.24359,0.75787), 1.0253, 1.7828, 4.1866, (gDx*19,gDy*6,gDz*0)),rgb(0,1,1));
		draw(
			ellipsoid( (-0.26899,0.38317,-0.88364), (0.48381,0.84706,0.22003), (-0.83281,0.36833,0.41323), 2.0976, 2.3386, 5.3224, (gDx*20,gDy*6,gDz*0)),rgb(0,1,0.4375));
		draw(
			ellipsoid( (0.14421,-0.5756,0.80492), (0.77561,0.57089,0.26929), (-0.61452,0.58547,0.52876), 1.7043, 2.5269, 4.0366, (gDx*21,gDy*6,gDz*0)),rgb(0,1,0.25));
		draw(
			ellipsoid( (-0.49347,-0.28337,0.8223), (0.86264,-0.038734,0.50433), (-0.11106,0.95823,0.26357), 1.4859, 2.3229, 3.8465, (gDx*22,gDy*6,gDz*0)),rgb(0,1,0.34375));
		draw(
			ellipsoid( (-0.17496,-0.27169,0.94635), (0.9529,0.19514,0.23219), (-0.24775,0.94239,0.22475), 1.2563, 2.767, 3.3131, (gDx*23,gDy*6,gDz*0)),rgb(0,1,0.53125));
		draw(
			ellipsoid( (-0.31158,-0.10309,0.94461), (0.94885,0.019712,0.31512), (-0.051106,0.99448,0.091675), 1.6975, 2.7841, 4.8309, (gDx*24,gDy*6,gDz*0)),rgb(0,1,0.53125));
		draw(
			ellipsoid( (0.10029,0.0039226,0.99495), (0.77902,-0.62236,-0.076071), (0.61892,0.78272,-0.065472), 0.66881, 1.5001, 3.2681, (gDx*0,gDy*7,gDz*0)),rgb(0,0.90625,1));
		draw(
			ellipsoid( (0.063246,-0.11257,0.99163), (-0.86938,0.48171,0.11013), (-0.49007,-0.86907,-0.067403), 0.67388, 1.551, 3.0207, (gDx*1,gDy*7,gDz*0)),rgb(0,1,1));
		draw(
			ellipsoid( (0.20172,-0.48285,0.85215), (-0.85951,0.32991,0.39039), (-0.46964,-0.81118,-0.34846), 0.94715, 1.5985, 2.7771, (gDx*2,gDy*7,gDz*0)),rgb(0,1,0.53125));
		draw(
			ellipsoid( (-0.53963,0.66922,-0.51082), (-0.7181,-0.04916,0.6942), (0.43946,0.74144,0.5071), 1.0368, 1.6367, 4.0942, (gDx*3,gDy*7,gDz*0)),rgb(0,1,0.90625));
		draw(
			ellipsoid( (-0.23594,0.71775,-0.65511), (0.8844,-0.12077,-0.45083), (0.4027,0.68574,0.60629), 0.69151, 1.8134, 3.3166, (gDx*4,gDy*7,gDz*0)),rgb(0,0.90625,1));
		draw(
			ellipsoid( (-0.12837,0.74491,-0.6547), (0.57431,-0.48237,-0.66143), (-0.80851,-0.46091,-0.36588), 0.97959, 1.6281, 3.3317, (gDx*5,gDy*7,gDz*0)),rgb(0,1,0.71875));
		draw(
			ellipsoid( (0.052695,-0.99011,0.13003), (0.29638,-0.10884,-0.94885), (0.95361,0.088539,0.28772), 0.75598, 1.8208, 3.109, (gDx*6,gDy*7,gDz*0)),rgb(0,1,1));
		draw(
			ellipsoid( (-0.13032,-0.98627,0.10143), (0.88737,-0.16166,-0.43179), (0.44226,0.033733,0.89625), 1.3043, 1.9447, 3.6103, (gDx*7,gDy*7,gDz*0)),rgb(0,1,0.4375));
		draw(
			ellipsoid( (-0.16851,-0.97314,0.15683), (0.13797,-0.18082,-0.97379), (0.976,-0.14246,0.16473), 0.80295, 1.5167, 3.0536, (gDx*8,gDy*7,gDz*0)),rgb(0,1,0.90625));
		draw(
			ellipsoid( (-0.11392,0.80782,-0.57831), (0.26371,-0.53663,-0.80155), (-0.95785,-0.24382,-0.1519), 0.86039, 1.6444, 3.5348, (gDx*9,gDy*7,gDz*0)),rgb(0,1,1));
		draw(
			ellipsoid( (0.14469,-0.54094,0.82852), (-0.46763,0.70054,0.53905), (-0.872,-0.46543,-0.1516), 0.86051, 1.6566, 3.0943, (gDx*10,gDy*7,gDz*0)),rgb(0,1,0.8125));
		draw(
			ellipsoid( (0.61829,-0.78178,-0.080844), (-0.1653,-0.028788,-0.98582), (0.76837,0.62289,-0.14703), 0.60536, 1.5783, 2.3438, (gDx*11,gDy*7,gDz*0)),rgb(0,1,0.90625));
		draw(
			ellipsoid( (0.73872,-0.67388,0.01368), (0.18503,0.18324,-0.9655), (0.64812,0.71576,0.26005), 0.78023, 2.2467, 3.3902, (gDx*12,gDy*7,gDz*0)),rgb(0,0.90625,1));
		draw(
			ellipsoid( (-0.80798,0.56909,-0.15263), (-0.14198,0.063363,0.98784), (-0.57184,-0.81983,-0.029604), 1.0174, 2.7996, 4.0298, (gDx*13,gDy*7,gDz*0)),rgb(0,1,1));
		draw(
			ellipsoid( (-0.98686,-0.051701,0.15308), (0.14976,0.062968,0.98672), (0.060654,-0.99668,0.054398), 0.50316, 2.6022, 4.7866, (gDx*14,gDy*7,gDz*0)),rgb(0,0.34375,1));
		draw(
			ellipsoid( (0.62745,0.32388,-0.7081), (-0.60262,-0.37391,-0.70501), (-0.49311,0.86907,-0.03943), 1.0116, 2.4598, 3.4042, (gDx*15,gDy*7,gDz*0)),rgb(0,1,0.8125));
		draw(
			ellipsoid( (0.4924,0.7198,-0.48932), (0.42402,0.29258,0.85709), (-0.7601,0.62951,0.16114), 1.2953, 3.2138, 5.1428, (gDx*16,gDy*7,gDz*0)),rgb(0,1,0.90625));
		draw(
			ellipsoid( (0.88194,0.47124,-0.010815), (-0.1488,0.25657,-0.955), (-0.44726,0.84387,0.2964), 1.6691, 2.6832, 4.6028, (gDx*17,gDy*7,gDz*0)),rgb(0,1,0.4375));
		draw(
			ellipsoid( (0.19721,0.95605,-0.21697), (-0.30527,-0.15043,-0.94031), (-0.93162,0.25167,0.26218), 1.054, 2.2595, 4.3687, (gDx*18,gDy*7,gDz*0)),rgb(0,1,1));
		draw(
			ellipsoid( (-0.20588,-0.97432,-0.091222), (0.20708,-0.13449,0.96904), (-0.95641,0.18062,0.22945), 1.5126, 2.5594, 4.3777, (gDx*19,gDy*7,gDz*0)),rgb(0,1,0.53125));
		draw(
			ellipsoid( (0.079287,-0.9142,0.39743), (0.89224,0.24288,0.38068), (0.44454,-0.32442,-0.83494), 1.3022, 2.9658, 3.3581, (gDx*20,gDy*7,gDz*0)),rgb(0,1,0.53125));
		draw(
			ellipsoid( (0.14779,0.71762,-0.68058), (0.9619,0.055755,0.26767), (-0.23003,0.6942,0.68203), 1.4914, 2.7407, 4.797, (gDx*21,gDy*7,gDz*0)),rgb(0,1,0.71875));
		draw(
			ellipsoid( (-0.0097018,-0.56418,0.8256), (0.81046,0.47917,0.33697), (-0.58571,0.67239,0.4526), 1.8465, 2.6712, 4.3454, (gDx*22,gDy*7,gDz*0)),rgb(0,1,0.25));
		draw(
			ellipsoid( (-0.1049,-0.50761,0.85518), (-0.74782,0.60712,0.26864), (-0.65556,-0.61134,-0.44329), 1.2929, 2.6766, 3.3209, (gDx*23,gDy*7,gDz*0)),rgb(0,1,0.4375));
		draw(
			ellipsoid( (-0.11261,-0.080183,0.9904), (-0.89523,0.44068,-0.066109), (-0.43115,-0.89408,-0.12141), 2.4347, 3.5955, 3.8563, (gDx*24,gDy*7,gDz*0)),rgb(0.5,1,0));
		draw(
			ellipsoid( (0.49241,-0.58566,-0.64385), (0.70072,-0.17203,0.69238), (-0.51626,-0.79209,0.32567), 0.78932, 1.4552, 3.6758, (gDx*0,gDy*8,gDz*0)),rgb(0,0.90625,1));
		draw(
			ellipsoid( (0.098763,0.07277,0.99245), (-0.68728,0.72623,0.015145), (-0.71964,-0.68359,0.12174), 0.78408, 1.3468, 4.2859, (gDx*1,gDy*8,gDz*0)),rgb(0,0.71875,1));
		draw(
			ellipsoid( (-0.046151,0.058522,0.99722), (-0.74054,0.66799,-0.073472), (-0.67043,-0.74187,0.01251), 0.97415, 2.3795, 3.8617, (gDx*2,gDy*8,gDz*0)),rgb(0,1,0.90625));
		draw(
			ellipsoid( (0.87387,-0.25672,-0.41285), (-0.26506,0.46031,-0.84726), (0.40755,0.84983,0.33421), 1.1202, 1.3755, 3.2643, (gDx*3,gDy*8,gDz*0)),rgb(0,1,0.625));
		draw(
			ellipsoid( (-0.29362,0.58329,-0.75734), (0.80028,-0.28331,-0.52847), (-0.52281,-0.76125,-0.38361), 1.3655, 2.0739, 3.3622, (gDx*4,gDy*8,gDz*0)),rgb(0,1,0.34375));
		draw(
			ellipsoid( (-0.13705,0.7023,-0.69856), (0.64215,-0.47397,-0.60249), (-0.75423,-0.53115,-0.38602), 0.8428, 1.9531, 2.6348, (gDx*5,gDy*8,gDz*0)),rgb(0,1,0.71875));
		draw(
			ellipsoid( (-0.032049,0.92804,-0.3711), (0.51358,-0.30323,-0.80268), (-0.85744,-0.21631,-0.4669), 0.56937, 2.0711, 3.133, (gDx*6,gDy*8,gDz*0)),rgb(0,0.71875,1));
		draw(
			ellipsoid( (0.17697,0.94182,-0.28576), (0.75315,-0.3165,-0.5767), (0.63359,0.11317,0.76535), 0.76882, 2.0143, 2.629, (gDx*7,gDy*8,gDz*0)),rgb(0,1,0.8125));
		draw(
			ellipsoid( (-0.1724,-0.98159,0.082184), (0.84992,-0.19041,-0.4913), (0.49791,-0.014851,0.8671), 0.78964, 1.7843, 2.9556, (gDx*8,gDy*8,gDz*0)),rgb(0,1,0.90625));
		draw(
			ellipsoid( (-0.077334,0.9287,-0.36268), (-0.25103,0.33392,0.90856), (-0.96489,-0.16131,-0.20731), 1.292, 1.953, 2.8262, (gDx*9,gDy*8,gDz*0)),rgb(0,1,0.0625));
		draw(
			ellipsoid( (-0.0093174,0.7873,0.6165), (0.26419,-0.59268,0.76087), (-0.96443,-0.16996,0.20247), 1.4464, 1.7087, 3.1331, (gDx*10,gDy*8,gDz*0)),rgb(0,1,0.15625));
		draw(
			ellipsoid( (0.41188,-0.82517,0.38659), (0.91066,0.35771,-0.20672), (0.032289,0.4372,0.89879), 0.90243, 1.9654, 2.1478, (gDx*11,gDy*8,gDz*0)),rgb(0,1,0.34375));
		draw(
			ellipsoid( (-0.42769,0.90041,-0.079638), (-0.042006,0.06821,0.99679), (-0.90295,-0.42966,-0.0086498), 1.1182, 2.4795, 3.4987, (gDx*12,gDy*8,gDz*0)),rgb(0,1,0.71875));
		draw(
			ellipsoid( (-0.52764,0.84677,-0.067673), (-0.012525,0.071901,0.99733), (-0.84937,-0.52708,0.027333), 1.0308, 2.2279, 4.2269, (gDx*13,gDy*8,gDz*0)),rgb(0,1,0.90625));
		draw(
			ellipsoid( (-0.55045,0.82239,-0.14382), (-0.11939,0.092956,0.98849), (-0.82629,-0.56128,-0.047018), 1.0553, 2.1618, 4.0213, (gDx*14,gDy*8,gDz*0)),rgb(0,1,0.90625));
		draw(
			ellipsoid( (-0.73063,0.59144,0.34113), (-0.19949,-0.66275,0.72178), (0.65298,0.45931,0.60221), 1.1264, 3.2958, 4.3804, (gDx*15,gDy*8,gDz*0)),rgb(0,1,1));
		draw(
			ellipsoid( (-0.81987,-0.14167,0.55474), (0.56749,-0.072614,0.82017), (-0.075908,0.98725,0.13993), 1.6267, 2.4841, 4.1059, (gDx*16,gDy*8,gDz*0)),rgb(0,1,0.34375));
		draw(
			ellipsoid( (0.19548,-0.14877,0.96936), (-0.96095,-0.22647,0.15903), (0.19587,-0.96259,-0.18723), 1.5814, 1.8885, 4.681, (gDx*17,gDy*8,gDz*0)),rgb(0,1,0.625));
		draw(
			ellipsoid( (0.85191,0.43636,-0.28956), (-0.52013,0.64069,-0.56478), (-0.060928,0.63175,0.77277), 1.3149, 2.014, 3.6259, (gDx*18,gDy*8,gDz*0)),rgb(0,1,0.4375));
		draw(
			ellipsoid( (-0.52405,-0.85088,0.037186), (0.84528,-0.52496,-0.099625), (0.10429,-0.020776,0.99433), 1.8596, 3.0794, 4.1509, (gDx*19,gDy*8,gDz*0)),rgb(0,1,0.15625));
		draw(
			ellipsoid( (0.55414,0.82601,-0.10315), (-0.63052,0.3356,-0.69987), (-0.54348,0.45286,0.70679), 1.4651, 2.7896, 4.2556, (gDx*20,gDy*8,gDz*0)),rgb(0,1,0.53125));
		draw(
			ellipsoid( (-0.33941,-0.86991,0.35785), (0.64649,-0.49208,-0.58302), (-0.68327,-0.033459,-0.7294), 1.8062, 3.592, 4.2188, (gDx*21,gDy*8,gDz*0)),rgb(0,1,0.34375));
		draw(
			ellipsoid( (0.79892,0.56772,-0.19853), (0.57422,-0.81819,-0.028975), (0.17889,0.090852,0.97967), 1.7892, 3.0127, 4.2781, (gDx*22,gDy*8,gDz*0)),rgb(0,1,0.25));
		draw(
			ellipsoid( (0.33243,0.78342,-0.5251), (0.93976,-0.22817,0.25453), (-0.079595,0.57809,0.81208), 2.0781, 3.3229, 5.5526, (gDx*23,gDy*8,gDz*0)),rgb(0,1,0.4375));
		draw(
			ellipsoid( (-0.41621,-0.35274,0.83806), (0.85889,0.15001,0.48969), (-0.29845,0.92362,0.24054), 1.6847, 2.7314, 4.4818, (gDx*24,gDy*8,gDz*0)),rgb(0,1,0.4375));
		draw(
			ellipsoid( (0.54377,0.12455,0.82994), (0.5479,-0.80178,-0.23865), (-0.6357,-0.5845,0.50422), 0.67522, 1.3287, 3.655, (gDx*0,gDy*9,gDz*0)),rgb(0,0.8125,1));
		draw(
			ellipsoid( (0.005522,0.47994,0.87728), (0.76959,-0.56221,0.30273), (-0.63851,-0.67348,0.37246), 0.93059, 1.1975, 2.7838, (gDx*1,gDy*9,gDz*0)),rgb(0,1,0.625));
		draw(
			ellipsoid( (-0.088173,0.14016,0.9862), (-0.58604,0.79328,-0.16514), (-0.80547,-0.59251,0.012193), 0.78813, 2.0312, 5.3227, (gDx*2,gDy*9,gDz*0)),rgb(0,0.625,1));
		draw(
			ellipsoid( (0.066336,-0.10321,0.99244), (-0.36825,0.92189,0.12049), (-0.92736,-0.37346,0.023145), 0.73658, 1.8314, 4.251, (gDx*3,gDy*9,gDz*0)),rgb(0,0.71875,1));
		draw(
			ellipsoid( (0.24089,-0.54336,0.8042), (-0.786,0.37687,0.49007), (-0.56937,-0.75015,-0.3363), 1.2785, 2.2523, 3.8352, (gDx*4,gDy*9,gDz*0)),rgb(0,1,0.625));
		draw(
