	import three;
	import settings;

	surface ellipsoid(triple v1,triple v2,triple v3,real l1,real l2, real l3, triple pos=O) {
		transform3 T = identity(4);
		T[0][0] = l1*v1.x;
		T[1][0] = l1*v1.y;
		T[2][0] = l1*v1.z;
		T[0][1] = l2*v2.x;
		T[1][1] = l2*v2.y;
		T[2][1] = l2*v2.z;
		T[0][2] = l3*v3.x;
		T[1][2] = l3*v3.y;
		T[2][2] = l3*v3.z;
		T[0][3] = pos.x;
		T[1][3] = pos.y;
		T[2][3] = pos.z;
		return T*unitsphere;
	}

	size(200);

	real gDx=4;
	real gDy=4;
	real gDz=4;

	currentprojection=perspective( camera=(gDx*12,gDy*12,25),up=Y, target=(gDx*12,gDy*12,gDz*-0.5));
		draw(
			ellipsoid( (0.94708,0.31865,-0.038743), (0.31905,-0.94773,0.0043193), (0.035341,0.016451,0.99924), 1.1834, 0.90453, 3.5047, (gDx*0,gDy*0,gDz*0)),rgb(0,1,1));
		draw(
			ellipsoid( (0.28783,-0.074507,-0.95478), (-0.95767,-0.017159,-0.28736), (-0.0050281,-0.99707,0.076292), 3.3935, 1.6656, 1.0285, (gDx*1,gDy*0,gDz*0)),rgb(0,1,0.71875));
		draw(
			ellipsoid( (0.7621,-0.20181,-0.61521), (-0.64416,-0.14055,-0.75187), (-0.065266,-0.96929,0.23711), 3.609, 1.4492, 0.94801, (gDx*2,gDy*0,gDz*0)),rgb(0,1,0.90625));
		draw(
			ellipsoid( (-0.89534,0.23033,0.38119), (0.34023,0.90604,0.25168), (0.28741,-0.35503,0.88958), 3.5543, 1.0055, 1.1277, (gDx*3,gDy*0,gDz*0)),rgb(0,1,0.90625));
		draw(
			ellipsoid( (0.94497,-0.17952,-0.2735), (-0.32347,-0.63774,-0.69904), (0.048934,-0.74904,0.66071), 3.3546, 1.1123, 1.2974, (gDx*4,gDy*0,gDz*0)),rgb(0,1,0.71875));
		draw(
			ellipsoid( (0.99176,-0.069931,-0.10734), (-0.12789,-0.58962,-0.79749), (0.0075196,-0.80465,0.5937), 3.4263, 1.0664, 1.4742, (gDx*5,gDy*0,gDz*0)),rgb(0,1,0.71875));
		draw(
			ellipsoid( (-0.99959,-0.022555,0.017533), (-0.028568,0.78676,-0.6166), (-0.00011282,0.61685,0.78708), 3.6887, 1.5614, 0.93835, (gDx*6,gDy*0,gDz*0)),rgb(0,1,0.90625));
		draw(
			ellipsoid( (0.99447,0.096971,0.040203), (0.092392,-0.62673,-0.77374), (0.049834,-0.77318,0.63223), 3.7255, 0.84026, 1.4171, (gDx*7,gDy*0,gDz*0)),rgb(0,0.90625,1));
		draw(
			ellipsoid( (0.98886,0.1128,0.097102), (0.14815,-0.80848,-0.56956), (-0.014259,-0.57761,0.81619), 3.1099, 0.69781, 1.4399, (gDx*8,gDy*0,gDz*0)),rgb(0,1,1));
		draw(
			ellipsoid( (0.98674,0.13996,0.082219), (0.16188,-0.81115,-0.56199), (0.011965,-0.56784,0.82305), 2.876, 0.6866, 1.3843, (gDx*9,gDy*0,gDz*0)),rgb(0,1,1));
		draw(
			ellipsoid( (-0.88537,-0.46432,-0.022944), (-0.40567,0.74756,0.52591), (0.22704,-0.47493,0.85023), 2.8994, 0.98074, 1.682, (gDx*10,gDy*0,gDz*0)),rgb(0,1,0.53125));
		draw(
			ellipsoid( (0.81631,-0.55284,-0.16734), (-0.55029,-0.8324,0.065598), (0.17556,-0.038538,0.98371), 1.2763, 2.7881, 2.1171, (gDx*11,gDy*0,gDz*0)),rgb(0,1,0.15625));
		draw(
			ellipsoid( (0.21671,0.97472,0.054359), (0.97158,-0.22078,0.085377), (-0.09522,-0.034312,0.99486), 4.2258, 0.66037, 1.9158, (gDx*12,gDy*0,gDz*0)),rgb(0,0.625,1));
		draw(
			ellipsoid( (0.34014,0.94037,0.0035015), (0.93532,-0.33792,-0.10483), (0.097396,-0.038932,0.99448), 5.0651, 1.1141, 1.5428, (gDx*13,gDy*0,gDz*0)),rgb(0,0.90625,1));
		draw(
			ellipsoid( (0.71183,0.69511,-0.10054), (0.70225,-0.70209,0.11796), (-0.011405,0.15457,0.98792), 4.2487, 0.98281, 1.9481, (gDx*14,gDy*0,gDz*0)),rgb(0,1,1));
		draw(
			ellipsoid( (0.83119,0.5287,-0.17205), (0.55448,-0.81102,0.18653), (0.040915,0.25044,0.96727), 4.3879, 0.92661, 1.9686, (gDx*15,gDy*0,gDz*0)),rgb(0,0.90625,1));
		draw(
			ellipsoid( (0.91814,0.36283,-0.15931), (0.39626,-0.84266,0.36456), (0.0019691,0.39784,0.91745), 4.4246, 0.99706, 1.929, (gDx*16,gDy*0,gDz*0)),rgb(0,1,1));
		draw(
			ellipsoid( (0.98544,0.11971,-0.12074), (0.16983,-0.72717,0.66512), (0.0081764,0.67594,0.73691), 4.4256, 0.8901, 1.7075, (gDx*17,gDy*0,gDz*0)),rgb(0,0.8125,1));
		draw(
			ellipsoid( (0.99631,0.043491,-0.074035), (0.084738,-0.63723,0.766), (0.013864,0.76944,0.63857), 4.5654, 0.93196, 1.8804, (gDx*18,gDy*0,gDz*0)),rgb(0,0.90625,1));
		draw(
			ellipsoid( (0.99534,-0.093738,0.022433), (-0.065625,-0.48862,0.87002), (0.070593,0.86745,0.4925), 4.1914, 1.1478, 2.1148, (gDx*19,gDy*0,gDz*0)),rgb(0,1,0.8125));
		draw(
			ellipsoid( (0.95201,-0.2168,0.21604), (-0.28716,-0.3885,0.87556), (0.1059,0.89558,0.43211), 3.6613, 1.0592, 2.2081, (gDx*20,gDy*0,gDz*0)),rgb(0,1,0.8125));
		draw(
			ellipsoid( (0.92761,-0.24644,0.28072), (-0.34894,-0.30339,0.88668), (0.13335,0.92045,0.36742), 3.8506, 1.1654, 2.2395, (gDx*21,gDy*0,gDz*0)),rgb(0,1,0.71875));
		draw(
			ellipsoid( (0.9295,-0.19036,0.31589), (-0.3469,-0.16042,0.92408), (0.12523,0.96852,0.21515), 4.2025, 1.1142, 2.1344, (gDx*22,gDy*0,gDz*0)),rgb(0,1,0.90625));
		draw(
			ellipsoid( (0.81156,-0.21494,0.54329), (-0.58136,-0.20447,0.78753), (0.058182,0.95498,0.2909), 3.6457, 1.4879, 2.5045, (gDx*23,gDy*0,gDz*0)),rgb(0,1,0.34375));
		draw(
			ellipsoid( (-0.89273,-0.21193,0.39763), (-0.44562,0.28462,-0.84877), (-0.066702,0.93492,0.34853), 1.8361, 3.3963, 2.6134, (gDx*24,gDy*0,gDz*0)),rgb(0.21875,1,0));
		draw(
			ellipsoid( (0.3108,-0.32644,-0.89266), (-0.93972,0.035348,-0.34011), (-0.14258,-0.94456,0.29578), 3.7256, 1.3219, 0.93182, (gDx*0,gDy*1,gDz*0)),rgb(0,1,1));
		draw(
			ellipsoid( (0.98779,0.14358,0.060389), (-0.11107,0.92108,-0.37321), (-0.10921,0.36194,0.92578), 1.0443, 1.217, 3.593, (gDx*1,gDy*1,gDz*0)),rgb(0,1,0.90625));
		draw(
			ellipsoid( (-0.34126,0.37178,0.86332), (0.78447,0.61863,0.043692), (0.51783,-0.69216,0.50276), 3.1915, 1.4917, 1.1502, (gDx*2,gDy*1,gDz*0)),rgb(0,1,0.53125));
		draw(
			ellipsoid( (-0.73755,0.34086,0.58295), (0.54846,0.806,0.22264), (0.39397,-0.48393,0.78141), 3.392, 1.2335, 1.2276, (gDx*3,gDy*1,gDz*0)),rgb(0,1,0.71875));
		draw(
			ellipsoid( (0.80489,-0.38645,-0.45033), (-0.5931,-0.49915,-0.63173), (-0.019351,-0.77557,0.63097), 3.2546, 1.124, 1.3752, (gDx*4,gDy*1,gDz*0)),rgb(0,1,0.625));
		draw(
			ellipsoid( (0.83983,-0.43293,-0.32751), (-0.52854,-0.5145,-0.67523), (-0.12383,-0.74018,0.66091), 3.0147, 1.0922, 1.4495, (gDx*5,gDy*1,gDz*0)),rgb(0,1,0.53125));
		draw(
			ellipsoid( (0.97382,-0.13735,-0.18116), (-0.21772,-0.79277,-0.56932), (0.065422,-0.59385,0.80191), 3.0951, 0.91411, 1.632, (gDx*6,gDy*1,gDz*0)),rgb(0,1,0.71875));
		draw(
			ellipsoid( (0.99624,-0.077457,-0.038907), (-0.086568,-0.91185,-0.40129), (0.004395,-0.40314,0.91513), 3.1203, 0.66177, 1.4689, (gDx*7,gDy*1,gDz*0)),rgb(0,0.90625,1));
		draw(
			ellipsoid( (0.9992,-0.028001,0.02838), (-0.037957,-0.45038,0.89203), (0.012196,0.8924,0.45109), 2.8452, 1.4289, 0.74829, (gDx*8,gDy*1,gDz*0)),rgb(0,1,0.90625));
		draw(
			ellipsoid( (0.99882,0.022352,0.043127), (0.042222,-0.83849,-0.54328), (-0.024018,-0.54446,0.83844), 2.8007, 0.79234, 1.3789, (gDx*9,gDy*1,gDz*0)),rgb(0,1,0.8125));
		draw(
			ellipsoid( (0.96712,0.25188,0.035101), (0.2105,-0.71538,-0.66627), (0.14271,-0.65175,0.74488), 2.7258, 0.95046, 1.4188, (gDx*10,gDy*1,gDz*0)),rgb(0,1,0.53125));
		draw(
			ellipsoid( (0.88663,0.45511,0.082178), (0.45854,-0.88822,-0.028238), (-0.060141,-0.062719,0.99622), 2.8477, 0.96842, 1.2711, (gDx*11,gDy*1,gDz*0)),rgb(0,1,0.625));
		draw(
			ellipsoid( (0.83262,0.55297,0.030932), (0.54835,-0.83093,0.094166), (-0.077774,0.061444,0.99508), 3.4965, 0.97785, 1.521, (gDx*12,gDy*1,gDz*0)),rgb(0,1,0.8125));
		draw(
			ellipsoid( (0.75172,0.65551,-0.072305), (0.65948,-0.7467,0.086714), (-0.0028519,0.11287,0.99361), 4.1642, 1.0058, 1.9644, (gDx*13,gDy*1,gDz*0)),rgb(0,1,1));
		draw(
			ellipsoid( (0.75206,0.65479,-0.075189), (0.65909,-0.74675,0.089227), (-0.0022774,0.11666,0.99317), 4.1697, 1.007, 1.9668, (gDx*14,gDy*1,gDz*0)),rgb(0,1,1));
		draw(
			ellipsoid( (0.84828,0.51114,-0.13845), (0.52928,-0.82671,0.19081), (0.016925,0.23514,0.97182), 4.1455, 1.038, 2.0007, (gDx*15,gDy*1,gDz*0)),rgb(0,1,0.90625));
		draw(
			ellipsoid( (0.91962,0.35134,-0.17564), (0.39173,-0.85334,0.34403), (0.029012,0.38518,0.92239), 4.3241, 1.0607, 1.9378, (gDx*16,gDy*1,gDz*0)),rgb(0,1,0.90625));
		draw(
			ellipsoid( (0.97521,0.12579,-0.18204), (0.21219,-0.76495,0.60814), (0.062752,0.63169,0.77268), 4.2399, 1.0341, 1.9165, (gDx*17,gDy*1,gDz*0)),rgb(0,1,1));
		draw(
			ellipsoid( (0.98926,0.0048851,-0.14609), (0.11188,-0.66855,0.7352), (0.09408,0.74365,0.66192), 4.4603, 1.0697, 2.0735, (gDx*18,gDy*1,gDz*0)),rgb(0,1,1));
		draw(
			ellipsoid( (0.99063,-0.12842,-0.046437), (-0.13215,-0.81575,-0.56311), (-0.034435,-0.56397,0.82508), 4.2105, 2.3057, 1.2532, (gDx*19,gDy*1,gDz*0)),rgb(0,1,0.71875));
		draw(
			ellipsoid( (0.96887,-0.24599,0.027879), (-0.13536,-0.43209,0.89162), (0.20728,0.86764,0.45193), 4.1971, 1.1937, 2.4764, (gDx*20,gDy*1,gDz*0)),rgb(0,1,0.8125));
		draw(
			ellipsoid( (0.95061,-0.26667,0.15882), (-0.25664,-0.38755,0.88541), (0.17456,0.88244,0.43684), 4.0985, 1.2652, 2.4019, (gDx*21,gDy*1,gDz*0)),rgb(0,1,0.71875));
		draw(
			ellipsoid( (0.9102,-0.25022,0.33003), (-0.40818,-0.40702,0.81715), (0.07014,0.87848,0.4726), 4.0701, 1.4517, 2.2108, (gDx*22,gDy*1,gDz*0)),rgb(0,1,0.53125));
		draw(
			ellipsoid( (0.84962,-0.28701,0.44246), (-0.52198,-0.33774,0.78324), (0.075359,0.89641,0.43676), 3.8475, 1.6582, 2.321, (gDx*23,gDy*1,gDz*0)),rgb(0,1,0.25));
		draw(
			ellipsoid( (-0.70758,0.42858,-0.56183), (0.65456,0.097976,-0.74963), (0.26623,0.89818,0.34986), 3.8079, 1.8276, 2.5778, (gDx*24,gDy*1,gDz*0)),rgb(0,1,0.0625));
		draw(
			ellipsoid( (0.55581,-0.37338,-0.74274), (-0.82793,-0.16819,-0.53501), (-0.07484,-0.9123,0.40262), 3.4046, 1.0697, 1.1952, (gDx*0,gDy*2,gDz*0)),rgb(0,1,0.8125));
		draw(
			ellipsoid( (-0.18294,0.44985,0.87416), (0.93138,-0.20537,0.3006), (-0.31476,-0.86917,0.38141), 3.4127, 0.71212, 1.3456, (gDx*1,gDy*2,gDz*0)),rgb(0,0.90625,1));
		draw(
			ellipsoid( (-0.7841,0.51547,-0.34566), (0.6181,0.69887,-0.35991), (-0.056045,0.49586,0.86659), 0.99902, 1.413, 3.2604, (gDx*2,gDy*2,gDz*0)),rgb(0,1,0.71875));
		draw(
			ellipsoid( (-0.35464,0.80571,-0.47441), (0.93454,0.32145,-0.15267), (-0.029494,0.4975,0.86696), 1.0808, 1.7305, 3.4137, (gDx*3,gDy*2,gDz*0)),rgb(0,1,0.625));
		draw(
			ellipsoid( (0.4866,-0.49598,-0.71918), (-0.85988,-0.41733,-0.29399), (0.15432,-0.76147,0.62956), 3.2146, 1.7487, 1.325, (gDx*4,gDy*2,gDz*0)),rgb(0,1,0.34375));
		draw(
			ellipsoid( (-0.5955,0.63251,0.49529), (0.64957,0.016338,0.76013), (-0.47269,-0.77438,0.42058), 2.7628, 1.3171, 1.5614, (gDx*5,gDy*2,gDz*0)),rgb(0,1,0.0625));
		draw(
			ellipsoid( (-0.73663,0.61864,0.27325), (0.50036,0.2267,0.83561), (-0.45499,-0.75226,0.47654), 2.6411, 1.261, 1.5445, (gDx*6,gDy*2,gDz*0)),rgb(0,1,0.0625));
		draw(
			ellipsoid( (-0.81431,0.5752,0.07776), (0.51381,0.77667,-0.3644), (0.26999,0.25678,0.92799), 2.6981, 1.5422, 1.1428, (gDx*7,gDy*2,gDz*0)),rgb(0,1,0.25));
		draw(
			ellipsoid( (0.87988,-0.47516,-0.0065537), (-0.45776,-0.8512,0.25673), (0.12757,0.22289,0.96646), 2.7136, 1.4765, 0.97966, (gDx*8,gDy*2,gDz*0)),rgb(0,1,0.4375));
		draw(
			ellipsoid( (0.98836,-0.15212,0.00041914), (-0.12445,-0.81019,-0.57281), (-0.087475,-0.56609,0.81969), 2.7849, 0.90729, 1.3695, (gDx*9,gDy*2,gDz*0)),rgb(0,1,0.625));
		draw(
			ellipsoid( (0.99933,0.010877,-0.034927), (0.036037,-0.45679,0.88884), (0.0062864,0.88951,0.45688), 2.7058, 1.4163, 0.91473, (gDx*10,gDy*2,gDz*0)),rgb(0,1,0.53125));
		draw(
			ellipsoid( (0.99266,0.12079,-0.005415), (0.11252,-0.93921,-0.32437), (0.044268,-0.32138,0.94591), 3.1371, 1.1208, 1.4073, (gDx*11,gDy*2,gDz*0)),rgb(0,1,0.53125));
		draw(
			ellipsoid( (0.97614,0.21062,0.052756), (0.21293,-0.97613,-0.042852), (-0.042471,-0.053063,0.99769), 3.6126, 1.1242, 1.6163, (gDx*12,gDy*2,gDz*0)),rgb(0,1,0.71875));
		draw(
			ellipsoid( (0.91413,0.4042,-0.031401), (0.39975,-0.91155,-0.096349), (0.067568,-0.075523,0.99485), 4.3301, 1.1715, 1.9423, (gDx*13,gDy*2,gDz*0)),rgb(0,1,0.8125));
		draw(
			ellipsoid( (-0.87304,-0.47635,0.10433), (-0.47046,0.87907,0.076784), (0.12829,-0.017954,0.99157), 4.34, 1.0767, 2.0015, (gDx*14,gDy*2,gDz*0)),rgb(0,1,0.90625));
		draw(
			ellipsoid( (0.8937,0.4112,-0.1795), (0.42533,-0.90381,0.047188), (0.14283,0.11852,0.98263), 4.361, 1.1311, 2.046, (gDx*15,gDy*2,gDz*0)),rgb(0,1,0.90625));
		draw(
			ellipsoid( (-0.92454,-0.27726,0.26145), (-0.32243,0.93482,-0.14882), (0.20315,0.22189,0.95367), 4.3694, 1.1497, 2.0671, (gDx*16,gDy*2,gDz*0)),rgb(0,1,0.90625));
		draw(
			ellipsoid( (-0.94403,-0.10415,0.31298), (-0.22098,0.90414,-0.36564), (0.2449,0.41434,0.87656), 4.3573, 1.1058, 2.1898, (gDx*17,gDy*2,gDz*0)),rgb(0,1,0.90625));
		draw(
			ellipsoid( (0.96718,-0.01346,-0.25374), (0.15718,-0.75292,0.63907), (0.19965,0.65798,0.72609), 4.246, 1.1052, 2.203, (gDx*18,gDy*2,gDz*0)),rgb(0,1,0.90625));
		draw(
			ellipsoid( (0.96287,-0.21717,-0.16036), (-0.26909,-0.81963,-0.50577), (0.021598,-0.53014,0.84763), 4.0724, 2.4996, 1.2635, (gDx*19,gDy*2,gDz*0)),rgb(0,1,0.71875));
		draw(
			ellipsoid( (0.94519,-0.31264,-0.094246), (-0.32173,-0.84229,-0.43248), (-0.055829,-0.4391,0.8967), 4.1304, 2.5253, 1.1831, (gDx*20,gDy*2,gDz*0)),rgb(0,1,0.8125));
		draw(
			ellipsoid( (0.94359,-0.32921,0.035617), (-0.27372,-0.83601,-0.47558), (-0.18634,-0.439,0.87895), 3.9416, 2.4233, 1.3686, (gDx*21,gDy*2,gDz*0)),rgb(0,1,0.53125));
		draw(
			ellipsoid( (-0.912,0.34442,-0.2228), (0.36593,0.43767,-0.8213), (0.18536,0.83055,0.52519), 3.9124, 1.595, 2.3735, (gDx*22,gDy*2,gDz*0)),rgb(0,1,0.25));
		draw(
			ellipsoid( (-0.8631,0.35771,-0.35652), (0.47846,0.35315,-0.80397), (0.16168,0.86448,0.47595), 3.8954, 1.7472, 2.4368, (gDx*23,gDy*2,gDz*0)),rgb(0,1,0.15625));
		draw(
			ellipsoid( (-0.70634,0.48446,-0.51613), (0.62991,0.097518,-0.77052), (0.32295,0.86936,0.37405), 3.7844, 1.788, 2.5654, (gDx*24,gDy*2,gDz*0)),rgb(0,1,0.0625));
		draw(
			ellipsoid( (-0.69824,0.44573,0.56017), (0.53651,-0.19223,0.82171), (-0.47394,-0.87428,0.10491), 3.2305, 1.0113, 1.3457, (gDx*0,gDy*3,gDz*0)),rgb(0,1,0.71875));
		draw(
			ellipsoid( (-0.36849,0.4968,0.78575), (0.79018,0.61264,-0.016789), (0.48973,-0.6147,0.61832), 3.108, 1.2878, 1.0022, (gDx*1,gDy*3,gDz*0)),rgb(0,1,0.71875));
		draw(
			ellipsoid( (-0.43739,0.74695,-0.50076), (0.89879,0.34481,-0.27071), (0.029534,0.56848,0.82217), 1.0236, 1.5508, 3.275, (gDx*2,gDy*3,gDz*0)),rgb(0,1,0.71875));
		draw(
			ellipsoid( (-0.19717,-0.57789,-0.79194), (-0.9263,-0.15475,0.34354), (0.32108,-0.80131,0.50479), 3.3584, 1.568, 1.0313, (gDx*3,gDy*3,gDz*0)),rgb(0,1,0.71875));
		draw(
			ellipsoid( (-0.18763,-0.6113,-0.76884), (-0.92477,-0.15387,0.34802), (0.33105,-0.7763,0.53644), 3.1505, 1.6806, 1.0901, (gDx*4,gDy*3,gDz*0)),rgb(0,1,0.53125));
		draw(
			ellipsoid( (-0.39818,0.62882,-0.66786), (0.905,0.15044,-0.39791), (0.14974,0.76286,0.62898), 1.2097, 1.7497, 2.842, (gDx*5,gDy*3,gDz*0)),rgb(0,1,0.25));
		draw(
			ellipsoid( (-0.58203,0.31613,-0.74921), (0.80682,0.33945,-0.48355), (-0.10145,0.88591,0.45262), 1.0936, 1.7278, 2.7701, (gDx*6,gDy*3,gDz*0)),rgb(0,1,0.34375));
		draw(
			ellipsoid( (-0.37985,0.89655,0.22785), (0.6872,0.43837,-0.5793), (0.61925,0.063469,0.78262), 2.5781, 1.6769, 1.1731, (gDx*7,gDy*3,gDz*0)),rgb(0,1,0.15625));
		draw(
			ellipsoid( (-0.4994,0.85925,0.11088), (0.60375,0.25337,0.75584), (-0.62136,-0.44441,0.6453), 2.7172, 1.219, 1.7676, (gDx*8,gDy*3,gDz*0)),rgb(0,1,0.15625));
		draw(
			ellipsoid( (-0.85439,0.51784,0.04316), (0.40947,0.61979,0.66948), (-0.31993,-0.58967,0.74158), 2.6957, 1.193, 1.8207, (gDx*9,gDy*3,gDz*0)),rgb(0,1,0.15625));
		draw(
			ellipsoid( (0.94642,-0.3187,-0.052119), (-0.30942,-0.84874,-0.42884), (-0.092437,-0.42199,0.90188), 2.8281, 1.1131, 1.7373, (gDx*10,gDy*3,gDz*0)),rgb(0,1,0.34375));
		draw(
			ellipsoid( (0.98193,-0.18605,-0.03453), (-0.1881,-0.93978,-0.28537), (-0.020642,-0.28671,0.9578), 3.0446, 1.1904, 1.6846, (gDx*11,gDy*3,gDz*0)),rgb(0,1,0.34375));
		draw(
			ellipsoid( (0.99886,-0.043377,0.019814), (-0.041474,-0.99525,-0.08803), (-0.023538,-0.087108,0.99592), 3.5482, 1.1238, 1.6675, (gDx*12,gDy*3,gDz*0)),rgb(0,1,0.71875));
		draw(
			ellipsoid( (0.9939,0.10999,-0.0077843), (0.10948,-0.99276,-0.049427), (0.013165,-0.048274,0.99875), 4.0892, 1.1975, 1.6797, (gDx*13,gDy*3,gDz*0)),rgb(0,1,0.8125));
		draw(
			ellipsoid( (0.95861,0.27011,-0.090065), (0.25777,-0.95764,-0.12837), (0.12092,-0.09984,0.98763), 4.1847, 1.2434, 1.8805, (gDx*14,gDy*3,gDz*0)),rgb(0,1,0.71875));
		draw(
			ellipsoid( (-0.93322,-0.30033,0.19724), (-0.31069,0.95023,-0.023124), (0.18048,0.08286,0.98008), 4.3247, 1.1929, 2.0141, (gDx*15,gDy*3,gDz*0)),rgb(0,1,0.8125));
		draw(
			ellipsoid( (-0.92925,-0.25442,0.26789), (-0.28808,0.95296,-0.094238), (0.23131,0.16474,0.95883), 4.3347, 1.1466, 2.0851, (gDx*16,gDy*3,gDz*0)),rgb(0,1,0.90625));
		draw(
			ellipsoid( (-0.94039,-0.10213,0.3244), (-0.26345,-0.38447,-0.88475), (-0.21508,0.91747,-0.33464), 4.3147, 2.1754, 1.1117, (gDx*17,gDy*3,gDz*0)),rgb(0,1,0.90625));
		draw(
			ellipsoid( (0.95194,-0.02087,-0.30557), (0.25238,0.61867,0.74401), (-0.17352,0.78537,-0.59421), 4.189, 2.2062, 1.1702, (gDx*18,gDy*3,gDz*0)),rgb(0,1,0.8125));
		draw(
			ellipsoid( (0.92364,-0.29526,-0.24437), (-0.38078,-0.77945,-0.49745), (0.043596,-0.55251,0.83236), 3.9984, 2.5179, 1.2028, (gDx*19,gDy*3,gDz*0)),rgb(0,1,0.71875));
		draw(
			ellipsoid( (0.91224,-0.35619,-0.20234), (-0.40911,-0.76673,-0.49472), (-0.021076,-0.53409,0.84517), 3.9961, 2.5417, 1.1755, (gDx*20,gDy*3,gDz*0)),rgb(0,1,0.71875));
		draw(
			ellipsoid( (0.91487,-0.38902,-0.1081), (-0.39319,-0.79754,-0.45753), (-0.091772,-0.46108,0.8826), 3.8123, 2.5243, 1.4218, (gDx*21,gDy*3,gDz*0)),rgb(0,1,0.4375));
		draw(
			ellipsoid( (0.89603,-0.44389,0.009074), (-0.40162,-0.81908,-0.40964), (-0.18927,-0.36341,0.9122), 3.7695, 2.6139, 1.7794, (gDx*22,gDy*3,gDz*0)),rgb(0,1,0.0625));
		draw(
			ellipsoid( (-0.83687,0.51369,-0.18912), (0.44293,0.83847,0.31746), (-0.32165,-0.18191,0.92922), 3.8423, 2.637, 2.0165, (gDx*23,gDy*3,gDz*0)),rgb(0.125,1,0));
		draw(
			ellipsoid( (-0.70448,0.64398,-0.29834), (0.62746,0.76156,0.16223), (-0.33168,0.07291,0.94057), 3.8954, 2.6644, 1.9981, (gDx*24,gDy*3,gDz*0)),rgb(0.125,1,0));
		draw(
			ellipsoid( (0.69771,-0.64863,-0.30412), (-0.69871,-0.70984,-0.089029), (0.15813,-0.27461,0.94847), 3.4479, 1.4807, 0.90939, (gDx*0,gDy*4,gDz*0)),rgb(0,1,0.90625));
		draw(
			ellipsoid( (0.55085,-0.71348,-0.43301), (-0.80085,-0.59792,-0.033579), (0.23495,-0.36528,0.90076), 3.108, 1.3332, 0.89245, (gDx*1,gDy*4,gDz*0)),rgb(0,1,0.8125));
		draw(
			ellipsoid( (-0.31361,0.5896,-0.74433), (0.93953,0.30627,-0.15325), (-0.13761,0.74738,0.65), 0.81624, 1.5559, 2.8266, (gDx*2,gDy*4,gDz*0)),rgb(0,1,0.71875));
		draw(
			ellipsoid( (0.2844,0.63062,0.72211), (0.94639,-0.064329,-0.31656), (0.15317,-0.77342,0.61511), 3.2108, 1.4251, 1.0618, (gDx*3,gDy*4,gDz*0)),rgb(0,1,0.625));
		draw(
			ellipsoid( (0.33672,0.59914,0.7264), (0.89993,0.022212,-0.43547), (0.27704,-0.80034,0.5317), 3.1734, 1.5768, 1.079, (gDx*4,gDy*4,gDz*0)),rgb(0,1,0.53125));
		draw(
			ellipsoid( (-0.42339,-0.60209,-0.67692), (-0.80757,-0.087797,0.5832), (0.41057,-0.79358,0.44906), 3.1351, 1.7141, 1.1259, (gDx*5,gDy*4,gDz*0)),rgb(0,1,0.53125));
		draw(
			ellipsoid( (-0.37701,-0.7287,-0.57172), (-0.73479,-0.14048,0.66359), (0.56387,-0.67027,0.48248), 3.0925, 1.7412, 1.0559, (gDx*6,gDy*4,gDz*0)),rgb(0,1,0.53125));
		draw(
			ellipsoid( (-0.6429,0.31902,-0.69635), (0.75625,0.12012,-0.64316), (0.12153,0.94011,0.31848), 1.1742, 1.6726, 2.8601, (gDx*7,gDy*4,gDz*0)),rgb(0,1,0.25));
		draw(
			ellipsoid( (-0.75032,0.075648,-0.65674), (0.66069,0.11981,-0.74103), (-0.022629,0.98991,0.13988), 1.0998, 1.7317, 2.6959, (gDx*8,gDy*4,gDz*0)),rgb(0,1,0.25));
		draw(
			ellipsoid( (-0.73414,0.035851,-0.67805), (0.67887,0.019544,-0.734), (0.013063,0.99917,0.038687), 1.0896, 1.8234, 2.6192, (gDx*9,gDy*4,gDz*0)),rgb(0,1,0.25));
		draw(
			ellipsoid( (0.85034,-0.51314,-0.11663), (-0.51404,-0.76258,-0.39272), (-0.11258,-0.3939,0.91223), 2.6171, 1.2909, 1.8257, (gDx*10,gDy*4,gDz*0)),rgb(0.03125,1,0));
		draw(
			ellipsoid( (0.91474,-0.3896,-0.10709), (-0.40397,-0.87651,-0.2618), (-0.0081283,-0.28274,0.95916), 3.0962, 1.193, 1.844, (gDx*11,gDy*4,gDz*0)),rgb(0,1,0.34375));
		draw(
			ellipsoid( (0.95697,-0.29018,-0.0038186), (-0.28451,-0.9407,0.18475), (0.057202,0.17571,0.98278), 4.0673, 1.1245, 1.8822, (gDx*12,gDy*4,gDz*0)),rgb(0,1,0.8125));
		draw(
			ellipsoid( (0.98209,-0.18814,-0.01), (-0.17921,-0.94921,0.2586), (0.058147,0.25218,0.96593), 4.1922, 1.194, 2.0256, (gDx*13,gDy*4,gDz*0)),rgb(0,1,0.8125));
		draw(
			ellipsoid( (0.992,-0.1064,-0.06791), (-0.08114,-0.94965,0.30261), (0.096689,0.29468,0.95069), 3.9591, 1.2604, 2.0357, (gDx*14,gDy*4,gDz*0)),rgb(0,1,0.625));
		draw(
			ellipsoid( (0.96748,0.042334,-0.24938), (0.23914,0.16808,0.95633), (-0.082401,0.98486,-0.15249), 3.7801, 2.0598, 1.0977, (gDx*15,gDy*4,gDz*0)),rgb(0,1,0.71875));
		draw(
			ellipsoid( (0.93727,0.079245,-0.33947), (0.32008,0.19009,0.92812), (-0.13808,0.97856,-0.1528), 3.9369, 2.0857, 1.0651, (gDx*16,gDy*4,gDz*0)),rgb(0,1,0.8125));
		draw(
			ellipsoid( (0.93747,0.060404,-0.34278), (0.30301,0.34296,0.88914), (-0.17127,0.93741,-0.30321), 4.0318, 2.0733, 1.1526, (gDx*17,gDy*4,gDz*0)),rgb(0,1,0.8125));
		draw(
			ellipsoid( (0.93968,-0.030237,-0.34071), (0.30362,0.53245,0.79013), (-0.15752,0.84592,-0.50952), 4.1695, 2.1502, 1.2385, (gDx*18,gDy*4,gDz*0)),rgb(0,1,0.71875));
		draw(
			ellipsoid( (0.91362,-0.28425,-0.2907), (-0.40358,-0.7206,-0.56378), (0.049228,-0.6324,0.77307), 4.1939, 2.5618, 1.2265, (gDx*19,gDy*4,gDz*0)),rgb(0,1,0.71875));
		draw(
			ellipsoid( (0.82976,-0.441,-0.34209), (-0.55787,-0.63664,-0.53242), (-0.017011,-0.63262,0.77428), 3.9425, 2.7033, 1.4615, (gDx*20,gDy*4,gDz*0)),rgb(0,1,0.4375));
		draw(
			ellipsoid( (0.78924,-0.54064,-0.29123), (-0.60901,-0.62824,-0.48417), (-0.078799,-0.55949,0.82509), 3.7825, 2.7168, 1.6153, (gDx*21,gDy*4,gDz*0)),rgb(0,1,0.25));
		draw(
			ellipsoid( (0.75834,-0.62671,-0.17934), (-0.64259,-0.67246,-0.36725), (-0.10956,-0.39374,0.91267), 3.6594, 2.7831, 1.8143, (gDx*22,gDy*4,gDz*0)),rgb(0.03125,1,0));
		draw(
			ellipsoid( (0.72613,-0.68747,0.010581), (-0.665,-0.70614,-0.24321), (-0.17467,-0.16956,0.96992), 3.8531, 2.8111, 1.9736, (gDx*23,gDy*4,gDz*0)),rgb(0.125,1,0));
		draw(
			ellipsoid( (0.65212,-0.74709,0.1288), (-0.74462,-0.66312,-0.07625), (-0.14237,0.046182,0.98874), 4.0047, 2.7996, 1.9465, (gDx*24,gDy*4,gDz*0)),rgb(0.03125,1,0));
		draw(
			ellipsoid( (0.49815,-0.84368,-0.2001), (-0.86625,-0.49437,-0.072124), (0.038076,-0.20927,0.97712), 3.7246, 1.5324, 0.85138, (gDx*0,gDy*5,gDz*0)),rgb(0,1,1));
		draw(
			ellipsoid( (0.37734,-0.86951,-0.3187), (-0.9071,-0.41634,0.061912), (0.18652,-0.26573,0.94583), 3.3185, 1.493, 0.88172, (gDx*1,gDy*5,gDz*0)),rgb(0,1,0.90625));
		draw(
			ellipsoid( (-0.32803,0.48332,-0.81167), (0.94456,0.15501,-0.28944), (0.014071,0.86161,0.50737), 0.79165, 1.5619, 3.1805, (gDx*2,gDy*5,gDz*0)),rgb(0,1,0.90625));
		draw(
			ellipsoid( (0.32389,0.78279,0.53135), (0.91925,-0.12754,-0.37244), (0.22377,-0.60908,0.76089), 3.2312, 1.567, 0.86056, (gDx*3,gDy*5,gDz*0)),rgb(0,1,0.8125));
		draw(
			ellipsoid( (0.46573,0.61984,0.63158), (0.84419,-0.097142,-0.52717), (0.26541,-0.77869,0.56851), 3.1496, 1.6411, 1.0527, (gDx*4,gDy*5,gDz*0)),rgb(0,1,0.625));
		draw(
			ellipsoid( (0.60137,0.45063,0.65977), (0.76668,-0.093082,-0.63525), (0.22485,-0.88785,0.40146), 3.0723, 1.7751, 1.0921, (gDx*5,gDy*5,gDz*0)),rgb(0,1,0.53125));
		draw(
			ellipsoid( (0.60683,0.46125,0.64731), (0.768,-0.13045,-0.62702), (0.20477,-0.87763,0.4334), 2.9851, 1.7991, 1.1, (gDx*6,gDy*5,gDz*0)),rgb(0,1,0.4375));
		draw(
			ellipsoid( (-0.61448,-0.58592,-0.5283), (-0.73133,0.17186,0.66002), (0.29593,-0.79193,0.53411), 2.5763, 1.7326, 1.1976, (gDx*7,gDy*5,gDz*0)),rgb(0,1,0.0625));
		draw(
			ellipsoid( (-0.57328,-0.67104,-0.47016), (-0.71907,0.13695,0.68131), (0.3928,-0.72866,0.56104), 2.4126, 1.6891, 1.1708, (gDx*8,gDy*5,gDz*0)),rgb(0.03125,1,0));
		draw(
			ellipsoid( (-0.41064,-0.87906,-0.24213), (-0.76871,0.47658,-0.42657), (-0.49037,-0.01096,0.87144), 2.7291, 1.1187, 1.7597, (gDx*9,gDy*5,gDz*0)),rgb(0,1,0.25));
		draw(
			ellipsoid( (-0.72573,0.1103,-0.67908), (0.68388,0.22322,-0.6946), (-0.074968,0.96851,0.23743), 1.6151, 2.0225, 2.2743, (gDx*10,gDy*5,gDz*0)),rgb(0.875,1,0));
		draw(
			ellipsoid( (-0.81905,0.54048,0.19244), (0.54905,0.64113,0.53619), (-0.16642,-0.54482,0.82187), 2.8207, 1.3949, 1.7512, (gDx*11,gDy*5,gDz*0)),rgb(0.03125,1,0));
		draw(
			ellipsoid( (-0.8819,0.46746,0.06115), (0.44543,0.8687,-0.2167), (0.15442,0.16387,0.97432), 4.0271, 1.2932, 2.024, (gDx*12,gDy*5,gDz*0)),rgb(0,1,0.625));
		draw(
			ellipsoid( (-0.8934,0.4443,0.066609), (0.40742,0.86371,-0.29666), (0.18934,0.2379,0.95266), 4.1222, 1.2216, 2.3011, (gDx*13,gDy*5,gDz*0)),rgb(0,1,0.71875));
		draw(
			ellipsoid( (-0.9129,0.39134,0.11607), (0.33621,0.88213,-0.32986), (0.23148,0.2621,0.93687), 3.9412, 1.2389, 2.3944, (gDx*14,gDy*5,gDz*0)),rgb(0,1,0.625));
		draw(
			ellipsoid( (-0.92548,0.27666,0.25874), (0.20209,0.93834,-0.28051), (0.32039,0.20732,0.92432), 3.6372, 1.1511, 2.3436, (gDx*15,gDy*5,gDz*0)),rgb(0,1,0.625));
		draw(
			ellipsoid( (0.91308,-0.090575,-0.3976), (-0.40654,-0.12613,-0.90488), (-0.03181,-0.98787,0.15199), 3.9999, 2.3015, 0.61205, (gDx*16,gDy*5,gDz*0)),rgb(0,0.625,1));
		draw(
			ellipsoid( (0.93877,-0.032214,-0.34304), (0.33309,0.3395,0.87966), (-0.088124,0.94005,-0.32944), 3.8394, 2.0484, 1.1761, (gDx*17,gDy*5,gDz*0)),rgb(0,1,0.71875));
		draw(
			ellipsoid( (0.93129,-0.095202,-0.35161), (-0.35536,-0.44955,-0.81953), (0.080044,-0.88817,0.45249), 3.9479, 2.1726, 1.3489, (gDx*18,gDy*5,gDz*0)),rgb(0,1,0.53125));
		draw(
			ellipsoid( (0.87547,-0.27785,-0.39541), (-0.48213,-0.55826,-0.6752), (0.03314,-0.78176,0.6227), 4.0093, 2.4815, 1.5342, (gDx*19,gDy*5,gDz*0)),rgb(0,1,0.34375));
		draw(
			ellipsoid( (0.76872,-0.4284,-0.4749), (-0.63949,-0.50234,-0.58199), (-0.010762,-0.75108,0.66012), 4.0091, 2.726, 1.7575, (gDx*20,gDy*5,gDz*0)),rgb(0,1,0.15625));
		draw(
			ellipsoid( (0.74228,-0.57592,-0.34254), (-0.66686,-0.58484,-0.4618), (-0.065625,-0.57121,0.81818), 3.7437, 2.7597, 1.7297, (gDx*21,gDy*5,gDz*0)),rgb(0,1,0.0625));
		draw(
			ellipsoid( (0.69236,-0.68426,-0.22896), (-0.71178,-0.59566,-0.37223), (-0.11832,-0.42069,0.89946), 3.6292, 2.797, 1.799, (gDx*22,gDy*5,gDz*0)),rgb(0.03125,1,0));
		draw(
			ellipsoid( (0.63206,-0.76705,-0.11016), (-0.75565,-0.57859,-0.30696), (-0.17172,-0.27727,0.94532), 3.7337, 2.8512, 1.8492, (gDx*23,gDy*5,gDz*0)),rgb(0.03125,1,0));
		draw(
			ellipsoid( (0.56111,-0.82751,-0.019376), (-0.80252,-0.53813,-0.25765), (-0.20278,-0.16012,0.96604), 3.8808, 2.9618, 1.8429, (gDx*24,gDy*5,gDz*0)),rgb(0,1,0.0625));
		draw(
			ellipsoid( (0.063436,-0.98609,-0.15365), (-0.99289,-0.046819,-0.10944), (-0.10073,-0.1595,0.98204), 3.1284, 1.4984, 0.99968, (gDx*0,gDy*6,gDz*0)),rgb(0,1,0.625));
		draw(
			ellipsoid( (0.013216,0.97756,0.21022), (0.9999,-0.011671,-0.0085879), (0.0059417,-0.21031,0.97762), 3.1502, 1.4638, 0.9453, (gDx*1,gDy*6,gDz*0)),rgb(0,1,0.71875));
		draw(
			ellipsoid( (0.13189,0.93139,0.33928), (0.98525,-0.085527,-0.14822), (0.10903,-0.35383,0.92894), 3.129, 1.526, 0.95992, (gDx*2,gDy*6,gDz*0)),rgb(0,1,0.71875));
		draw(
			ellipsoid( (0.43197,0.78752,0.43957), (0.89068,-0.29589,-0.34518), (0.14177,-0.54062,0.82924), 3.2267, 1.6764, 0.86232, (gDx*3,gDy*6,gDz*0)),rgb(0,1,0.8125));
		draw(
			ellipsoid( (0.54974,0.65775,0.51494), (0.8128,-0.27896,-0.51141), (0.19273,-0.69968,0.68797), 3.2207, 1.6976, 0.98785, (gDx*4,gDy*6,gDz*0)),rgb(0,1,0.71875));
		draw(
			ellipsoid( (0.62446,0.42442,0.65568), (0.76068,-0.13995,-0.63387), (0.17726,-0.89458,0.41024), 3.0169, 1.7499, 1.1004, (gDx*5,gDy*6,gDz*0)),rgb(0,1,0.4375));
		draw(
			ellipsoid( (0.71923,0.27552,0.6378), (0.69286,-0.21646,-0.68782), (0.051452,-0.93661,0.34658), 2.8948, 1.9145, 1.0352, (gDx*6,gDy*6,gDz*0)),rgb(0,1,0.53125));
		draw(
			ellipsoid( (0.78864,0.25191,0.56088), (0.61369,-0.26636,-0.74326), (0.037837,-0.93037,0.36465), 2.868, 1.9907, 1.0587, (gDx*7,gDy*6,gDz*0)),rgb(0,1,0.4375));
		draw(
			ellipsoid( (0.85957,0.33635,0.38471), (0.49053,-0.33209,-0.80566), (0.14323,-0.88124,0.45045), 2.7412, 1.8875, 1.0203, (gDx*8,gDy*6,gDz*0)),rgb(0,1,0.4375));
		draw(
			ellipsoid( (-0.76873,-0.59685,-0.22983), (-0.47965,0.77571,-0.41013), (-0.42307,0.20505,0.88259), 2.8987, 1.1239, 1.9376, (gDx*9,gDy*6,gDz*0)),rgb(0,1,0.34375));
		draw(
			ellipsoid( (0.52996,-0.74518,0.40478), (-0.76081,-0.62863,-0.16119), (-0.37458,0.22254,0.90009), 1.2258, 2.806, 2.0089, (gDx*10,gDy*6,gDz*0)),rgb(0,1,0.15625));
		draw(
			ellipsoid( (0.659,-0.64865,0.38074), (-0.67155,-0.73541,-0.090537), (-0.33872,0.19602,0.92024), 1.4131, 2.5685, 2.021, (gDx*11,gDy*6,gDz*0)),rgb(0.21875,1,0));
		draw(
			ellipsoid( (-0.88233,-0.099618,0.45997), (-0.46551,0.32854,-0.82181), (0.069249,0.93922,0.33625), 1.7545, 2.1571, 2.442, (gDx*12,gDy*6,gDz*0)),rgb(0.875,1,0));
		draw(
			ellipsoid( (-0.45978,0.88005,0.11884), (0.85214,0.47489,-0.21987), (0.24993,-0.00018222,0.96826), 3.4661, 1.4451, 2.2267, (gDx*13,gDy*6,gDz*0)),rgb(0,1,0.25));
		draw(
			ellipsoid( (0.53727,0.69159,-0.48274), (0.74353,-0.65857,-0.11598), (0.39813,0.29663,0.86805), 1.319, 3.6592, 2.6152, (gDx*14,gDy*6,gDz*0)),rgb(0,1,0.53125));
		draw(
			ellipsoid( (0.3766,0.79643,-0.47315), (0.85158,-0.49869,-0.16162), (0.36467,0.34206,0.86603), 1.2835, 3.454, 2.5865, (gDx*15,gDy*6,gDz*0)),rgb(0,1,0.4375));
		draw(
			ellipsoid( (0.21173,0.85376,-0.47567), (0.88473,-0.37422,-0.27786), (0.41523,0.36201,0.83459), 1.2121, 3.462, 2.5613, (gDx*16,gDy*6,gDz*0)),rgb(0,1,0.53125));
		draw(
			ellipsoid( (0.85577,-0.35038,-0.38065), (-0.50177,-0.38284,-0.77567), (-0.12605,-0.85479,0.50343), 3.3201, 2.1988, 1.4719, (gDx*17,gDy*6,gDz*0)),rgb(0,1,0.15625));
		draw(
			ellipsoid( (0.90529,-0.19433,-0.37774), (-0.42355,-0.34485,-0.83766), (-0.03252,-0.91832,0.3945), 3.7253, 2.2569, 1.5132, (gDx*18,gDy*6,gDz*0)),rgb(0,1,0.34375));
		draw(
			ellipsoid( (0.83336,-0.26263,-0.48635), (-0.55201,-0.35049,-0.7566), (-0.028239,-0.89899,0.43706), 3.822, 2.3703, 1.5493, (gDx*19,gDy*6,gDz*0)),rgb(0,1,0.34375));
		draw(
			ellipsoid( (0.77035,-0.40687,-0.49093), (-0.63638,-0.44275,-0.63166), (-0.039642,-0.79902,0.59999), 3.9334, 2.6221, 1.7829, (gDx*20,gDy*6,gDz*0)),rgb(0,1,0.15625));
		draw(
			ellipsoid( (0.67059,-0.60255,-0.43272), (-0.73796,-0.4823,-0.47202), (-0.075711,-0.63586,0.76808), 3.6936, 2.7326, 1.8091, (gDx*21,gDy*6,gDz*0)),rgb(0.03125,1,0));
		draw(
			ellipsoid( (0.54194,-0.77843,-0.31676), (-0.82616,-0.42432,-0.3707), (-0.15415,-0.46259,0.87307), 3.5537, 2.7925, 1.7898, (gDx*22,gDy*6,gDz*0)),rgb(0.03125,1,0));
		draw(
			ellipsoid( (0.47003,-0.85389,-0.22349), (-0.86245,-0.39045,-0.32207), (-0.18775,-0.34413,0.91996), 3.5872, 2.8889, 1.771, (gDx*23,gDy*6,gDz*0)),rgb(0.03125,1,0));
		draw(
			ellipsoid( (0.22448,0.23244,-0.94635), (0.90731,0.30443,0.29), (-0.35551,0.92374,0.14256), 1.8353, 3.0118, 3.7952, (gDx*24,gDy*6,gDz*0)),rgb(0,1,0.0625));
		draw(
			ellipsoid( (0.50048,0.86519,-0.031175), (0.86292,-0.50143,-0.062744), (0.069917,-0.0045003,0.99754), 2.9593, 1.5079, 0.8563, (gDx*0,gDy*7,gDz*0)),rgb(0,1,0.71875));
		draw(
			ellipsoid( (0.47879,0.87686,0.043306), (0.87371,-0.47108,-0.12133), (0.085986,-0.095927,0.99167), 2.9268, 1.5617, 0.89147, (gDx*1,gDy*7,gDz*0)),rgb(0,1,0.71875));
		draw(
			ellipsoid( (0.47957,0.84959,0.21956), (0.86854,-0.4239,-0.25679), (0.12509,-0.31385,0.9412), 2.9502, 1.6214, 1.0136, (gDx*2,gDy*7,gDz*0)),rgb(0,1,0.53125));
		draw(
			ellipsoid( (0.50366,0.76787,0.39585), (0.84106,-0.33116,-0.42772), (0.19735,-0.54836,0.81262), 3.2353, 1.6383, 1.027, (gDx*3,gDy*7,gDz*0)),rgb(0,1,0.625));
		draw(
			ellipsoid( (0.56363,0.66779,0.48619), (0.80291,-0.30466,-0.51236), (0.19402,-0.67915,0.70789), 3.1803, 1.7316, 0.99449, (gDx*4,gDy*7,gDz*0)),rgb(0,1,0.625));
		draw(
			ellipsoid( (0.72216,0.46793,0.50943), (0.67954,-0.34228,-0.6489), (0.12927,-0.81479,0.56516), 2.8958, 1.8099, 1.059, (gDx*5,gDy*7,gDz*0)),rgb(0,1,0.4375));
		draw(
			ellipsoid( (0.80748,0.22077,0.54702), (0.58944,-0.26571,-0.76286), (0.023069,-0.93843,0.34469), 2.8276, 1.9473, 0.9845, (gDx*6,gDy*7,gDz*0)),rgb(0,1,0.53125));
		draw(
			ellipsoid( (0.80274,0.14849,0.57754), (0.59507,-0.26235,-0.75965), (-0.038713,-0.95348,0.29896), 2.77, 1.9955, 1.0164, (gDx*7,gDy*7,gDz*0)),rgb(0,1,0.4375));
		draw(
			ellipsoid( (0.91683,0.099505,0.38669), (0.39846,-0.29046,-0.86998), (-0.025751,-0.9517,0.30595), 2.6768, 1.9075, 1.0123, (gDx*8,gDy*7,gDz*0)),rgb(0,1,0.4375));
		draw(
			ellipsoid( (0.94083,0.28702,0.18017), (0.28645,-0.38947,-0.87536), (0.18107,-0.87518,0.44864), 2.7722, 1.7752, 1.0958, (gDx*9,gDy*7,gDz*0)),rgb(0,1,0.34375));
		draw(
			ellipsoid( (-0.88646,-0.44606,-0.12339), (-0.34155,0.81043,-0.47597), (-0.31231,0.37979,0.87076), 2.7394, 1.1327, 1.7082, (gDx*10,gDy*7,gDz*0)),rgb(0,1,0.25));
		draw(
			ellipsoid( (0.60449,-0.78751,0.12007), (-0.786,-0.61414,-0.070874), (-0.12956,0.051535,0.99023), 1.0162, 2.5844, 1.8255, (gDx*11,gDy*7,gDz*0)),rgb(0,1,0.34375));
		draw(
			ellipsoid( (0.70808,-0.70358,0.059952), (-0.68701,-0.70604,-0.17182), (-0.16322,-0.080477,0.9833), 1.0775, 2.8265, 2.1393, (gDx*12,gDy*7,gDz*0)),rgb(0,1,0.4375));
		draw(
			ellipsoid( (0.81963,-0.56837,0.071808), (-0.54037,-0.80863,-0.23263), (-0.19029,-0.15187,0.96991), 1.2584, 2.9968, 2.3907, (gDx*13,gDy*7,gDz*0)),rgb(0,1,0.34375));
		draw(
			ellipsoid( (-0.97381,-0.043132,0.22324), (-0.22736,0.17667,-0.95765), (-0.0018653,0.98332,0.18185), 1.089, 2.433, 3.3021, (gDx*14,gDy*7,gDz*0)),rgb(0,1,0.625));
		draw(
			ellipsoid( (0.64462,0.43395,-0.62941), (0.65504,0.11099,0.7474), (-0.39419,0.89408,0.21271), 1.4532, 2.6181, 2.9756, (gDx*15,gDy*7,gDz*0)),rgb(0,1,0.0625));
		draw(
			ellipsoid( (0.50876,0.63571,-0.58055), (0.61025,-0.74195,-0.27766), (0.60725,0.21302,0.76542), 1.5916, 3.4961, 2.6642, (gDx*16,gDy*7,gDz*0)),rgb(0,1,0.15625));
		draw(
			ellipsoid( (-0.57372,0.72691,0.37743), (0.62215,0.087051,0.77805), (-0.53271,-0.6812,0.50218), 3.4842, 2.3767, 1.8016, (gDx*17,gDy*7,gDz*0)),rgb(0.125,1,0));
		draw(
			ellipsoid( (0.85191,-0.31353,-0.41946), (-0.48956,-0.19239,-0.85048), (-0.18595,-0.92988,0.31739), 3.5352, 2.4138, 1.6007, (gDx*18,gDy*7,gDz*0)),rgb(0,1,0.15625));
		draw(
			ellipsoid( (0.83204,-0.30343,-0.46437), (-0.52905,-0.18239,-0.82876), (-0.16678,-0.93523,0.31229), 3.5946, 2.5079, 1.6288, (gDx*19,gDy*7,gDz*0)),rgb(0,1,0.15625));
		draw(
			ellipsoid( (0.69557,-0.42642,-0.57823), (-0.70302,-0.23804,-0.67015), (-0.14812,-0.87264,0.46535), 3.5767, 2.7041, 1.7471, (gDx*20,gDy*7,gDz*0)),rgb(0.03125,1,0));
		draw(
			ellipsoid( (0.51041,-0.63278,-0.5823), (-0.83573,-0.20549,-0.50925), (-0.20259,-0.74657,0.63372), 3.619, 2.7855, 1.8418, (gDx*21,gDy*7,gDz*0)),rgb(0.125,1,0));
		draw(
			ellipsoid( (0.44737,-0.75279,-0.48288), (-0.86543,-0.22819,-0.44605), (-0.2256,-0.61745,0.75357), 3.5327, 2.818, 1.8844, (gDx*22,gDy*7,gDz*0)),rgb(0.125,1,0));
		draw(
			ellipsoid( (0.23905,0.47831,-0.84503), (0.91783,0.17274,0.35742), (-0.31693,0.86103,0.39772), 1.8596, 2.9153, 3.4777, (gDx*23,gDy*7,gDz*0)),rgb(0.125,1,0));
		draw(
			ellipsoid( (-0.26743,-0.32762,0.90617), (-0.92851,-0.16376,-0.33323), (-0.25757,0.93051,0.2604), 1.9595, 3.0336, 3.6843, (gDx*24,gDy*7,gDz*0)),rgb(0.125,1,0));
		draw(
			ellipsoid( (0.59995,0.76075,-0.24762), (0.79666,-0.53969,0.27216), (-0.073409,0.36055,0.92985), 3.2781, 1.2642, 0.94407, (gDx*0,gDy*8,gDz*0)),rgb(0,1,0.8125));
		draw(
			ellipsoid( (0.67675,0.72508,-0.12755), (0.73282,-0.68006,0.022216), (0.070632,0.1085,0.99158), 3.2964, 1.4554, 0.94512, (gDx*1,gDy*8,gDz*0)),rgb(0,1,0.8125));
		draw(
			ellipsoid( (0.70048,0.71342,0.019035), (0.71256,-0.69765,-0.074396), (0.039796,-0.065676,0.99705), 3.3196, 1.7356, 1.0326, (gDx*2,gDy*8,gDz*0)),rgb(0,1,0.71875));
		draw(
			ellipsoid( (0.6023,0.75317,0.26451), (0.78548,-0.50009,-0.36459), (0.14232,-0.42736,0.89281), 3.1529, 1.671, 1.1593, (gDx*3,gDy*8,gDz*0)),rgb(0,1,0.4375));
		draw(
			ellipsoid( (0.64811,0.67196,0.35836), (0.74279,-0.454,-0.49207), (0.16796,-0.5851,0.79338), 3.0959, 1.863, 1.1279, (gDx*4,gDy*8,gDz*0)),rgb(0,1,0.4375));
		draw(
			ellipsoid( (0.77235,0.50091,0.3906), (0.62477,-0.48805,-0.60949), (0.11467,-0.71477,0.68989), 2.8659, 1.9052, 1.0747, (gDx*5,gDy*8,gDz*0)),rgb(0,1,0.4375));
		draw(
			ellipsoid( (0.83736,0.22337,0.49893), (0.54659,-0.32892,-0.77009), (0.0079043,-0.91756,0.39752), 2.7876, 1.9855, 0.97111, (gDx*6,gDy*8,gDz*0)),rgb(0,1,0.53125));
		draw(
			ellipsoid( (0.80988,0.12189,0.5738), (-0.58132,0.29766,0.75727), (0.078496,0.94686,-0.31192), 2.7004, 1.9971, 1.0079, (gDx*7,gDy*8,gDz*0)),rgb(0,1,0.4375));
		draw(
			ellipsoid( (0.85989,0.050034,0.50801), (-0.4994,0.28859,0.81689), (0.10573,0.95615,-0.27314), 2.6072, 1.9586, 1.0443, (gDx*8,gDy*8,gDz*0)),rgb(0,1,0.34375));
		draw(
			ellipsoid( (-0.98221,-0.044048,-0.18254), (-0.18778,0.23031,0.95483), (1.7156e-05,-0.97212,0.23449), 2.4951, 1.9119, 1.2099, (gDx*9,gDy*8,gDz*0)),rgb(0.03125,1,0));
		draw(
			ellipsoid( (0.99136,0.129,-0.02378), (0.13117,-0.97329,0.1884), (-0.0011585,0.18989,0.9818), 2.51, 1.2817, 1.8355, (gDx*10,gDy*8,gDz*0)),rgb(0.125,1,0));
		draw(
			ellipsoid( (-0.34643,0.92449,-0.1591), (0.93677,0.34989,-0.0065831), (-0.049581,0.15132,0.98724), 1.1624, 2.4859, 1.9671, (gDx*11,gDy*8,gDz*0)),rgb(0,1,0.0625));
		draw(
			ellipsoid( (-0.45888,0.88706,-0.050534), (0.88757,0.46026,0.019626), (-0.040668,0.035847,0.99853), 1.1471, 2.9383, 2.1722, (gDx*12,gDy*8,gDz*0)),rgb(0,1,0.34375));
		draw(
			ellipsoid( (-0.51028,0.85995,-0.01), (0.85979,0.51037,0.016575), (-0.019358,0.00014029,0.99981), 1.1743, 3.1679, 2.2485, (gDx*13,gDy*8,gDz*0)),rgb(0,1,0.4375));
		draw(
			ellipsoid( (0.82849,0.55111,0.099387), (0.5567,-0.82977,-0.039601), (-0.060643,-0.088139,0.99426), 3.2437, 1.2954, 2.3129, (gDx*14,gDy*8,gDz*0)),rgb(0,1,0.34375));
		draw(
			ellipsoid( (0.69715,0.58112,0.41986), (0.71593,-0.59505,-0.36518), (-0.037624,-0.55518,0.83088), 3.3011, 1.7104, 2.476, (gDx*15,gDy*8,gDz*0)),rgb(0.125,1,0));
		draw(
			ellipsoid( (-0.65364,-0.18426,0.73403), (-0.7551,0.22382,-0.61622), (0.050752,0.95705,0.28543), 1.9457, 2.4964, 3.2224, (gDx*16,gDy*8,gDz*0)),rgb(0.40625,1,0));
		draw(
			ellipsoid( (-0.64769,-0.3151,0.6937), (-0.74923,0.098012,-0.65501), (-0.1384,0.94399,0.29956), 1.9294, 2.3068, 3.3474, (gDx*17,gDy*8,gDz*0)),rgb(0.3125,1,0));
		draw(
			ellipsoid( (-0.73389,-0.52128,0.43552), (-0.66799,0.43747,-0.602), (-0.12328,0.73273,0.66926), 1.861, 2.3819, 3.0964, (gDx*18,gDy*8,gDz*0)),rgb(0.40625,1,0));
		draw(
			ellipsoid( (-0.46512,-0.81588,0.3435), (-0.86005,0.32456,-0.39366), (-0.2097,0.47853,0.85266), 1.8768, 2.7554, 3.2669, (gDx*19,gDy*8,gDz*0)),rgb(0.3125,1,0));
		draw(
			ellipsoid( (0.41244,0.82451,-0.3874), (0.86409,-0.21939,0.45301), (-0.28853,0.52158,0.80294), 1.8369, 2.8225, 3.4109, (gDx*20,gDy*8,gDz*0)),rgb(0.125,1,0));
		draw(
			ellipsoid( (-0.41547,-0.78839,0.45368), (-0.88815,0.24391,-0.38948), (-0.19641,0.56476,0.80155), 1.8805, 2.907, 3.5046, (gDx*21,gDy*8,gDz*0)),rgb(0.125,1,0));
		draw(
			ellipsoid( (-0.48267,-0.72195,0.4958), (-0.86793,0.31853,-0.38111), (-0.11722,0.61426,0.78035), 1.9621, 2.889, 3.5314, (gDx*22,gDy*8,gDz*0)),rgb(0.21875,1,0));
		draw(
			ellipsoid( (-0.46567,-0.63973,0.61147), (-0.87664,0.23898,-0.41759), (-0.12102,0.73051,0.6721), 2.0191, 2.9273, 3.584, (gDx*23,gDy*8,gDz*0)),rgb(0.3125,1,0));
		draw(
			ellipsoid( (-0.42033,-0.46178,0.78108), (-0.88354,0.012291,-0.4682), (-0.2066,0.88691,0.41317), 2.0205, 2.9616, 3.6299, (gDx*24,gDy*8,gDz*0)),rgb(0.21875,1,0));
		draw(
			ellipsoid( (-0.62219,-0.61767,0.481), (-0.6448,0.75276,0.13257), (0.44397,0.22767,0.86664), 3.2825, 1.2297, 0.89297, (gDx*0,gDy*9,gDz*0)),rgb(0,1,0.90625));
		draw(
			ellipsoid( (0.73681,0.62627,-0.25474), (0.65977,-0.74834,0.068534), (0.14771,0.21857,0.96458), 3.1601, 1.464, 0.99514, (gDx*1,gDy*9,gDz*0)),rgb(0,1,0.71875));
		draw(
			ellipsoid( (0.81768,0.57298,-0.05555), (0.57392,-0.81891,0.0012019), (0.044802,0.032864,0.99846), 3.5722, 1.7761, 0.98029, (gDx*2,gDy*9,gDz*0)),rgb(0,1,0.8125));
		draw(
			ellipsoid( (0.85371,0.5204,0.019029), (0.51078,-0.8297,-0.22517), (0.10139,-0.20195,0.97413), 3.3589, 1.8708, 1.0562, (gDx*3,gDy*9,gDz*0)),rgb(0,1,0.625));
		draw(
			ellipsoid( (0.79779,0.57378,0.18523), (0.58795,-0.67224,-0.4499), (0.13362,-0.46783,0.87366), 3.1348, 2.0406, 1.1564, (gDx*4,gDy*9,gDz*0)),rgb(0,1,0.4375));
		draw(
