	import three;
	import settings;

	surface ellipsoid(triple v1,triple v2,triple v3,real l1,real l2, real l3, triple pos=O) {
		transform3 T = identity(4);
		T[0][0] = l1*v1.x;
		T[1][0] = l1*v1.y;
		T[2][0] = l1*v1.z;
		T[0][1] = l2*v2.x;
		T[1][1] = l2*v2.y;
		T[2][1] = l2*v2.z;
		T[0][2] = l3*v3.x;
		T[1][2] = l3*v3.y;
		T[2][2] = l3*v3.z;
		T[0][3] = pos.x;
		T[1][3] = pos.y;
		T[2][3] = pos.z;
		return T*unitsphere;
	}

	size(200);

	real gDx=4;
	real gDy=4;
	real gDz=4;

	currentprojection=perspective( camera=(gDx*12,gDy*12,25),up=Y, target=(gDx*12,gDy*12,gDz*-0.5));
		draw(
			ellipsoid( (-0.085174,0.018211,-0.9962), (-0.89635,-0.438,0.068631), (0.43508,-0.89879,-0.053629), 3.5269, 1.2613, 0.8283, (gDx*0,gDy*0,gDz*0)),rgb(0,1,1));
		draw(
			ellipsoid( (0.22396,0.0019564,-0.9746), (0.9745,0.013852,0.22397), (-0.013939,0.9999,-0.0011959), 3.4914, 1.5502, 1.0112, (gDx*1,gDy*0,gDz*0)),rgb(0,1,0.8125));
		draw(
			ellipsoid( (0.79993,-0.18408,-0.57116), (-0.59798,-0.16491,-0.78436), (-0.05019,-0.96898,0.24199), 3.7129, 1.2315, 1.0309, (gDx*2,gDy*0,gDz*0)),rgb(0,1,0.90625));
		draw(
			ellipsoid( (-0.91986,0.23401,0.31478), (0.30554,0.93074,0.20092), (0.24596,-0.281,0.92765), 4.4517, 0.88107, 1.0998, (gDx*3,gDy*0,gDz*0)),rgb(0,0.71875,1));
		draw(
			ellipsoid( (0.95813,-0.14996,-0.24393), (-0.28526,-0.57377,-0.76773), (0.02483,-0.80517,0.59253), 3.5211, 1.1409, 1.3826, (gDx*4,gDy*0,gDz*0)),rgb(0,1,0.71875));
		draw(
			ellipsoid( (0.99926,-0.038415,-0.00058188), (-0.034975,-0.91584,0.40002), (0.0159,0.39971,0.9165), 3.5824, 1.5529, 0.91024, (gDx*5,gDy*0,gDz*0)),rgb(0,1,0.90625));
		draw(
			ellipsoid( (0.98164,0.17805,-0.068408), (0.17867,-0.73285,0.65651), (-0.066756,0.65668,0.75121), 4.156, 1.7388, 0.78752, (gDx*6,gDy*0,gDz*0)),rgb(0,0.8125,1));
		draw(
			ellipsoid( (0.97917,0.20037,0.032947), (0.16051,-0.66433,-0.73), (0.12438,-0.72008,0.68265), 4.0551, 0.83491, 1.3077, (gDx*7,gDy*0,gDz*0)),rgb(0,0.8125,1));
		draw(
			ellipsoid( (0.97476,0.16743,0.14771), (0.22202,-0.79684,-0.56192), (-0.023622,-0.58053,0.8139), 3.3576, 0.73382, 1.5064, (gDx*8,gDy*0,gDz*0)),rgb(0,0.90625,1));
		draw(
			ellipsoid( (0.97759,0.19387,0.082084), (0.20278,-0.7622,-0.61476), (0.056621,-0.61762,0.78443), 3.005, 0.63006, 1.3527, (gDx*9,gDy*0,gDz*0)),rgb(0,0.90625,1));
		draw(
			ellipsoid( (-0.76365,-0.64133,0.074344), (-0.51166,0.6714,0.53613), (0.39375,-0.37138,0.84086), 3.1561, 0.95954, 1.6568, (gDx*10,gDy*0,gDz*0)),rgb(0,1,0.71875));
		draw(
			ellipsoid( (-0.88925,0.4457,0.1029), (0.44862,0.80583,0.3865), (-0.089344,-0.38985,0.91653), 1.244, 2.4149, 2.3122, (gDx*11,gDy*0,gDz*0)),rgb(0,1,0.0625));
		draw(
			ellipsoid( (0.25017,0.963,0.1002), (0.96103,-0.25955,0.095118), (-0.11761,-0.072496,0.99041), 4.488, 0.93828, 1.8958, (gDx*12,gDy*0,gDz*0)),rgb(0,0.90625,1));
		draw(
			ellipsoid( (0.32656,0.94517,-0.0040839), (0.94513,-0.32659,-0.0084333), (0.0093046,0.0011059,0.99996), 6.0619, 1.1678, 1.8185, (gDx*13,gDy*0,gDz*0)),rgb(0,0.8125,1));
		draw(
			ellipsoid( (0.65386,0.73794,-0.16707), (0.75614,-0.62945,0.17902), (-0.026944,0.24338,0.96956), 4.2943, 0.84101, 2.0458, (gDx*14,gDy*0,gDz*0)),rgb(0,0.8125,1));
		draw(
			ellipsoid( (0.82984,0.53903,-0.14427), (0.55783,-0.79498,0.2384), (-0.013809,0.27831,0.96039), 4.4575, 0.85576, 1.9447, (gDx*15,gDy*0,gDz*0)),rgb(0,0.8125,1));
		draw(
			ellipsoid( (0.90143,0.40975,-0.13975), (0.4327,-0.84231,0.32137), (-0.013967,0.35017,0.93658), 4.2702, 0.93816, 1.9969, (gDx*16,gDy*0,gDz*0)),rgb(0,0.90625,1));
		draw(
			ellipsoid( (0.98843,0.12267,-0.089227), (0.15153,-0.77138,0.61807), (-0.0069905,0.62444,0.78104), 4.5403, 0.87385, 1.7051, (gDx*17,gDy*0,gDz*0)),rgb(0,0.8125,1));
		draw(
			ellipsoid( (0.99607,0.057999,-0.06688), (0.088018,-0.56797,0.81833), (-0.0094766,0.821,0.57084), 5.0569, 0.74019, 1.9049, (gDx*18,gDy*0,gDz*0)),rgb(0,0.625,1));
		draw(
			ellipsoid( (0.99801,-0.025252,0.057713), (-0.062965,-0.4284,0.90139), (-0.0019627,0.90324,0.42914), 4.2133, 1.2818, 2.1179, (gDx*19,gDy*0,gDz*0)),rgb(0,1,0.71875));
		draw(
			ellipsoid( (0.96614,-0.21519,0.14234), (-0.21985,-0.39792,0.89069), (0.13503,0.89183,0.43176), 3.3384, 1.0681, 2.3021, (gDx*20,gDy*0,gDz*0)),rgb(0,1,0.625));
		draw(
			ellipsoid( (-0.88435,0.3738,-0.27965), (0.38599,0.24855,-0.88839), (0.26257,0.89359,0.36409), 3.572, 1.0513, 2.2316, (gDx*21,gDy*0,gDz*0)),rgb(0,1,0.71875));
		draw(
			ellipsoid( (0.91446,-0.22031,0.33944), (-0.36954,-0.11279,0.92234), (0.16492,0.96889,0.18456), 4.1386, 1.1804, 2.078, (gDx*22,gDy*0,gDz*0)),rgb(0,1,0.8125));
		draw(
			ellipsoid( (-0.57957,-0.17752,0.79535), (-0.81359,0.18189,-0.55226), (0.046628,0.96716,0.24985), 1.4094, 3.5982, 2.5822, (gDx*23,gDy*0,gDz*0)),rgb(0,1,0.34375));
		draw(
			ellipsoid( (-0.91805,-0.24333,0.31301), (-0.36384,0.20345,-0.90897), (-0.1575,0.94837,0.27531), 1.8569, 3.4205, 2.6229, (gDx*24,gDy*0,gDz*0)),rgb(0.21875,1,0));
		draw(
			ellipsoid( (0.36648,-0.34674,-0.8634), (-0.91674,0.023987,-0.39876), (-0.15898,-0.93765,0.30908), 3.8864, 1.4859, 0.88363, (gDx*0,gDy*1,gDz*0)),rgb(0,1,1));
		draw(
			ellipsoid( (0.079301,-0.41939,-0.90433), (-0.98489,-0.1731,-0.0060881), (0.15399,-0.89115,0.42678), 4.4213, 0.93614, 1.1526, (gDx*1,gDy*1,gDz*0)),rgb(0,0.8125,1));
		draw(
			ellipsoid( (-0.37019,0.50097,0.7823), (0.73275,-0.36015,0.57738), (-0.57099,-0.78697,0.23377), 3.6427, 0.91174, 1.4737, (gDx*2,gDy*1,gDz*0)),rgb(0,1,0.90625));
		draw(
			ellipsoid( (0.63038,-0.48107,-0.60926), (-0.76658,-0.50949,-0.39086), (0.12238,-0.71344,0.68995), 3.3341, 1.3118, 1.1136, (gDx*3,gDy*1,gDz*0)),rgb(0,1,0.71875));
		draw(
			ellipsoid( (0.77081,-0.45017,-0.45079), (-0.63705,-0.53935,-0.55069), (-0.0047699,-0.71165,0.70251), 4.1965, 0.85123, 1.4473, (gDx*4,gDy*1,gDz*0)),rgb(0,0.8125,1));
		draw(
			ellipsoid( (-0.83342,0.5148,0.201), (0.45661,0.43655,0.77519), (-0.31132,-0.73784,0.59889), 3.1737, 0.99648, 1.4899, (gDx*5,gDy*1,gDz*0)),rgb(0,1,0.71875));
		draw(
			ellipsoid( (0.96679,-0.077517,-0.24351), (-0.21062,-0.78137,-0.58746), (0.14474,-0.61924,0.77175), 3.3928, 0.86354, 1.6101, (gDx*6,gDy*1,gDz*0)),rgb(0,1,0.90625));
		draw(
			ellipsoid( (0.99174,-0.010339,-0.12782), (-0.1144,0.37904,-0.91828), (-0.057942,-0.92532,-0.37473), 3.5976, 1.2535, 0.73401, (gDx*7,gDy*1,gDz*0)),rgb(0,0.8125,1));
		draw(
			ellipsoid( (0.99899,-0.042712,-0.014193), (-0.045004,-0.94335,-0.32873), (-0.00065127,-0.32903,0.94432), 2.9224, 0.6714, 1.4073, (gDx*8,gDy*1,gDz*0)),rgb(0,1,1));
		draw(
			ellipsoid( (0.99999,-0.0016502,-0.0038485), (-0.00302,-0.92087,-0.38986), (0.0029006,-0.38987,0.92087), 3.0002, 0.55708, 1.1633, (gDx*9,gDy*1,gDz*0)),rgb(0,0.8125,1));
		draw(
			ellipsoid( (0.95147,0.30633,0.029395), (0.27782,-0.81395,-0.5102), (0.13236,-0.49361,0.85955), 2.797, 0.81416, 1.2047, (gDx*10,gDy*1,gDz*0)),rgb(0,1,0.8125));
		draw(
			ellipsoid( (-0.87888,-0.4532,-0.1489), (-0.43963,0.89066,-0.11598), (-0.18518,0.036472,0.98203), 2.7002, 0.73485, 1.4175, (gDx*11,gDy*1,gDz*0)),rgb(0,1,0.8125));
		draw(
			ellipsoid( (-0.78144,-0.60245,-0.16247), (-0.56012,0.79202,-0.24284), (-0.27498,0.098764,0.95636), 3.2161, 0.89479, 1.5791, (gDx*12,gDy*1,gDz*0)),rgb(0,1,0.8125));
		draw(
			ellipsoid( (0.74539,0.66653,-0.011933), (0.65287,-0.72627,0.21514), (-0.13473,0.16816,0.97651), 4.8231, 0.90823, 1.8746, (gDx*13,gDy*1,gDz*0)),rgb(0,0.8125,1));
		draw(
			ellipsoid( (0.77422,0.62714,-0.085306), (0.62813,-0.74483,0.22512), (-0.077639,0.22787,0.97059), 4.7741, 0.64153, 1.944, (gDx*14,gDy*1,gDz*0)),rgb(0,0.53125,1));
		draw(
			ellipsoid( (-0.83589,-0.54505,0.064905), (-0.5205,0.74954,-0.40899), (-0.17427,0.37566,0.91023), 4.0484, 0.92251, 2.0388, (gDx*15,gDy*1,gDz*0)),rgb(0,1,1));
		draw(
			ellipsoid( (0.9049,0.40446,-0.13256), (0.41851,-0.78882,0.45012), (-0.077487,0.46279,0.88307), 3.7446, 1.1323, 2.1071, (gDx*16,gDy*1,gDz*0)),rgb(0,1,0.71875));
		draw(
			ellipsoid( (0.99162,0.0043612,-0.12909), (0.092815,-0.71909,0.68869), (0.089822,0.6949,0.71347), 4.2718, 0.97875, 1.9073, (gDx*17,gDy*1,gDz*0)),rgb(0,1,1));
		draw(
			ellipsoid( (0.98905,-0.09107,-0.11616), (-0.13925,-0.83674,-0.52961), (0.048964,-0.53998,0.84025), 4.9068, 2.1593, 0.79296, (gDx*18,gDy*1,gDz*0)),rgb(0,0.71875,1));
		draw(
			ellipsoid( (0.98735,-0.15699,0.022389), (-0.11152,-0.58704,0.80184), (0.11274,0.79419,0.59712), 4.362, 1.4231, 2.3221, (gDx*19,gDy*1,gDz*0)),rgb(0,1,0.625));
		draw(
			ellipsoid( (0.98097,-0.18898,0.044614), (-0.13342,-0.48906,0.86199), (0.14108,0.85153,0.50496), 4.9255, 1.0741, 2.2945, (gDx*20,gDy*1,gDz*0)),rgb(0,0.90625,1));
		draw(
			ellipsoid( (0.9476,-0.25173,0.19668), (-0.28705,-0.40079,0.87004), (0.14019,0.88091,0.45204), 4.9788, 1.1172, 2.1375, (gDx*21,gDy*1,gDz*0)),rgb(0,1,1));
		draw(
			ellipsoid( (0.93077,-0.21152,0.29821), (-0.3643,-0.60548,0.70759), (-0.030892,0.76724,0.64061), 4.9466, 1.4087, 2.0129, (gDx*22,gDy*1,gDz*0)),rgb(0,1,0.8125));
		draw(
			ellipsoid( (-0.84161,0.15887,-0.51619), (0.49902,0.59429,-0.63071), (-0.20657,0.7884,0.57944), 4.4752, 1.6433, 2.3092, (gDx*23,gDy*1,gDz*0)),rgb(0,1,0.4375));
		draw(
			ellipsoid( (-0.71295,0.36366,-0.59954), (0.59629,-0.13548,-0.79126), (0.36898,0.92163,0.12025), 4.3035, 1.8074, 2.5409, (gDx*24,gDy*1,gDz*0)),rgb(0,1,0.25));
		draw(
			ellipsoid( (0.49595,-0.42132,-0.75929), (-0.80075,0.11633,-0.58759), (-0.33589,-0.89942,0.27968), 3.5381, 1.084, 1.1435, (gDx*0,gDy*2,gDz*0)),rgb(0,1,0.90625));
		draw(
			ellipsoid( (0.17514,-0.54624,-0.81912), (-0.95674,0.10192,-0.27253), (-0.23235,-0.83141,0.50476), 4.1196, 0.74394, 1.2329, (gDx*1,gDy*2,gDz*0)),rgb(0,0.71875,1));
		draw(
			ellipsoid( (-0.84072,0.44434,-0.30945), (0.54138,0.67922,-0.49554), (0.010003,0.58414,0.81159), 0.74903, 1.5069, 4.3057, (gDx*2,gDy*2,gDz*0)),rgb(0,0.71875,1));
		draw(
			ellipsoid( (0.96576,0.19186,-0.17464), (0.2556,-0.81903,0.51368), (0.044485,0.54073,0.84002), 1.5638, 1.0827, 3.5212, (gDx*3,gDy*2,gDz*0)),rgb(0,1,0.71875));
		draw(
			ellipsoid( (0.48828,-0.47416,-0.73264), (-0.84546,-0.048968,-0.53178), (-0.21627,-0.87908,0.42479), 3.5593, 1.5337, 1.3173, (gDx*4,gDy*2,gDz*0)),rgb(0,1,0.53125));
		draw(
			ellipsoid( (-0.44153,0.78959,0.42614), (0.74491,0.057824,0.66466), (-0.50017,-0.6109,0.61371), 3.2385, 1.2016, 1.6647, (gDx*5,gDy*2,gDz*0)),rgb(0,1,0.4375));
		draw(
			ellipsoid( (-0.73666,0.63525,0.23193), (0.51417,0.74889,-0.41808), (0.43927,0.18873,0.8783), 3.0378, 1.5764, 1.2236, (gDx*6,gDy*2,gDz*0)),rgb(0,1,0.34375));
		draw(
			ellipsoid( (0.89877,-0.43528,-0.052335), (-0.41106,-0.87818,0.24459), (0.15242,0.19832,0.96821), 3.2431, 1.5987, 0.91563, (gDx*7,gDy*2,gDz*0)),rgb(0,1,0.8125));
		draw(
			ellipsoid( (0.85949,-0.5081,0.055803), (-0.50111,-0.81602,0.28811), (0.10085,0.27559,0.95597), 2.9152, 1.3639, 0.99416, (gDx*8,gDy*2,gDz*0)),rgb(0,1,0.625));
		draw(
			ellipsoid( (0.94986,-0.31088,0.033509), (-0.24522,-0.67416,0.69669), (0.19399,0.66997,0.71659), 3.2142, 1.2454, 0.85076, (gDx*9,gDy*2,gDz*0)),rgb(0,1,0.90625));
		draw(
			ellipsoid( (0.99984,-0.0035249,0.017479), (-0.017746,-0.29219,0.9562), (-0.0017367,0.95635,0.29221), 3.0045, 1.3946, 0.87247, (gDx*10,gDy*2,gDz*0)),rgb(0,1,0.8125));
		draw(
			ellipsoid( (0.97661,0.21326,-0.027283), (0.20602,-0.96454,-0.16498), (0.061499,-0.1555,0.98592), 3.4865, 0.99208, 1.1728, (gDx*11,gDy*2,gDz*0)),rgb(0,1,0.90625));
		draw(
			ellipsoid( (0.96552,0.24377,0.091387), (0.24927,-0.96691,-0.05431), (-0.075124,-0.075217,0.99433), 4.0192, 1.0921, 1.6182, (gDx*12,gDy*2,gDz*0)),rgb(0,1,0.90625));
		draw(
			ellipsoid( (-0.90446,-0.41967,0.076307), (-0.40453,0.90066,0.15865), (0.13531,-0.11262,0.98438), 5.2616, 1.2617, 1.9491, (gDx*13,gDy*2,gDz*0)),rgb(0,1,1));
		draw(
			ellipsoid( (-0.85564,-0.47696,0.20097), (-0.47837,0.87702,0.044747), (0.1976,0.057852,0.97857), 5.3918, 0.93777, 1.905, (gDx*14,gDy*2,gDz*0)),rgb(0,0.71875,1));
		draw(
			ellipsoid( (-0.87172,-0.38524,0.3028), (-0.43836,0.88926,-0.13062), (0.21894,0.2466,0.94406), 5.443, 0.95678, 2.0391, (gDx*15,gDy*2,gDz*0)),rgb(0,0.71875,1));
		draw(
			ellipsoid( (-0.89604,-0.28313,0.34197), (-0.31121,-0.14879,-0.93862), (-0.31664,0.94747,-0.045203), 5.2021, 2.1466, 1.0978, (gDx*16,gDy*2,gDz*0)),rgb(0,0.90625,1));
		draw(
			ellipsoid( (0.895,-0.0077395,-0.446), (0.41353,0.38923,0.8231), (-0.16722,0.92111,-0.35156), 4.4361, 2.3686, 1.0149, (gDx*17,gDy*2,gDz*0)),rgb(0,1,1));
		draw(
			ellipsoid( (0.95212,-0.068956,-0.29783), (-0.27701,-0.60673,-0.74508), (0.12933,-0.79191,0.59678), 4.7078, 2.2766, 1.0482, (gDx*18,gDy*2,gDz*0)),rgb(0,1,1));
		draw(
			ellipsoid( (0.92707,-0.30973,-0.21121), (-0.37417,-0.79918,-0.47044), (0.023087,-0.51516,0.85679), 4.1915, 2.4301, 1.4665, (gDx*19,gDy*2,gDz*0)),rgb(0,1,0.53125));
		draw(
			ellipsoid( (0.9366,-0.32702,-0.12584), (-0.348,-0.82616,-0.44312), (-0.040943,-0.45882,0.88758), 4.6365, 2.4278, 1.1173, (gDx*20,gDy*2,gDz*0)),rgb(0,1,1));
		draw(
			ellipsoid( (-0.92344,0.37497,-0.081611), (0.2579,0.44893,-0.85554), (0.28416,0.81108,0.51127), 4.4444, 1.1177, 2.3155, (gDx*21,gDy*2,gDz*0)),rgb(0,1,0.90625));
		draw(
			ellipsoid( (0.92867,-0.28574,0.23647), (-0.36551,-0.59676,0.71434), (0.062999,0.74982,0.65863), 4.1353, 1.4093, 2.3435, (gDx*22,gDy*2,gDz*0)),rgb(0,1,0.53125));
		draw(
			ellipsoid( (-0.8171,0.18311,-0.54665), (0.55099,0.52701,-0.64705), (-0.16961,0.8299,0.53151), 3.8658, 1.5561, 2.6757, (gDx*23,gDy*2,gDz*0)),rgb(0,1,0.34375));
		draw(
			ellipsoid( (-0.63324,0.5189,-0.57424), (0.70673,0.085235,-0.70233), (0.31549,0.85058,0.42069), 3.925, 1.7131, 2.7439, (gDx*24,gDy*2,gDz*0)),rgb(0,1,0.15625));
		draw(
			ellipsoid( (0.76764,-0.37526,-0.51952), (-0.63223,-0.57613,-0.51803), (0.10491,-0.72612,0.67951), 3.4384, 1.4741, 0.97557, (gDx*0,gDy*3,gDz*0)),rgb(0,1,0.8125));
		draw(
			ellipsoid( (0.18419,-0.61847,-0.76391), (-0.9417,-0.33369,0.04311), (0.28157,-0.71144,0.64388), 3.1848, 1.3513, 0.97618, (gDx*1,gDy*3,gDz*0)),rgb(0,1,0.71875));
		draw(
			ellipsoid( (-0.19121,-0.63963,-0.74452), (-0.81545,-0.31867,0.4832), (0.54633,-0.69951,0.46066), 3.9158, 1.6953, 0.75791, (gDx*2,gDy*3,gDz*0)),rgb(0,0.8125,1));
		draw(
			ellipsoid( (-0.37707,-0.52225,-0.7649), (-0.80222,-0.22857,0.55154), (0.46288,-0.82159,0.33277), 4.6299, 1.3836, 0.82307, (gDx*3,gDy*3,gDz*0)),rgb(0,0.71875,1));
		draw(
			ellipsoid( (-0.3005,0.83668,-0.45788), (0.95169,0.23124,-0.20203), (0.063158,0.49647,0.86575), 1.0444, 1.8311, 3.3857, (gDx*4,gDy*3,gDz*0)),rgb(0,1,0.71875));
		draw(
			ellipsoid( (-0.13049,-0.80586,-0.57755), (-0.73023,-0.31591,0.60578), (0.67063,-0.50079,0.54724), 2.8316, 1.6086, 1.2969, (gDx*5,gDy*3,gDz*0)),rgb(0,1,0.15625));
		draw(
			ellipsoid( (-0.14926,0.87211,0.466), (0.74954,0.40716,-0.52192), (0.64491,-0.27138,0.71445), 2.9047, 1.6112, 1.2151, (gDx*6,gDy*3,gDz*0)),rgb(0,1,0.25));
		draw(
			ellipsoid( (-0.51246,0.8459,0.14777), (0.61681,0.48233,-0.62202), (0.59744,0.22761,0.76893), 2.924, 1.7562, 1.1529, (gDx*7,gDy*3,gDz*0)),rgb(0,1,0.34375));
		draw(
			ellipsoid( (-0.54415,0.83571,0.074128), (0.74128,0.43751,0.50901), (-0.39295,-0.33192,0.85757), 3.0638, 1.0446, 1.6875, (gDx*8,gDy*3,gDz*0)),rgb(0,1,0.53125));
		draw(
			ellipsoid( (0.47654,0.54405,0.6906), (0.70477,-0.70598,0.069848), (-0.52555,-0.45343,0.71986), 1.0903, 2.6932, 1.9569, (gDx*9,gDy*3,gDz*0)),rgb(0,1,0.34375));
		draw(
			ellipsoid( (-0.93702,0.33653,-0.093477), (0.26714,0.86295,0.42891), (-0.22501,-0.37692,0.8985), 2.9825, 0.88135, 1.8604, (gDx*10,gDy*3,gDz*0)),rgb(0,1,0.71875));
		draw(
			ellipsoid( (0.99325,-0.045049,-0.10688), (-0.10537,-0.73555,-0.66923), (0.048467,-0.67597,0.73533), 2.8951, 1.1131, 1.6575, (gDx*11,gDy*3,gDz*0)),rgb(0,1,0.34375));
		draw(
			ellipsoid( (0.99849,-0.03279,0.044113), (-0.052436,-0.32762,0.94335), (0.016481,0.94424,0.32884), 4.1636, 1.5327, 1.1304, (gDx*12,gDy*3,gDz*0)),rgb(0,1,0.90625));
		draw(
			ellipsoid( (0.97892,0.18653,-0.083156), (0.17113,-0.52694,0.8325), (-0.11147,0.82918,0.54775), 4.966, 1.8247, 1.3859, (gDx*13,gDy*3,gDz*0)),rgb(0,1,0.90625));
		draw(
			ellipsoid( (-0.91726,-0.32812,0.22575), (-0.30668,0.22024,-0.92598), (-0.25411,0.91861,0.30264), 4.7382, 1.6856, 1.1799, (gDx*14,gDy*3,gDz*0)),rgb(0,1,1));
		draw(
			ellipsoid( (-0.86542,-0.34418,0.36412), (-0.35127,-0.10144,-0.93076), (-0.35729,0.93341,0.033114), 5.2865, 1.7381, 0.95772, (gDx*15,gDy*3,gDz*0)),rgb(0,0.71875,1));
		draw(
			ellipsoid( (-0.86808,-0.30184,0.39411), (-0.42092,0.026658,-0.90671), (-0.26317,0.95299,0.15019), 4.875, 1.9382, 1.0377, (gDx*16,gDy*3,gDz*0)),rgb(0,0.90625,1));
		draw(
			ellipsoid( (0.90952,0.05728,-0.4117), (0.36238,0.37594,0.85285), (-0.20363,0.92487,-0.32116), 4.0053, 2.0341, 1.0604, (gDx*17,gDy*3,gDz*0)),rgb(0,1,0.90625));
		draw(
			ellipsoid( (-0.94236,0.024158,0.33372), (-0.25693,-0.69117,-0.67548), (-0.21434,0.72229,-0.65754), 4.4118, 1.9758, 1.0473, (gDx*18,gDy*3,gDz*0)),rgb(0,1,1));
		draw(
			ellipsoid( (0.84725,-0.4065,-0.34195), (-0.51315,-0.79271,-0.32908), (0.13729,-0.45428,0.88021), 4.449, 2.3402, 1.1518, (gDx*19,gDy*3,gDz*0)),rgb(0,1,0.90625));
		draw(
			ellipsoid( (0.87356,-0.38138,-0.30238), (-0.48303,-0.75556,-0.44251), (0.059703,-0.53262,0.84424), 4.4906, 2.4835, 1.0943, (gDx*20,gDy*3,gDz*0)),rgb(0,1,1));
		draw(
			ellipsoid( (0.94597,-0.31557,-0.074589), (-0.31967,-0.86894,-0.37782), (-0.054416,-0.38125,0.92287), 4.0955, 2.4251, 1.2342, (gDx*21,gDy*3,gDz*0)),rgb(0,1,0.71875));
		draw(
			ellipsoid( (0.96951,-0.24303,-0.031329), (-0.23427,-0.88176,-0.40941), (-0.071876,-0.40427,0.91181), 3.6506, 2.4232, 1.8292, (gDx*22,gDy*3,gDz*0)),rgb(0.03125,1,0));
		draw(
			ellipsoid( (-0.86854,0.44058,-0.22698), (0.43239,0.44978,-0.7815), (0.24222,0.77691,0.58116), 3.2657, 2.2598, 2.6803, (gDx*23,gDy*3,gDz*0)),rgb(0.78125,1,0));
		draw(
			ellipsoid( (-0.40337,0.80125,-0.44192), (0.85318,0.50388,0.13483), (-0.33071,0.32265,0.88687), 3.8474, 2.8971, 2.0898, (gDx*24,gDy*3,gDz*0)),rgb(0.21875,1,0));
		draw(
			ellipsoid( (0.81998,-0.53753,-0.1967), (-0.57006,-0.79786,-0.19608), (0.05154,-0.27291,0.96066), 4.0449, 1.3213, 0.76948, (gDx*0,gDy*4,gDz*0)),rgb(0,0.8125,1));
		draw(
			ellipsoid( (0.53997,-0.75401,-0.37404), (-0.83378,-0.41839,-0.36023), (-0.11512,-0.50638,0.85459), 2.8982, 1.3572, 0.82626, (gDx*1,gDy*4,gDz*0)),rgb(0,1,0.8125));
		draw(
			ellipsoid( (-0.22872,0.64442,-0.72967), (0.97349,0.14894,-0.17361), (0.0031963,0.75003,0.6614), 0.85873, 1.6112, 2.6652, (gDx*2,gDy*4,gDz*0)),rgb(0,1,0.625));
		draw(
			ellipsoid( (0.4116,0.49898,0.76263), (0.91132,-0.23366,-0.33897), (-0.0090549,-0.83452,0.5509), 3.4228, 1.2235, 0.94078, (gDx*3,gDy*4,gDz*0)),rgb(0,1,0.90625));
		draw(
			ellipsoid( (0.20809,0.44095,0.87308), (0.97149,-0.19682,-0.13214), (-0.11357,-0.87569,0.46934), 3.4684, 1.4134, 1.0051, (gDx*4,gDy*4,gDz*0)),rgb(0,1,0.8125));
		draw(
			ellipsoid( (-0.46125,-0.56356,-0.68531), (-0.68897,0.71418,-0.12359), (-0.55908,-0.41515,0.71768), 3.263, 1.1131, 1.651, (gDx*5,gDy*4,gDz*0)),rgb(0,1,0.53125));
		draw(
			ellipsoid( (-0.37487,-0.71182,-0.59396), (-0.75046,-0.14317,0.64522), (0.54432,-0.68762,0.48052), 3.1089, 1.6177, 1.1594, (gDx*6,gDy*4,gDz*0)),rgb(0,1,0.4375));
		draw(
			ellipsoid( (-0.1378,-0.9449,-0.29696), (-0.69929,0.30514,-0.64644), (-0.70143,-0.11858,0.70281), 3.0756, 1.3278, 1.6701, (gDx*7,gDy*4,gDz*0)),rgb(0,1,0.25));
		draw(
			ellipsoid( (-0.88759,-0.0010654,-0.46063), (-0.45331,-0.1756,0.87388), (0.081819,-0.98446,-0.15538), 1.0152, 1.5998, 3.318, (gDx*8,gDy*4,gDz*0)),rgb(0,1,0.71875));
		draw(
			ellipsoid( (-0.73077,0.026552,-0.68211), (0.6666,-0.1875,-0.72145), (0.14705,0.98191,-0.11932), 1.2509, 1.6863, 2.7178, (gDx*9,gDy*4,gDz*0)),rgb(0,1,0.0625));
		draw(
			ellipsoid( (-0.80348,0.54685,-0.23529), (0.47535,0.82727,0.29944), (-0.3584,-0.12875,0.92465), 2.396, 1.3333, 1.8371, (gDx*10,gDy*4,gDz*0)),rgb(0.3125,1,0));
		draw(
			ellipsoid( (0.92166,-0.3427,-0.18195), (-0.38338,-0.87653,-0.29106), (0.059741,-0.33801,0.93924), 3.4181, 0.96994, 1.7078, (gDx*11,gDy*4,gDz*0)),rgb(0,1,0.8125));
		draw(
			ellipsoid( (0.94886,-0.31273,0.043155), (-0.3153,-0.93205,0.17851), (0.015603,0.18299,0.98299), 4.8461, 0.88528, 1.8948, (gDx*12,gDy*4,gDz*0)),rgb(0,0.8125,1));
		draw(
			ellipsoid( (0.97678,-0.21256,-0.026797), (-0.19769,-0.94246,0.2696), (0.082561,0.25804,0.9626), 4.772, 1.2824, 2.2171, (gDx*13,gDy*4,gDz*0)),rgb(0,1,0.8125));
		draw(
			ellipsoid( (0.98775,-0.070062,-0.13945), (-0.15408,-0.29572,-0.94277), (-0.024812,-0.9527,0.3029), 3.8138, 2.076, 1.2642, (gDx*14,gDy*4,gDz*0)),rgb(0,1,0.625));
		draw(
			ellipsoid( (0.91578,0.097924,-0.38955), (0.3744,0.14317,0.91615), (-0.14549,0.98484,-0.094452), 4.0497, 1.9682, 0.93409, (gDx*15,gDy*4,gDz*0)),rgb(0,1,1));
		draw(
			ellipsoid( (0.9187,0.038563,-0.39307), (0.39125,0.047141,0.91908), (-0.053972,0.99814,-0.02822), 3.9462, 2.134, 0.97124, (gDx*16,gDy*4,gDz*0)),rgb(0,1,0.90625));
		draw(
			ellipsoid( (-0.95242,-0.10211,0.28718), (-0.20063,-0.49924,-0.84291), (-0.22944,0.86042,-0.455), 3.4526, 1.7626, 1.2931, (gDx*17,gDy*4,gDz*0)),rgb(0,1,0.4375));
		draw(
			ellipsoid( (0.93928,0.0058485,-0.34311), (0.29523,0.49591,0.81665), (-0.17493,0.86835,-0.46407), 4.7631, 1.8136, 1.159, (gDx*18,gDy*4,gDz*0)),rgb(0,1,1));
		draw(
			ellipsoid( (0.83688,-0.36247,-0.41017), (-0.53663,-0.69105,-0.48423), (0.10793,-0.62535,0.77284), 4.7355, 2.3816, 1.3394, (gDx*19,gDy*4,gDz*0)),rgb(0,1,0.8125));
		draw(
			ellipsoid( (0.74963,-0.46118,-0.47473), (-0.6604,-0.56877,-0.49028), (0.043906,-0.68104,0.73093), 4.5061, 2.7468, 1.4626, (gDx*20,gDy*4,gDz*0)),rgb(0,1,0.625));
		draw(
			ellipsoid( (0.77767,-0.57139,-0.26219), (-0.62115,-0.63401,-0.46065), (-0.096977,-0.52109,0.84797), 4.1841, 2.7671, 1.4562, (gDx*21,gDy*4,gDz*0)),rgb(0,1,0.53125));
		draw(
			ellipsoid( (0.68677,-0.65684,-0.31131), (-0.71324,-0.69151,-0.11442), (0.14012,-0.30061,0.9434), 3.7757, 2.9129, 1.8087, (gDx*22,gDy*4,gDz*0)),rgb(0,1,0.0625));
		draw(
			ellipsoid( (0.65293,-0.73243,-0.19295), (-0.75729,-0.62654,-0.1843), (-0.014098,-0.26645,0.96374), 4.2207, 2.6971, 2.0238, (gDx*23,gDy*4,gDz*0)),rgb(0,1,0.0625));
		draw(
			ellipsoid( (0.44158,-0.89194,0.097236), (-0.89638,-0.43386,0.090971), (0.038954,0.12733,0.9911), 4.5816, 2.945, 2.0192, (gDx*24,gDy*4,gDz*0)),rgb(0,1,0.15625));
		draw(
			ellipsoid( (0.53915,-0.82773,-0.1555), (-0.842,-0.52556,-0.12177), (-0.019072,-0.19658,0.9803), 4.1424, 1.5978, 0.85268, (gDx*0,gDy*5,gDz*0)),rgb(0,0.90625,1));
		draw(
			ellipsoid( (-0.29993,0.90764,0.29364), (0.89987,0.37136,-0.22876), (0.31668,-0.19563,0.92814), 3.681, 1.415, 0.81859, (gDx*1,gDy*5,gDz*0)),rgb(0,0.90625,1));
		draw(
			ellipsoid( (-0.51482,0.39389,-0.76145), (0.85622,0.19156,-0.47979), (0.04312,0.89897,0.43588), 0.81438, 1.6917, 3.4357, (gDx*2,gDy*5,gDz*0)),rgb(0,1,1));
		draw(
			ellipsoid( (-0.44318,-0.72635,-0.52536), (-0.78599,0.033042,0.61736), (0.43106,-0.68653,0.58555), 3.2474, 1.4314, 0.96819, (gDx*3,gDy*5,gDz*0)),rgb(0,1,0.71875));
		draw(
			ellipsoid( (-0.37991,-0.58903,-0.71324), (-0.85204,-0.077358,0.51772), (0.36013,-0.8044,0.47249), 3.2412, 1.7484, 0.95104, (gDx*4,gDy*5,gDz*0)),rgb(0,1,0.71875));
		draw(
			ellipsoid( (-0.73584,-0.32492,-0.59411), (-0.62664,-0.0057699,0.77929), (0.25663,-0.94572,0.19936), 3.6966, 1.6495, 0.87219, (gDx*5,gDy*5,gDz*0)),rgb(0,1,1));
		draw(
			ellipsoid( (0.79099,0.37316,0.48486), (0.59335,-0.27457,-0.75667), (0.14923,-0.88621,0.43859), 3.191, 1.7259, 0.93906, (gDx*6,gDy*5,gDz*0)),rgb(0,1,0.71875));
		draw(
			ellipsoid( (0.7237,0.48287,0.49305), (0.64852,-0.23156,-0.72512), (0.23597,-0.84452,0.48073), 2.8836, 1.6819, 1.2036, (gDx*7,gDy*5,gDz*0)),rgb(0,1,0.25));
		draw(
			ellipsoid( (0.31275,0.70168,0.64018), (0.94931,-0.25337,-0.18606), (-0.031651,-0.66592,0.74535), 2.147, 1.5156, 1.3632, (gDx*8,gDy*5,gDz*0)),rgb(0.5,1,0));
		draw(
			ellipsoid( (-0.45876,-0.86022,-0.22261), (-0.78092,0.50985,-0.36086), (-0.42391,-0.0082921,0.90566), 3.359, 1.0897, 1.7141, (gDx*9,gDy*5,gDz*0)),rgb(0,1,0.625));
		draw(
			ellipsoid( (0.99678,-0.065515,0.046249), (0.077308,0.63166,-0.77138), (-0.021323,-0.77247,-0.63469), 1.8393, 1.6959, 2.2945, (gDx*10,gDy*5,gDz*0)),rgb(0.96875,1,0));
		draw(
			ellipsoid( (0.81535,-0.5002,-0.29156), (-0.54474,-0.49216,-0.67899), (-0.19614,-0.71244,0.67376), 3.1136, 1.3786, 1.4854, (gDx*11,gDy*5,gDz*0)),rgb(0,1,0.34375));
		draw(
			ellipsoid( (-0.85887,0.51149,0.026734), (0.49153,0.83779,-0.23771), (0.14398,0.19102,0.97097), 4.833, 1.0634, 1.9743, (gDx*12,gDy*5,gDz*0)),rgb(0,0.90625,1));
		draw(
			ellipsoid( (-0.84879,0.50679,0.15073), (0.45107,0.8428,-0.29364), (0.27585,0.18125,0.94396), 5.2263, 1.154, 2.4902, (gDx*13,gDy*5,gDz*0)),rgb(0,0.90625,1));
		draw(
			ellipsoid( (-0.88708,0.41705,0.19786), (0.32987,0.87257,-0.36027), (0.32291,0.25432,0.91162), 4.2118, 1.1272, 2.4206, (gDx*14,gDy*5,gDz*0)),rgb(0,1,0.8125));
		draw(
			ellipsoid( (0.89073,-0.17743,-0.41847), (-0.43612,-0.074207,-0.89682), (-0.12807,-0.98133,0.14348), 3.6969, 2.2372, 1.0197, (gDx*15,gDy*5,gDz*0)),rgb(0,1,0.8125));
		draw(
			ellipsoid( (0.91198,-0.10478,-0.39663), (-0.40834,-0.13905,-0.90218), (-0.039379,-0.98473,0.1696), 4.2709, 2.3196, 0.85046, (gDx*16,gDy*5,gDz*0)),rgb(0,0.8125,1));
		draw(
			ellipsoid( (0.97112,0.018757,-0.23787), (0.20726,0.42758,0.8799), (-0.11821,0.90378,-0.41134), 3.5432, 2.0202, 1.1344, (gDx*17,gDy*5,gDz*0)),rgb(0,1,0.625));
		draw(
			ellipsoid( (0.95527,-0.009673,-0.29557), (0.28902,0.24223,0.92617), (-0.062639,0.97017,-0.2342), 4.9276, 2.0462, 1.0295, (gDx*18,gDy*5,gDz*0)),rgb(0,0.90625,1));
		draw(
			ellipsoid( (0.86851,-0.26873,-0.41651), (-0.49515,-0.50913,-0.704), (0.022874,-0.81766,0.57525), 4.4263, 2.5592, 1.5, (gDx*19,gDy*5,gDz*0)),rgb(0,1,0.53125));
		draw(
			ellipsoid( (0.77042,-0.36376,-0.52357), (-0.63745,-0.42664,-0.64158), (-0.010002,-0.82804,0.56058), 4.1651, 3.0639, 1.6027, (gDx*20,gDy*5,gDz*0)),rgb(0,1,0.4375));
		draw(
			ellipsoid( (0.87801,-0.42476,-0.22063), (-0.46855,-0.66863,-0.5774), (-0.097736,-0.61034,0.78609), 4.2072, 2.9968, 1.4106, (gDx*21,gDy*5,gDz*0)),rgb(0,1,0.625));
		draw(
			ellipsoid( (0.74349,-0.61494,-0.26281), (-0.66862,-0.67587,-0.31009), (-0.013061,-0.40627,0.91366), 3.7857, 3.1115, 1.5502, (gDx*22,gDy*5,gDz*0)),rgb(0,1,0.34375));
		draw(
			ellipsoid( (0.7108,-0.67874,-0.18458), (-0.69075,-0.62403,-0.36532), (-0.13277,-0.38717,0.9124), 4.2678, 2.9569, 1.6063, (gDx*23,gDy*5,gDz*0)),rgb(0,1,0.4375));
		draw(
			ellipsoid( (0.57299,-0.81954,-0.0054046), (-0.80445,-0.56115,-0.19488), (-0.15668,-0.11601,0.98081), 4.4201, 3.1817, 1.7184, (gDx*24,gDy*5,gDz*0)),rgb(0,1,0.34375));
		draw(
			ellipsoid( (-0.6315,-0.084304,0.77078), (-0.77278,-0.01277,-0.63454), (-0.063337,0.99636,0.057085), 1.0013, 1.4045, 3.2911, (gDx*0,gDy*6,gDz*0)),rgb(0,1,0.71875));
		draw(
			ellipsoid( (0.92104,-0.076902,0.3818), (0.3879,0.093242,-0.91697), (-0.034917,-0.99267,-0.11571), 1.2274, 0.85346, 3.5458, (gDx*1,gDy*6,gDz*0)),rgb(0,1,1));
		draw(
			ellipsoid( (0.18754,0.94485,0.26848), (0.93778,-0.25355,0.23722), (-0.29221,-0.20729,0.93362), 3.6017, 1.2905, 1.019, (gDx*2,gDy*6,gDz*0)),rgb(0,1,0.90625));
		draw(
			ellipsoid( (0.49936,0.7598,0.41635), (0.86584,-0.4204,-0.27127), (0.03108,-0.49595,0.8678), 3.663, 1.4268, 0.90083, (gDx*3,gDy*6,gDz*0)),rgb(0,1,1));
		draw(
			ellipsoid( (0.54442,0.64856,0.53195), (0.82623,-0.30519,-0.47351), (0.14476,-0.6973,0.70201), 3.3949, 1.6728, 0.99286, (gDx*4,gDy*6,gDz*0)),rgb(0,1,0.71875));
		draw(
			ellipsoid( (0.75207,0.30607,0.5837), (0.62175,-0.035637,-0.7824), (0.21867,-0.95134,0.2171), 3.1401, 1.6088, 1.1687, (gDx*5,gDy*6,gDz*0)),rgb(0,1,0.4375));
		draw(
			ellipsoid( (0.73319,0.22074,0.6432), (0.67722,-0.15123,-0.72007), (0.06168,-0.96354,0.26037), 3.4412, 2.222, 0.78513, (gDx*6,gDy*6,gDz*0)),rgb(0,0.90625,1));
		draw(
			ellipsoid( (0.63696,0.24223,0.73185), (0.76381,-0.069825,-0.64166), (0.10432,-0.9677,0.22949), 3.1264, 2.2051, 1.0025, (gDx*7,gDy*6,gDz*0)),rgb(0,1,0.625));
		draw(
			ellipsoid( (0.78108,0.34961,0.51738), (0.60607,-0.22502,-0.76292), (0.1503,-0.90947,0.38765), 2.9273, 1.9552, 0.95588, (gDx*8,gDy*6,gDz*0)),rgb(0,1,0.625));
		draw(
			ellipsoid( (-0.7242,-0.62017,-0.30152), (-0.51455,0.77709,-0.36245), (-0.45909,0.10734,0.88188), 3.7118, 1.004, 2.0769, (gDx*9,gDy*6,gDz*0)),rgb(0,1,0.8125));
		draw(
			ellipsoid( (0.47295,-0.76404,0.43883), (-0.77916,-0.5952,-0.19656), (-0.41137,0.24896,0.87681), 1.0314, 3.1643, 2.3357, (gDx*10,gDy*6,gDz*0)),rgb(0,1,0.625));
		draw(
			ellipsoid( (0.62037,-0.43951,0.64959), (-0.67318,0.1266,0.72856), (0.40245,0.88927,0.21733), 1.257, 2.0074, 2.6681, (gDx*11,gDy*6,gDz*0)),rgb(0,1,0.0625));
		draw(
			ellipsoid( (-0.37215,-0.50566,0.77834), (-0.90837,0.026133,-0.41735), (-0.19069,0.86234,0.46905), 1.6542, 2.4705, 2.7118, (gDx*12,gDy*6,gDz*0)),rgb(0.40625,1,0));
		draw(
			ellipsoid( (-0.49264,0.8591,0.13877), (0.79424,0.50904,-0.33176), (0.35566,0.053225,0.9331), 4.3302, 1.7367, 2.2502, (gDx*13,gDy*6,gDz*0)),rgb(0,1,0.34375));
		draw(
			ellipsoid( (-0.63629,0.75964,0.13448), (0.56936,0.34479,0.74629), (-0.52054,-0.55142,0.6519), 4.333, 2.5061, 1.3334, (gDx*14,gDy*6,gDz*0)),rgb(0,1,0.71875));
		draw(
			ellipsoid( (-0.83344,0.51131,0.20963), (0.45441,0.41824,0.7865), (-0.31447,-0.75076,0.58092), 3.7366, 2.2, 1.3858, (gDx*15,gDy*6,gDz*0)),rgb(0,1,0.4375));
		draw(
			ellipsoid( (0.92409,-0.32049,-0.20817), (-0.3438,-0.45928,-0.81906), (-0.1669,-0.82846,0.5346), 3.8514, 2.2984, 1.2868, (gDx*16,gDy*6,gDz*0)),rgb(0,1,0.625));
		draw(
			ellipsoid( (0.85054,-0.40735,-0.33265), (-0.5259,-0.66341,-0.53228), (0.0038581,-0.62766,0.77848), 2.9918, 2.1994, 1.5096, (gDx*17,gDy*6,gDz*0)),rgb(0.03125,1,0));
		draw(
			ellipsoid( (0.96655,-0.045635,-0.25237), (-0.25633,-0.14039,-0.95634), (-0.0082126,-0.98904,0.14739), 4.2445, 2.0781, 1.1554, (gDx*18,gDy*6,gDz*0)),rgb(0,1,0.8125));
		draw(
			ellipsoid( (0.85259,-0.24926,-0.45931), (-0.48439,-0.047111,-0.87358), (-0.19611,-0.96729,0.1609), 4.3424, 2.1799, 1.4923, (gDx*19,gDy*6,gDz*0)),rgb(0,1,0.53125));
		draw(
			ellipsoid( (0.84591,-0.29948,-0.44131), (-0.5237,-0.62295,-0.58109), (0.10089,-0.72266,0.6838), 4.0817, 2.2681, 1.7396, (gDx*20,gDy*6,gDz*0)),rgb(0,1,0.25));
		draw(
			ellipsoid( (0.6759,-0.64917,-0.34892), (-0.73698,-0.59273,-0.32485), (-0.0040715,-0.47671,0.87905), 3.8303, 2.6628, 1.5052, (gDx*21,gDy*6,gDz*0)),rgb(0,1,0.34375));
		draw(
			ellipsoid( (0.22866,-0.94192,-0.24598), (-0.9729,-0.21214,-0.092045), (-0.034518,-0.26036,0.96489), 3.8648, 2.6723, 1.5077, (gDx*22,gDy*6,gDz*0)),rgb(0,1,0.34375));
		draw(
			ellipsoid( (0.20075,-0.95863,-0.2018), (-0.97059,-0.16669,-0.1737), (-0.13288,-0.23074,0.9639), 3.9123, 2.8817, 1.3856, (gDx*23,gDy*6,gDz*0)),rgb(0,1,0.53125));
		draw(
			ellipsoid( (-0.2097,-0.040586,0.97692), (-0.97404,-0.078471,-0.21234), (-0.085278,0.99609,0.023077), 1.3863, 2.9397, 4.571, (gDx*24,gDy*6,gDz*0)),rgb(0,1,0.71875));
		draw(
			ellipsoid( (0.5707,0.82111,-0.0087189), (0.82105,-0.57041,0.022829), (-0.013772,0.020187,0.9997), 2.8338, 1.504, 0.87877, (gDx*0,gDy*7,gDz*0)),rgb(0,1,0.71875));
		draw(
			ellipsoid( (0.5957,0.79744,0.096048), (0.80246,-0.59603,-0.028323), (-0.034662,-0.093947,0.99497), 3.0114, 1.5473, 0.71363, (gDx*1,gDy*7,gDz*0)),rgb(0,1,1));
		draw(
			ellipsoid( (0.6389,0.73303,0.23339), (0.76743,-0.58622,-0.25961), (0.053486,-0.34498,0.93709), 3.3314, 1.4436, 0.94599, (gDx*2,gDy*7,gDz*0)),rgb(0,1,0.8125));
		draw(
			ellipsoid( (-0.49696,-0.73714,-0.45788), (-0.79442,0.17414,0.58187), (0.34919,-0.65292,0.67213), 3.2028, 1.5256, 0.91248, (gDx*3,gDy*7,gDz*0)),rgb(0,1,0.8125));
		draw(
			ellipsoid( (0.44305,0.67397,0.59116), (0.87241,-0.1723,-0.4574), (0.20641,-0.71838,0.66432), 3.2451, 1.8744, 0.83435, (gDx*4,gDy*7,gDz*0)),rgb(0,1,0.90625));
		draw(
			ellipsoid( (0.80874,0.39759,0.43342), (0.58209,-0.43547,-0.68668), (0.084275,-0.80764,0.58362), 2.9058, 1.5396, 1.126, (gDx*5,gDy*7,gDz*0)),rgb(0,1,0.4375));
		draw(
			ellipsoid( (0.88455,0.13279,0.44714), (0.46637,-0.23463,-0.85291), (0.0083497,-0.96297,0.26947), 2.8751, 2.0336, 0.84732, (gDx*6,gDy*7,gDz*0)),rgb(0,1,0.8125));
		draw(
			ellipsoid( (0.64536,0.035613,0.76305), (-0.7601,0.12914,0.63684), (0.075863,0.99099,-0.11041), 3.0588, 1.9648, 0.80988, (gDx*7,gDy*7,gDz*0)),rgb(0,1,0.90625));
		draw(
			ellipsoid( (0.81811,0.10437,0.56551), (0.57388,-0.2112,-0.79124), (-0.036853,-0.97186,0.23268), 2.6543, 1.7331, 0.83821, (gDx*8,gDy*7,gDz*0)),rgb(0,1,0.625));
		draw(
			ellipsoid( (-0.83391,-0.43925,-0.33416), (-0.46001,0.21864,0.86058), (0.30495,-0.87135,0.38438), 3.0348, 1.7568, 1.0237, (gDx*9,gDy*7,gDz*0)),rgb(0,1,0.53125));
		draw(
			ellipsoid( (-0.91177,-0.40123,-0.087642), (-0.31571,0.82125,-0.47527), (-0.26267,0.40567,0.87546), 2.9582, 0.94251, 1.652, (gDx*10,gDy*7,gDz*0)),rgb(0,1,0.625));
		draw(
			ellipsoid( (0.61372,-0.73387,0.29116), (-0.76086,-0.64822,-0.030069), (-0.21081,0.20308,0.9562), 0.77074, 2.6176, 1.7033, (gDx*11,gDy*7,gDz*0)),rgb(0,1,0.71875));
		draw(
			ellipsoid( (-0.67927,-0.68286,-0.26888), (-0.68239,0.72251,-0.11101), (-0.27007,-0.10807,0.95676), 3.4798, 0.9935, 1.9414, (gDx*12,gDy*7,gDz*0)),rgb(0,1,0.8125));
		draw(
			ellipsoid( (-0.48887,-0.85294,-0.18306), (-0.84217,0.51617,-0.15594), (-0.22749,-0.077936,0.97066), 3.0574, 1.4927, 2.2458, (gDx*13,gDy*7,gDz*0)),rgb(0.03125,1,0));
		draw(
			ellipsoid( (-0.93325,-0.011965,0.35902), (0.35635,-0.15687,0.92109), (-0.045298,-0.98755,-0.15066), 1.4316, 2.2321, 3.5469, (gDx*14,gDy*7,gDz*0)),rgb(0,1,0.34375));
		draw(
			ellipsoid( (0.67018,0.25935,-0.69542), (0.63613,0.28199,0.71821), (-0.38236,0.9237,-0.024002), 1.5976, 2.4358, 3.0548, (gDx*15,gDy*7,gDz*0)),rgb(0.125,1,0));
		draw(
			ellipsoid( (-0.67261,0.70432,0.22699), (0.5463,0.26571,0.79433), (-0.49915,-0.65828,0.56349), 4.3111, 2.3105, 1.5883, (gDx*16,gDy*7,gDz*0)),rgb(0,1,0.4375));
		draw(
			ellipsoid( (-0.4433,0.86721,0.22681), (0.70109,0.17777,0.69056), (-0.55854,-0.46514,0.68679), 4.0295, 1.9576, 1.7501, (gDx*17,gDy*7,gDz*0)),rgb(0,1,0.34375));
		draw(
			ellipsoid( (-0.90515,0.30326,0.29788), (0.35288,0.14536,0.92431), (-0.237,-0.94176,0.23859), 3.5419, 2.4077, 1.5138, (gDx*18,gDy*7,gDz*0)),rgb(0,1,0.25));
		draw(
			ellipsoid( (0.35091,0.93253,-0.0851), (0.80282,-0.34638,-0.48528), (0.48202,-0.10197,0.87021), 1.2922, 4.3375, 2.8367, (gDx*19,gDy*7,gDz*0)),rgb(0,1,0.71875));
		draw(
			ellipsoid( (-0.75941,0.4011,0.51227), (0.5862,0.080224,0.80619), (-0.28226,-0.91252,0.29605), 4.094, 2.6326, 1.6029, (gDx*20,gDy*7,gDz*0)),rgb(0,1,0.34375));
		draw(
			ellipsoid( (-0.59253,0.61655,0.51843), (0.76543,0.23037,0.60087), (-0.25104,-0.75286,0.60843), 4.2551, 2.7849, 1.5332, (gDx*21,gDy*7,gDz*0)),rgb(0,1,0.4375));
		draw(
			ellipsoid( (-0.39984,0.80377,0.44054), (0.8825,0.20773,0.42194), (-0.24763,-0.55749,0.79239), 3.5855, 2.8274, 1.9148, (gDx*22,gDy*7,gDz*0)),rgb(0.21875,1,0));
		draw(
			ellipsoid( (-0.22466,-0.42316,0.87776), (-0.94279,-0.13334,-0.30558), (-0.24634,0.89619,0.36899), 1.7797, 3.2661, 3.2986, (gDx*23,gDy*7,gDz*0)),rgb(0.03125,1,0));
		draw(
			ellipsoid( (0.26683,0.076019,-0.96074), (0.90959,0.30959,0.27712), (-0.3185,0.94783,-0.013462), 1.8583, 3.3767, 3.7008, (gDx*24,gDy*7,gDz*0)),rgb(0,1,0.0625));
		draw(
			ellipsoid( (-0.6213,-0.7455,0.24127), (-0.7314,0.44129,-0.51992), (-0.28113,0.49949,0.81944), 3.5519, 1.4586, 0.87106, (gDx*0,gDy*8,gDz*0)),rgb(0,1,1));
		draw(
			ellipsoid( (0.69918,0.7091,-0.091282), (0.69171,-0.63863,0.33717), (-0.18079,0.29888,0.93701), 3.5407, 1.4719, 0.79184, (gDx*1,gDy*8,gDz*0)),rgb(0,1,1));
		draw(
			ellipsoid( (0.62343,0.78188,-0.0010768), (0.75694,-0.60321,0.25135), (-0.19588,0.15752,0.9679), 3.3517, 1.8062, 1.0106, (gDx*2,gDy*8,gDz*0)),rgb(0,1,0.71875));
		draw(
			ellipsoid( (0.57682,0.79742,0.17719), (0.80104,-0.50966,-0.31398), (0.16007,-0.32304,0.93275), 2.8363, 1.5121, 1.3836, (gDx*3,gDy*8,gDz*0)),rgb(0,1,0.0625));
		draw(
			ellipsoid( (0.57819,0.71304,0.39658), (0.79342,-0.37806,-0.47703), (0.19021,-0.59047,0.78433), 2.7729, 1.9746, 1.2314, (gDx*4,gDy*8,gDz*0)),rgb(0,1,0.15625));
		draw(
			ellipsoid( (0.81283,0.46037,0.3569), (0.58212,-0.66417,-0.46905), (-0.021107,-0.58902,0.80785), 2.848, 1.6453, 1.2349, (gDx*5,gDy*8,gDz*0)),rgb(0,1,0.25));
		draw(
			ellipsoid( (0.74046,0.29247,0.60513), (0.67177,-0.29384,-0.67999), (0.021066,-0.91001,0.41405), 2.9712, 2.0362, 0.88415, (gDx*6,gDy*8,gDz*0)),rgb(0,1,0.71875));
		draw(
			ellipsoid( (0.58666,0.1263,0.79993), (0.80837,-0.15077,-0.56904), (-0.04873,-0.98047,0.19055), 3.1259, 1.9409, 0.73888, (gDx*7,gDy*8,gDz*0)),rgb(0,1,1));
		draw(
			ellipsoid( (0.72648,0.02366,0.68678), (-0.66114,0.29658,0.68915), (0.18738,0.95471,-0.23111), 3.0663, 1.7793, 0.76894, (gDx*8,gDy*8,gDz*0)),rgb(0,1,0.90625));
		draw(
			ellipsoid( (0.89662,0.19572,0.3972), (0.42702,-0.14483,-0.89257), (0.11717,-0.96991,0.21343), 2.7807, 1.8772, 1.2478, (gDx*9,gDy*8,gDz*0)),rgb(0,1,0.15625));
		draw(
			ellipsoid( (0.98551,0.16694,0.030041), (0.15402,-0.95489,0.2539), (-0.071073,0.24559,0.96676), 2.7546, 1.1879, 1.6654, (gDx*10,gDy*8,gDz*0)),rgb(0,1,0.25));
		draw(
			ellipsoid( (-0.38048,0.88839,-0.25691), (0.90295,0.41689,0.10436), (-0.19981,0.19227,0.96078), 0.97585, 2.2392, 1.8874, (gDx*11,gDy*8,gDz*0)),rgb(0,1,0.25));
		draw(
			ellipsoid( (0.90311,0.41161,0.12236), (0.40654,-0.91132,0.065023), (-0.13827,0.0089802,0.99035), 3.567, 1.0719, 2.0301, (gDx*12,gDy*8,gDz*0)),rgb(0,1,0.71875));
		draw(
			ellipsoid( (0.88477,0.46357,-0.047804), (0.46539,-0.88426,0.038678), (0.024341,0.056469,0.99811), 3.739, 1.1085, 2.2202, (gDx*13,gDy*8,gDz*0)),rgb(0,1,0.71875));
		draw(
			ellipsoid( (-0.73185,-0.63821,-0.23893), (-0.65832,0.75271,0.0058939), (-0.17608,-0.1616,0.97102), 3.4934, 1.4364, 2.1445, (gDx*14,gDy*8,gDz*0)),rgb(0,1,0.25));
		draw(
			ellipsoid( (0.7147,0.57058,0.40453), (0.69838,-0.61387,-0.368), (-0.038357,-0.54552,0.83722), 3.746, 1.6094, 2.1745, (gDx*15,gDy*8,gDz*0)),rgb(0,1,0.25));
		draw(
			ellipsoid( (-0.11856,0.96309,0.24165), (0.87758,-0.01222,0.47927), (-0.46453,-0.26889,0.84375), 3.481, 2.3848, 2.0644, (gDx*16,gDy*8,gDz*0)),rgb(0.40625,1,0));
		draw(
			ellipsoid( (-0.94319,-0.042841,0.32948), (0.3322,-0.14035,0.93271), (-0.0062842,-0.98917,-0.14661), 1.7494, 2.0521, 4.269, (gDx*17,gDy*8,gDz*0)),rgb(0,1,0.34375));
		draw(
			ellipsoid( (-0.5389,-0.79594,0.2758), (-0.83898,0.53648,-0.091074), (0.075473,0.28047,0.95689), 2.1786, 2.3647, 2.9267, (gDx*18,gDy*8,gDz*0)),rgb(0.96875,1,0));
		draw(
			ellipsoid( (-0.54654,-0.83559,0.055447), (-0.81307,0.51362,-0.27405), (-0.20051,0.19486,0.96012), 1.677, 2.9772, 3.9032, (gDx*19,gDy*8,gDz*0)),rgb(0,1,0.25));
		draw(
			ellipsoid( (0.50223,0.83857,-0.21111), (0.7778,-0.33139,0.53404), (-0.37788,0.43241,0.81868), 1.5082, 2.9149, 4.2234, (gDx*20,gDy*8,gDz*0)),rgb(0,1,0.53125));
		draw(
			ellipsoid( (0.49832,0.81777,-0.28798), (0.79301,-0.29567,0.53265), (-0.35043,0.4938,0.79584), 1.488, 3.2187, 4.4626, (gDx*21,gDy*8,gDz*0)),rgb(0,1,0.625));
		draw(
			ellipsoid( (-0.67295,-0.68255,0.28507), (-0.73861,0.5993,-0.30871), (-0.039867,0.4183,0.90743), 1.9351, 3.2085, 3.6781, (gDx*22,gDy*8,gDz*0)),rgb(0.125,1,0));
		draw(
			ellipsoid( (-0.46442,-0.67427,0.57417), (-0.87956,0.27548,-0.38793), (-0.1034,0.68518,0.721), 1.9318, 2.9608, 4.0328, (gDx*23,gDy*8,gDz*0)),rgb(0,1,0.0625));
		draw(
			ellipsoid( (0.63976,0.42183,-0.64246), (0.71124,-0.0081413,0.7029), (-0.29128,0.90664,0.30523), 2.2447, 3.2199, 3.8432, (gDx*24,gDy*8,gDz*0)),rgb(0.3125,1,0));
		draw(
			ellipsoid( (-0.62346,-0.64719,0.43868), (-0.64827,0.74157,0.17272), (0.43709,0.1767,0.88189), 3.6071, 1.2254, 0.96109, (gDx*0,gDy*9,gDz*0)),rgb(0,1,0.90625));
		draw(
			ellipsoid( (0.76381,0.61366,-0.20007), (0.64367,-0.7472,0.16551), (0.047924,0.25519,0.9657), 3.5367, 1.4645, 0.85481, (gDx*1,gDy*9,gDz*0)),rgb(0,1,1));
		draw(
			ellipsoid( (0.78388,0.61945,-0.042567), (0.62082,-0.78076,0.070624), (-0.010513,0.081788,0.99659), 3.8328, 2.003, 0.83464, (gDx*2,gDy*9,gDz*0)),rgb(0,0.90625,1));
		draw(
			ellipsoid( (0.74277,0.66731,0.054687), (0.65572,-0.70849,-0.26093), (0.13537,-0.22967,0.96381), 3.189, 1.89, 1.0512, (gDx*3,gDy*9,gDz*0)),rgb(0,1,0.625));
		draw(
			ellipsoid( (0.79748,0.57549,0.18122), (0.58925,-0.67834,-0.4389), (0.12966,-0.4568,0.88007), 3.3744, 2.3522, 0.98992, (gDx*4,gDy*9,gDz*0)),rgb(0,1,0.8125));
		draw(
