	import three;
	import settings;

	surface ellipsoid(triple v1,triple v2,triple v3,real l1,real l2, real l3, triple pos=O) {
		transform3 T = identity(4);
		T[0][0] = l1*v1.x;
		T[1][0] = l1*v1.y;
		T[2][0] = l1*v1.z;
		T[0][1] = l2*v2.x;
		T[1][1] = l2*v2.y;
		T[2][1] = l2*v2.z;
		T[0][2] = l3*v3.x;
		T[1][2] = l3*v3.y;
		T[2][2] = l3*v3.z;
		T[0][3] = pos.x;
		T[1][3] = pos.y;
		T[2][3] = pos.z;
		return T*unitsphere;
	}

	size(200);

	real gDx=4;
	real gDy=4;
	real gDz=4;

	currentprojection=perspective( camera=(gDx*12,gDy*12,25),up=Y, target=(gDx*12,gDy*12,gDz*-0.5));
		draw(
			ellipsoid( (-0.10486,0.042285,-0.99359), (-0.76517,-0.6416,0.053447), (0.63523,-0.76587,-0.099632), 3.7105, 1.0809, 0.7577, (gDx*0,gDy*0,gDz*0)),rgb(0,0.76562,1));
		draw(
			ellipsoid( (0.31699,0.022666,-0.94816), (0.94816,0.016188,0.31737), (-0.022543,0.99961,0.01636), 3.9486, 1.8008, 1.0043, (gDx*1,gDy*0,gDz*0)),rgb(0,1,0.95312));
		draw(
			ellipsoid( (0.79914,-0.20104,-0.56653), (-0.60111,-0.25803,-0.75637), (-0.0058794,-0.94499,0.32705), 4.4583, 1.3419, 0.80387, (gDx*2,gDy*0,gDz*0)),rgb(0,0.69531,1));
		draw(
			ellipsoid( (0.92574,-0.24275,-0.28996), (-0.3517,-0.83444,-0.42428), (0.13896,-0.49475,0.85785), 4.0511, 0.78662, 0.95475, (gDx*3,gDy*0,gDz*0)),rgb(0,0.67188,1));
		draw(
			ellipsoid( (-0.95809,0.085166,0.27351), (0.25089,0.71027,0.6577), (0.13825,-0.69876,0.70187), 3.4358, 1.2023, 1.3434, (gDx*4,gDy*0,gDz*0)),rgb(0,1,0.69531));
		draw(
			ellipsoid( (0.99967,-0.023089,-0.011273), (-0.020475,-0.4508,-0.89239), (-0.015522,-0.89233,0.45112), 3.7451, 1.0222, 1.4087, (gDx*5,gDy*0,gDz*0)),rgb(0,1,0.92969));
		draw(
			ellipsoid( (0.99626,0.086291,-0.0034841), (0.049972,-0.60892,-0.79166), (0.070434,-0.78853,0.61096), 4.2318, 0.84127, 1.904, (gDx*6,gDy*0,gDz*0)),rgb(0,0.8125,1));
		draw(
			ellipsoid( (0.98028,0.19027,0.053426), (0.16679,-0.94152,0.29277), (-0.10601,0.27809,0.95469), 4.3326, 1.4241, 0.78987, (gDx*7,gDy*0,gDz*0)),rgb(0,0.71875,1));
		draw(
			ellipsoid( (0.97098,0.13591,0.19677), (0.22361,-0.80769,-0.54557), (-0.084785,-0.57374,0.81464), 3.3157, 0.63143, 1.7134, (gDx*8,gDy*0,gDz*0)),rgb(0,0.76562,1));
		draw(
			ellipsoid( (0.98805,0.13667,0.071276), (0.15148,-0.77553,-0.61286), (0.028481,-0.61634,0.78697), 2.8015, 0.54762, 1.1674, (gDx*9,gDy*0,gDz*0)),rgb(0,0.78906,1));
		draw(
			ellipsoid( (-0.82403,-0.5663,-0.016417), (-0.50842,0.72639,0.46246), (0.24997,-0.38943,0.88649), 3.5997, 0.90222, 1.7887, (gDx*10,gDy*0,gDz*0)),rgb(0,1,0.95312));
		draw(
			ellipsoid( (-0.87934,0.45485,0.14098), (0.45841,0.72839,0.50923), (-0.12893,-0.51241,0.849), 1.3654, 2.6609, 2.7523, (gDx*11,gDy*0,gDz*0)),rgb(0,1,0.13281));
		draw(
			ellipsoid( (0.18091,0.97848,0.099249), (0.97468,-0.19186,0.11484), (-0.13141,-0.075961,0.98841), 4.8988, 0.51793, 1.9796, (gDx*12,gDy*0,gDz*0)),rgb(0,0.32031,1));
		draw(
			ellipsoid( (-0.26613,-0.96393,0.001555), (-0.82391,0.22831,0.51871), (0.50035,-0.13676,0.85495), 6.5933, 1.0755, 1.5067, (gDx*13,gDy*0,gDz*0)),rgb(0,0.55469,1));
		draw(
			ellipsoid( (0.6701,0.72137,-0.17488), (0.74007,-0.66743,0.082663), (0.057092,0.18482,0.98111), 4.5926, 0.83727, 1.942, (gDx*14,gDy*0,gDz*0)),rgb(0,0.74219,1));
		draw(
			ellipsoid( (0.81866,0.52708,-0.228), (0.56283,-0.81528,0.13618), (0.11411,0.23981,0.96409), 5.0199, 0.80546, 1.9487, (gDx*15,gDy*0,gDz*0)),rgb(0,0.625,1));
		draw(
			ellipsoid( (0.91648,0.3615,-0.17142), (0.39936,-0.85236,0.33762), (0.024067,0.37788,0.92554), 5.1583, 0.86246, 2.1009, (gDx*16,gDy*0,gDz*0)),rgb(0,0.67188,1));
		draw(
			ellipsoid( (0.98883,0.080589,-0.12535), (0.14153,-0.77117,0.6207), (0.046645,0.63151,0.77396), 4.5099, 0.72693, 1.4581, (gDx*17,gDy*0,gDz*0)),rgb(0,0.625,1));
		draw(
			ellipsoid( (0.9959,0.083228,-0.035452), (0.079998,-0.62725,0.7747), (-0.042239,0.77436,0.63134), 5.2613, 0.69093, 1.8164, (gDx*18,gDy*0,gDz*0)),rgb(0,0.48438,1));
		draw(
			ellipsoid( (0.99016,-0.13971,0.0075584), (-0.131,-0.94472,-0.30058), (-0.049135,-0.29664,0.95373), 4.4911, 2.134, 1.1609, (gDx*19,gDy*0,gDz*0)),rgb(0,1,0.92969));
		draw(
			ellipsoid( (0.92822,-0.2159,0.30298), (-0.36578,-0.38092,0.84918), (0.067923,0.89905,0.43255), 3.2751, 0.76844, 2.0882, (gDx*20,gDy*0,gDz*0)),rgb(0,0.92969,1));
		draw(
			ellipsoid( (-0.81363,0.40256,-0.41946), (0.54773,0.28887,-0.78521), (0.19492,0.86862,0.45553), 3.5901, 1.2942, 2.3648, (gDx*21,gDy*0,gDz*0)),rgb(0,1,0.50781));
		draw(
			ellipsoid( (0.95786,-0.12696,0.25765), (-0.26305,-0.027455,0.96439), (0.11536,0.99153,0.059693), 5.0408, 0.80514, 1.9535, (gDx*22,gDy*0,gDz*0)),rgb(0,0.625,1));
		draw(
			ellipsoid( (-0.63375,-0.1563,0.75758), (-0.76296,-0.035057,-0.64549), (-0.12745,0.98709,0.097034), 1.2458, 3.7027, 2.9242, (gDx*23,gDy*0,gDz*0)),rgb(0,1,0.67188));
		draw(
			ellipsoid( (-0.97099,-0.1944,0.13923), (-0.16369,0.11594,-0.97967), (-0.17431,0.97405,0.1444), 1.6903, 3.6656, 2.6136, (gDx*24,gDy*0,gDz*0)),rgb(0,1,0.10938));
		draw(
			ellipsoid( (0.38117,-0.35084,-0.85535), (-0.9218,-0.073541,-0.38062), (-0.070634,-0.93354,0.35144), 4.5352, 1.489, 0.7481, (gDx*0,gDy*1,gDz*0)),rgb(0,0.64844,1));
		draw(
			ellipsoid( (-0.94171,-0.30171,0.14886), (-0.33556,0.8743,-0.35072), (0.024326,0.38023,0.92457), 0.82026, 1.4099, 4.3587, (gDx*1,gDy*1,gDz*0)),rgb(0,0.74219,1));
		draw(
			ellipsoid( (-0.3688,0.38393,0.84651), (-0.66406,0.52841,-0.52897), (0.65039,0.75722,-0.060078), 3.615, 1.0185, 1.7971, (gDx*2,gDy*1,gDz*0)),rgb(0,1,0.83594));
		draw(
			ellipsoid( (0.71667,-0.38237,-0.58325), (-0.68787,-0.24966,-0.68155), (-0.11499,-0.88964,0.44194), 4.0934, 1.0221, 1.1548, (gDx*3,gDy*1,gDz*0)),rgb(0,0.88281,1));
		draw(
			ellipsoid( (0.78845,-0.44793,-0.42156), (-0.61062,-0.48738,-0.62418), (-0.074127,-0.74955,0.65778), 4.0981, 0.75112, 1.4809, (gDx*4,gDy*1,gDz*0)),rgb(0,0.74219,1));
		draw(
			ellipsoid( (-0.79188,0.5708,0.21706), (0.52835,0.46215,0.71223), (-0.30622,-0.67868,0.66754), 3.2686, 0.90185, 1.3172, (gDx*5,gDy*1,gDz*0)),rgb(0,1,0.88281));
		draw(
			ellipsoid( (-0.95077,0.045459,0.30655), (0.20951,0.82318,0.52772), (0.22835,-0.56596,0.79217), 3.5965, 0.67472, 1.8944, (gDx*6,gDy*1,gDz*0)),rgb(0,0.74219,1));
		draw(
			ellipsoid( (0.99316,-0.060308,-0.10002), (-0.09014,-0.94035,-0.32806), (0.074271,-0.33483,0.93935), 3.6001, 0.50316, 1.4994, (gDx*7,gDy*1,gDz*0)),rgb(0,0.53125,1));
		draw(
			ellipsoid( (0.99952,-0.016217,0.026389), (-0.029923,-0.28555,0.9579), (0.0079984,0.95823,0.2859), 2.7176, 1.71, 0.66378, (gDx*8,gDy*1,gDz*0)),rgb(0,0.97656,1));
		draw(
			ellipsoid( (0.99996,-0.0036119,-0.0077686), (-0.0070037,-0.86688,-0.49846), (0.0049341,-0.4985,0.86688), 3.2555, 0.60156, 1.1727, (gDx*9,gDy*1,gDz*0)),rgb(0,0.74219,1));
		draw(
			ellipsoid( (-0.95678,-0.28361,-0.064341), (-0.19582,0.46468,0.86355), (0.21502,-0.83883,0.50014), 2.9952, 0.80118, 1.6123, (gDx*10,gDy*1,gDz*0)),rgb(0,1,0.88281));
		draw(
			ellipsoid( (-0.84933,-0.48874,-0.19943), (-0.46106,0.87082,-0.17057), (-0.25703,0.052922,0.96495), 2.8277, 0.69911, 1.1064, (gDx*11,gDy*1,gDz*0)),rgb(0,1,1));
		draw(
			ellipsoid( (0.84442,0.53339,0.049505), (0.52112,-0.83934,0.15474), (-0.12409,0.10486,0.98671), 4.1613, 0.76456, 1.3735, (gDx*12,gDy*1,gDz*0)),rgb(0,0.71875,1));
		draw(
			ellipsoid( (0.7154,0.6976,-0.039496), (0.69869,-0.71372,0.049336), (-0.0062278,0.06289,0.998), 5.0603, 0.82834, 2.1746, (gDx*13,gDy*1,gDz*0)),rgb(0,0.64844,1));
		draw(
			ellipsoid( (0.67239,0.73989,-0.021263), (0.73216,-0.6606,0.16599), (-0.10877,0.12718,0.9859), 4.0091, 0.85569, 1.9495, (gDx*14,gDy*1,gDz*0)),rgb(0,0.88281,1));
		draw(
			ellipsoid( (-0.81018,-0.58617,0.001265), (-0.54851,0.75737,-0.3543), (-0.20673,0.28775,0.93513), 3.6396, 1.0229, 2.0662, (gDx*15,gDy*1,gDz*0)),rgb(0,1,0.83594));
		draw(
			ellipsoid( (-0.89363,-0.43831,0.096507), (-0.42959,0.7731,-0.46665), (-0.12993,0.45847,0.87916), 4.2759, 1.0978, 1.872, (gDx*16,gDy*1,gDz*0)),rgb(0,1,0.92969));
		draw(
			ellipsoid( (0.97684,0.04407,-0.2094), (0.18907,-0.636,0.74817), (0.10021,0.77043,0.6296), 3.9373, 0.96173, 1.9285, (gDx*17,gDy*1,gDz*0)),rgb(0,1,0.97656));
		draw(
			ellipsoid( (0.98583,-0.068365,-0.15318), (-0.13549,-0.86291,-0.48686), (0.098895,-0.50072,0.85994), 5.351, 2.222, 0.90505, (gDx*18,gDy*1,gDz*0)),rgb(0,0.67188,1));
		draw(
			ellipsoid( (0.98926,-0.14062,0.039907), (-0.1405,-0.83938,0.52507), (0.040341,0.52504,0.85012), 4.5736, 1.5414, 2.7322, (gDx*19,gDy*1,gDz*0)),rgb(0,1,0.60156));
		draw(
			ellipsoid( (0.97503,-0.22156,-0.01481), (-0.20631,-0.87921,-0.42945), (-0.082127,-0.42179,0.90297), 5.276, 2.6962, 0.97987, (gDx*20,gDy*1,gDz*0)),rgb(0,0.74219,1));
		draw(
			ellipsoid( (0.96305,-0.19077,0.1901), (-0.24988,-0.36961,0.89496), (0.10047,0.90939,0.40362), 5.0966, 1.0999, 2.6995, (gDx*21,gDy*1,gDz*0)),rgb(0,0.88281,1));
		draw(
			ellipsoid( (-0.88221,0.17794,-0.43594), (0.42899,0.6854,-0.58839), (-0.19409,0.7061,0.681), 4.7374, 1.417, 1.9062, (gDx*22,gDy*1,gDz*0)),rgb(0,1,0.8125));
		draw(
			ellipsoid( (-0.8769,0.21578,-0.42953), (0.42429,0.76741,-0.48069), (-0.2259,0.60376,0.76449), 4.2398, 1.6202, 2.1294, (gDx*23,gDy*1,gDz*0)),rgb(0,1,0.46094));
		draw(
			ellipsoid( (-0.70946,0.41641,-0.56857), (0.48676,0.87295,0.031956), (-0.50964,0.25409,0.82201), 4.4101, 2.9544, 1.8941, (gDx*24,gDy*1,gDz*0)),rgb(0,1,0.22656));
		draw(
			ellipsoid( (0.60206,-0.35566,-0.71486), (-0.79229,-0.3771,-0.47966), (0.098979,-0.85516,0.50883), 3.6927, 0.89687, 1.2866, (gDx*0,gDy*2,gDz*0)),rgb(0,0.95312,1));
		draw(
			ellipsoid( (-0.18908,0.46272,0.86611), (0.93787,-0.17624,0.2989), (-0.29095,-0.86881,0.40065), 3.7179, 0.47526, 1.4676, (gDx*1,gDy*2,gDz*0)),rgb(0,0.46094,1));
		draw(
			ellipsoid( (-0.068686,-0.57603,-0.81453), (-0.96702,0.23916,-0.087587), (-0.24526,-0.78166,0.57346), 3.1822, 0.84701, 1.4811, (gDx*2,gDy*2,gDz*0)),rgb(0,1,0.90625));
		draw(
			ellipsoid( (-0.36581,0.83108,-0.41892), (0.92884,0.29764,-0.22061), (0.058653,0.46981,0.88082), 0.98372, 1.9024, 4.3388, (gDx*3,gDy*2,gDz*0)),rgb(0,0.92969,1));
		draw(
			ellipsoid( (0.54225,-0.46158,-0.70208), (-0.84019,-0.29056,-0.45789), (-0.0073582,-0.83817,0.54537), 4.3565, 1.7966, 1.3663, (gDx*4,gDy*2,gDz*0)),rgb(0,1,0.76562));
		draw(
			ellipsoid( (-0.40892,0.8091,0.42208), (0.82548,0.13076,0.54908), (-0.38906,-0.57294,0.72136), 3.3036, 1.1285, 1.6332, (gDx*5,gDy*2,gDz*0)),rgb(0,1,0.60156));
		draw(
			ellipsoid( (-0.71328,0.66067,0.23397), (0.6528,0.50474,0.56488), (-0.2551,-0.55566,0.79131), 3.1789, 1.1577, 1.4871, (gDx*6,gDy*2,gDz*0)),rgb(0,1,0.55469));
		draw(
			ellipsoid( (0.80153,-0.59481,0.061239), (-0.593,-0.77755,0.2092), (0.076816,0.20399,0.97595), 3.3082, 1.5843, 0.97603, (gDx*7,gDy*2,gDz*0)),rgb(0,1,0.78906));
		draw(
			ellipsoid( (0.79217,-0.61026,0.0062939), (-0.60941,-0.79043,0.061935), (0.032822,0.052899,0.99806), 3.0969, 1.5678, 0.77261, (gDx*8,gDy*2,gDz*0)),rgb(0,1,0.95312));
		draw(
			ellipsoid( (0.97365,-0.22702,0.021713), (-0.19086,-0.86323,-0.46734), (-0.12484,-0.45088,0.88381), 3.4866, 0.73865, 1.0999, (gDx*9,gDy*2,gDz*0)),rgb(0,0.8125,1));
		draw(
			ellipsoid( (0.98926,0.080567,-0.12193), (0.14158,-0.32138,0.93631), (-0.03625,0.94352,0.32933), 2.6699, 1.4052, 0.67281, (gDx*10,gDy*2,gDz*0)),rgb(0,1,0.95312));
		draw(
			ellipsoid( (0.98732,0.15753,-0.019629), (0.1476,-0.86537,0.4789), (-0.058456,0.47573,0.87765), 3.746, 1.3373, 1.1009, (gDx*11,gDy*2,gDz*0)),rgb(0,1,0.88281));
		draw(
			ellipsoid( (0.96977,0.15694,0.18685), (0.19707,-0.05216,-0.979), (0.1439,-0.98623,0.081512), 4.4909, 1.6261, 1.0202, (gDx*12,gDy*2,gDz*0)),rgb(0,0.90625,1));
		draw(
			ellipsoid( (0.91825,0.39596,-0.0059568), (0.39046,-0.90779,-0.15313), (0.066043,-0.13829,0.98819), 5.7684, 1.2365, 2.2029, (gDx*13,gDy*2,gDz*0)),rgb(0,0.85938,1));
		draw(
			ellipsoid( (-0.84161,-0.52701,0.1181), (-0.50551,0.84565,0.17126), (0.19013,-0.084434,0.97812), 4.7638, 0.89587, 2.2189, (gDx*14,gDy*2,gDz*0)),rgb(0,0.76562,1));
		draw(
			ellipsoid( (-0.87986,-0.41678,0.22834), (-0.43326,0.90092,-0.025053), (0.19528,0.12097,0.97326), 5.0423, 1.0328, 2.2904, (gDx*15,gDy*2,gDz*0)),rgb(0,0.83594,1));
		draw(
			ellipsoid( (-0.89298,-0.24542,0.37731), (-0.37473,-0.058988,-0.92525), (-0.24933,0.96762,0.039291), 4.9401, 2.2142, 1.1405, (gDx*16,gDy*2,gDz*0)),rgb(0,0.95312,1));
		draw(
			ellipsoid( (0.85258,-0.024529,-0.52202), (0.49717,0.34589,0.79573), (-0.16104,0.93796,-0.30709), 5.0178, 2.6483, 0.91512, (gDx*17,gDy*2,gDz*0)),rgb(0,0.71875,1));
		draw(
			ellipsoid( (0.93123,-0.07958,-0.35564), (0.32191,0.63708,0.70036), (-0.17084,0.76668,-0.61888), 4.6022, 2.3932, 0.8514, (gDx*18,gDy*2,gDz*0)),rgb(0,0.74219,1));
		draw(
			ellipsoid( (0.916,-0.34613,-0.20281), (-0.39246,-0.87796,-0.27417), (0.083162,-0.33074,0.94005), 3.9501, 2.8291, 1.6669, (gDx*19,gDy*2,gDz*0)),rgb(0,1,0.27344));
		draw(
			ellipsoid( (0.88739,-0.43208,-0.16077), (-0.46016,-0.85148,-0.25146), (0.028238,-0.29712,0.95442), 4.8123, 2.6364, 0.95261, (gDx*20,gDy*2,gDz*0)),rgb(0,0.78906,1));
		draw(
			ellipsoid( (-0.92749,0.37199,-0.037333), (0.29084,0.78068,0.55313), (-0.2349,-0.50216,0.83226), 4.091, 2.0973, 1.3052, (gDx*21,gDy*2,gDz*0)),rgb(0,1,0.67188));
		draw(
			ellipsoid( (0.86618,-0.37508,0.33021), (-0.49302,-0.5335,0.68725), (0.081601,0.75808,0.64703), 4.25, 1.4541, 2.2715, (gDx*22,gDy*2,gDz*0)),rgb(0,1,0.57812));
		draw(
			ellipsoid( (0.88073,-0.30704,0.36061), (-0.47207,-0.50773,0.72066), (0.038177,0.80495,0.59212), 4.1971, 1.4609, 2.6183, (gDx*23,gDy*2,gDz*0)),rgb(0,1,0.55469));
		draw(
			ellipsoid( (-0.5748,0.62454,-0.52873), (0.73255,0.10479,-0.67259), (0.36466,0.77393,0.51774), 3.643, 1.3883, 2.5724, (gDx*24,gDy*2,gDz*0)),rgb(0,1,0.4375));
		draw(
			ellipsoid( (-0.78616,0.30996,0.53468), (0.47101,-0.25962,0.84306), (-0.40012,-0.91462,-0.058109), 3.6085, 0.9341, 1.4056, (gDx*0,gDy*3,gDz*0)),rgb(0,1,0.95312));
		draw(
			ellipsoid( (-0.37728,0.43168,0.81934), (0.85034,0.51194,0.12183), (0.36686,-0.74268,0.56021), 3.7851, 1.1739, 0.89298, (gDx*1,gDy*3,gDz*0)),rgb(0,0.88281,1));
		draw(
			ellipsoid( (-0.20391,-0.55039,-0.80962), (-0.84581,-0.31739,0.42879), (0.49297,-0.77222,0.40081), 3.8965, 1.8527, 0.92378, (gDx*2,gDy*3,gDz*0)),rgb(0,0.97656,1));
		draw(
			ellipsoid( (-0.38888,-0.53941,-0.74686), (-0.86231,-0.072273,0.50119), (0.32433,-0.83893,0.43704), 4.4915, 1.3113, 0.84517, (gDx*3,gDy*3,gDz*0)),rgb(0,0.71875,1));
		draw(
			ellipsoid( (-0.41866,0.74951,-0.51279), (0.90607,0.30655,-0.29167), (0.061408,0.58673,0.80745), 0.89893, 1.8556, 3.366, (gDx*4,gDy*3,gDz*0)),rgb(0,1,0.88281));
		draw(
			ellipsoid( (-0.33197,-0.81177,-0.48044), (-0.89226,0.10499,0.43914), (0.30604,-0.57446,0.75917), 3.369, 1.5763, 1.165, (gDx*5,gDy*3,gDz*0)),rgb(0,1,0.60156));
		draw(
			ellipsoid( (-0.65116,0.25657,-0.71426), (0.75397,0.32621,-0.57019), (-0.086703,0.90982,0.40585), 0.818, 1.7021, 3.554, (gDx*6,gDy*3,gDz*0)),rgb(0,0.95312,1));
		draw(
			ellipsoid( (-0.42968,0.89344,0.13092), (0.71975,0.25132,0.64714), (-0.54528,-0.37229,0.75104), 2.7733, 1.0057, 1.7061, (gDx*7,gDy*3,gDz*0)),rgb(0,1,0.50781));
		draw(
			ellipsoid( (-0.50431,0.85978,0.080293), (0.78195,0.41524,0.46489), (-0.36636,-0.29723,0.88172), 3.5716, 1.0696, 1.9358, (gDx*8,gDy*3,gDz*0)),rgb(0,1,0.74219));
		draw(
			ellipsoid( (0.42348,0.64784,0.63322), (0.76775,-0.62768,0.12873), (-0.48086,-0.43164,0.76319), 1.099, 3.327, 2.1648, (gDx*9,gDy*3,gDz*0)),rgb(0,1,0.64844));
		draw(
			ellipsoid( (0.93208,-0.36145,0.024176), (-0.33825,-0.89226,-0.2991), (-0.12968,-0.27061,0.95391), 3.2158, 0.81316, 1.926, (gDx*10,gDy*3,gDz*0)),rgb(0,1,0.95312));
		draw(
			ellipsoid( (0.96853,-0.24496,-0.04404), (-0.23157,-0.82208,-0.52015), (-0.09121,-0.51398,0.85294), 2.8446, 1.3895, 1.7063, (gDx*11,gDy*3,gDz*0)),rgb(0,1,0.039062));
		draw(
			ellipsoid( (0.992,-0.086763,0.091658), (-0.10504,-0.16498,0.98069), (0.069966,0.98247,0.17277), 3.6858, 1.5496, 0.8726, (gDx*12,gDy*3,gDz*0)),rgb(0,0.97656,1));
		draw(
			ellipsoid( (0.99261,0.12112,-0.007982), (0.11714,-0.97306,-0.19859), (0.031821,-0.19619,0.98005), 5.0643, 1.0856, 1.4966, (gDx*13,gDy*3,gDz*0)),rgb(0,0.8125,1));
		draw(
			ellipsoid( (-0.93015,-0.34528,0.1249), (-0.26758,0.40447,-0.87453), (-0.25144,0.84686,0.46861), 4.3933, 1.815, 1.1418, (gDx*14,gDy*3,gDz*0)),rgb(0,1,0.92969));
		draw(
			ellipsoid( (-0.90135,-0.3714,0.22279), (-0.39403,0.91673,-0.065891), (0.17977,0.14718,0.97264), 5.072, 1.1944, 1.9055, (gDx*15,gDy*3,gDz*0)),rgb(0,0.95312,1));
		draw(
			ellipsoid( (-0.88811,-0.32183,0.32817), (-0.36898,0.07344,-0.92653), (-0.27408,0.94395,0.18397), 4.9423, 2.2566, 1.0564, (gDx*16,gDy*3,gDz*0)),rgb(0,0.88281,1));
		draw(
			ellipsoid( (0.91031,0.0834,-0.40544), (0.36169,0.31607,0.87709), (-0.2013,0.94506,-0.25756), 4.634, 2.5622, 0.9802, (gDx*17,gDy*3,gDz*0)),rgb(0,0.85938,1));
		draw(
			ellipsoid( (-0.92858,0.0099217,0.37099), (-0.25301,0.71441,-0.65238), (0.27151,0.69966,0.66088), 4.2791, 0.98202, 2.2588, (gDx*18,gDy*3,gDz*0)),rgb(0,0.95312,1));
		draw(
			ellipsoid( (0.73234,-0.60106,-0.32001), (-0.67804,-0.68703,-0.26126), (0.062822,-0.40831,0.91068), 3.84, 2.4729, 1.0786, (gDx*19,gDy*3,gDz*0)),rgb(0,1,0.85938));
		draw(
			ellipsoid( (0.92733,-0.31942,-0.19501), (-0.37178,-0.72654,-0.57785), (-0.042893,-0.60836,0.7925), 4.2325, 2.3824, 0.81556, (gDx*20,gDy*3,gDz*0)),rgb(0,0.76562,1));
		draw(
			ellipsoid( (-0.96693,0.23978,0.086953), (0.25506,0.90938,0.32861), (0.00027958,-0.33992,0.94046), 3.7593, 2.171, 1.142, (gDx*21,gDy*3,gDz*0)),rgb(0,1,0.74219));
		draw(
			ellipsoid( (0.98428,-0.17144,-0.042409), (-0.1762,-0.96957,-0.16999), (0.011975,-0.17479,0.98453), 3.9476, 2.657, 1.9133, (gDx*22,gDy*3,gDz*0)),rgb(0,1,0.015625));
		draw(
			ellipsoid( (-0.86677,0.3575,-0.34771), (0.38123,0.92448,0.00018625), (-0.32152,0.1324,0.9376), 4.3574, 2.5834, 2.5162, (gDx*23,gDy*3,gDz*0)),rgb(0.17188,1,0));
		draw(
			ellipsoid( (0.55281,-0.69397,0.46132), (-0.80087,-0.5954,0.064038), (-0.23023,0.40486,0.88492), 4.0233, 2.9093, 1.8857, (gDx*24,gDy*3,gDz*0)),rgb(0,1,0.085938));
		draw(
			ellipsoid( (0.82318,-0.53334,-0.19475), (-0.56698,-0.79033,-0.23217), (0.030093,-0.30154,0.95298), 3.9519, 1.5392, 0.7718, (gDx*0,gDy*4,gDz*0)),rgb(0,0.78906,1));
		draw(
			ellipsoid( (0.63201,-0.67517,-0.3804), (-0.75447,-0.64821,-0.10299), (0.17704,-0.35209,0.91907), 3.4408, 1.0251, 0.80074, (gDx*1,gDy*4,gDz*0)),rgb(0,0.85938,1));
		draw(
			ellipsoid( (-0.26514,0.679,0.68458), (0.90103,0.42726,-0.074811), (0.34329,-0.59699,0.72509), 2.8432, 1.5858, 0.61854, (gDx*2,gDy*4,gDz*0)),rgb(0,0.88281,1));
		draw(
			ellipsoid( (-0.37929,-0.51179,-0.77085), (-0.71735,-0.36355,0.59434), (0.58442,-0.77839,0.22924), 3.4576, 0.92156, 1.3839, (gDx*3,gDy*4,gDz*0)),rgb(0,1,0.92969));
		draw(
			ellipsoid( (0.1915,0.49432,0.84792), (0.97671,-0.18113,-0.115), (-0.096737,-0.8502,0.51749), 3.4002, 1.417, 0.98618, (gDx*4,gDy*4,gDz*0)),rgb(0,1,0.83594));
		draw(
			ellipsoid( (-0.51463,-0.5045,-0.69327), (-0.60311,0.78772,-0.12553), (-0.60944,-0.35351,0.70966), 3.6673, 1.0798, 1.7985, (gDx*5,gDy*4,gDz*0)),rgb(0,1,0.78906));
		draw(
			ellipsoid( (-0.40699,-0.72195,-0.55959), (-0.67682,-0.17305,0.71552), (0.61341,-0.66995,0.4182), 4.0036, 1.6891, 0.8455, (gDx*6,gDy*4,gDz*0)),rgb(0,0.85938,1));
		draw(
			ellipsoid( (-0.14154,-0.95559,-0.2585), (-0.7681,-0.058714,0.63763), (0.62449,-0.2888,0.72568), 4.0683, 1.5558, 0.97615, (gDx*7,gDy*4,gDz*0)),rgb(0,0.97656,1));
		draw(
			ellipsoid( (-0.85115,0.0073763,-0.52487), (-0.51947,-0.15558,0.84021), (0.075464,-0.9878,-0.13626), 0.84496, 1.5769, 3.375, (gDx*8,gDy*4,gDz*0)),rgb(0,1,0.95312));
		draw(
			ellipsoid( (-0.71963,0.0124,-0.69425), (0.68384,-0.16072,-0.71171), (0.1204,0.98692,-0.10718), 0.86404, 1.7979, 3.3788, (gDx*9,gDy*4,gDz*0)),rgb(0,1,0.92969));
		draw(
			ellipsoid( (-0.78822,0.61236,-0.061091), (0.59682,0.78485,0.16678), (-0.15008,-0.095001,0.9841), 2.8373, 1.1238, 1.9129, (gDx*10,gDy*4,gDz*0)),rgb(0,1,0.36719));
		draw(
			ellipsoid( (0.90865,-0.37249,-0.18872), (-0.41513,-0.85457,-0.31206), (0.045032,-0.3619,0.93113), 3.3651, 0.9428, 2.0711, (gDx*11,gDy*4,gDz*0)),rgb(0,1,0.83594));
		draw(
			ellipsoid( (0.94814,-0.3125,0.058053), (-0.31542,-0.90251,0.29323), (0.039241,0.29633,0.95428), 5.2426, 0.81669, 1.9893, (gDx*12,gDy*4,gDz*0)),rgb(0,0.60156,1));
		draw(
			ellipsoid( (0.98416,-0.1773,-0.00014006), (-0.16885,-0.93746,0.30439), (0.054101,0.29954,0.95255), 5.1634, 1.0316, 2.3114, (gDx*13,gDy*4,gDz*0)),rgb(0,0.8125,1));
		draw(
			ellipsoid( (0.99197,-0.10724,-0.067021), (-0.11324,-0.5173,-0.84828), (-0.0563,-0.84906,0.52529), 4.1782, 2.0786, 1.1961, (gDx*14,gDy*4,gDz*0)),rgb(0,1,0.8125));
		draw(
			ellipsoid( (0.94969,0.043864,-0.3101), (0.29801,0.17795,0.93783), (-0.096319,0.98306,-0.15592), 3.9338, 1.8389, 0.9297, (gDx*15,gDy*4,gDz*0)),rgb(0,0.97656,1));
		draw(
			ellipsoid( (0.86826,0.099143,-0.4861), (0.48766,0.0094844,0.87298), (-0.091161,0.99503,0.040113), 3.7519, 2.0848, 1.0004, (gDx*16,gDy*4,gDz*0)),rgb(0,1,0.88281));
		draw(
			ellipsoid( (-0.9235,-0.19219,0.33199), (-0.23794,-0.39188,-0.88872), (-0.3009,0.89972,-0.31617), 3.5562, 1.855, 1.3227, (gDx*17,gDy*4,gDz*0)),rgb(0,1,0.48438));
		draw(
			ellipsoid( (0.90509,0.014377,-0.42498), (0.39123,0.36338,0.84551), (-0.16659,0.93153,-0.32327), 4.9467, 2.0269, 1.1554, (gDx*18,gDy*4,gDz*0)),rgb(0,0.95312,1));
		draw(
			ellipsoid( (0.92305,-0.28836,-0.2546), (-0.38376,-0.7359,-0.55783), (0.0265,-0.61261,0.78994), 5.242, 2.7059, 0.91135, (gDx*19,gDy*4,gDz*0)),rgb(0,0.67188,1));
		draw(
			ellipsoid( (0.57581,-0.53669,-0.61677), (-0.81506,-0.31755,-0.48461), (-0.064227,-0.78175,0.62028), 4.2221, 2.9651, 1.5856, (gDx*20,gDy*4,gDz*0)),rgb(0,1,0.46094));
		draw(
			ellipsoid( (0.65165,-0.64935,-0.39204), (-0.73189,-0.40254,-0.54981), (-0.19921,-0.64522,0.73757), 4.0476, 2.6313, 1.3854, (gDx*21,gDy*4,gDz*0)),rgb(0,1,0.57812));
		draw(
			ellipsoid( (0.35936,-0.85624,-0.37109), (-0.91792,-0.396,0.02481), (0.1682,-0.33172,0.92826), 3.7153, 3.0462, 1.7974, (gDx*22,gDy*4,gDz*0)),rgb(0,1,0.0625));
		draw(
			ellipsoid( (0.62174,-0.78322,-0.0022619), (-0.77471,-0.61455,-0.14884), (-0.11519,-0.094295,0.98886), 4.5977, 2.7883, 2.3237, (gDx*23,gDy*4,gDz*0)),rgb(0.0078125,1,0));
		draw(
			ellipsoid( (0.44836,-0.86652,0.21937), (-0.88663,-0.39998,0.23217), (0.11344,0.29859,0.94761), 4.729, 2.9226, 1.7167, (gDx*24,gDy*4,gDz*0)),rgb(0,1,0.48438));
		draw(
			ellipsoid( (0.54972,-0.82258,-0.14549), (-0.83409,-0.53095,-0.14962), (-0.045829,-0.2036,0.97798), 4.834, 1.5354, 0.7929, (gDx*0,gDy*5,gDz*0)),rgb(0,0.625,1));
		draw(
			ellipsoid( (-0.40216,0.8633,0.30493), (0.85209,0.47476,-0.22033), (0.33498,-0.17121,0.92654), 4.1087, 1.3519, 0.80493, (gDx*1,gDy*5,gDz*0)),rgb(0,0.76562,1));
		draw(
			ellipsoid( (-0.50646,0.44804,-0.73672), (0.8622,0.27327,-0.42653), (-0.010223,0.85123,0.5247), 0.59438, 1.6372, 4.2053, (gDx*2,gDy*5,gDz*0)),rgb(0,0.53125,1));
		draw(
			ellipsoid( (-0.38445,-0.77893,-0.49544), (-0.87146,0.12918,0.47314), (0.30455,-0.61366,0.72847), 3.7661, 1.4575, 0.7215, (gDx*3,gDy*5,gDz*0)),rgb(0,0.76562,1));
		draw(
			ellipsoid( (-0.43992,-0.57031,-0.6937), (-0.75569,-0.18225,0.62906), (0.48518,-0.80096,0.35081), 3.3712, 1.7496, 0.9812, (gDx*4,gDy*5,gDz*0)),rgb(0,1,0.78906));
		draw(
			ellipsoid( (0.7581,0.27018,0.59354), (0.60972,0.029222,-0.79207), (0.23134,-0.96237,0.14258), 3.8636, 1.9551, 0.92245, (gDx*5,gDy*5,gDz*0)),rgb(0,1,1));
		draw(
			ellipsoid( (0.6926,0.39689,0.60231), (0.71695,-0.28697,-0.63532), (0.079303,-0.87185,0.48331), 3.3112, 1.9122, 0.87685, (gDx*6,gDy*5,gDz*0)),rgb(0,1,0.90625));
		draw(
			ellipsoid( (-0.69247,-0.61304,-0.38034), (-0.62183,0.23986,0.74552), (0.3658,-0.75276,0.5473), 2.9277, 1.5871, 1.2347, (gDx*7,gDy*5,gDz*0)),rgb(0,1,0.29688));
		draw(
			ellipsoid( (-0.58459,-0.62611,-0.51598), (-0.7551,0.18725,0.6283), (0.29677,-0.75692,0.58224), 2.2846, 1.4077, 1.003, (gDx*8,gDy*5,gDz*0)),rgb(0,1,0.20312));
		draw(
			ellipsoid( (-0.4022,-0.88831,-0.22168), (-0.8397,0.4544,-0.29737), (-0.36489,-0.066542,0.92867), 3.7526, 0.79966, 1.6445, (gDx*9,gDy*5,gDz*0)),rgb(0,0.88281,1));
		draw(
			ellipsoid( (-0.10042,0.98911,0.10761), (0.96194,0.068895,0.26443), (-0.25413,-0.13007,0.95838), 2.9134, 1.5891, 2.0085, (gDx*10,gDy*5,gDz*0)),rgb(0.19531,1,0));
		draw(
			ellipsoid( (-0.74917,0.64001,0.17067), (0.5572,0.4696,0.68484), (-0.35816,-0.60816,0.70842), 3.2295, 1.0459, 1.6719, (gDx*11,gDy*5,gDz*0)),rgb(0,1,0.64844));
		draw(
			ellipsoid( (0.86085,-0.50699,-0.043582), (-0.49151,-0.85062,0.18675), (0.13175,0.13934,0.98144), 5.5521, 1.0747, 1.8763, (gDx*12,gDy*5,gDz*0)),rgb(0,0.76562,1));
		draw(
			ellipsoid( (-0.87389,0.47917,0.081931), (0.44025,0.85156,-0.28464), (0.20616,0.21267,0.95513), 5.1695, 1.0124, 2.7067, (gDx*13,gDy*5,gDz*0)),rgb(0,0.78906,1));
		draw(
			ellipsoid( (-0.86778,0.4543,0.20144), (0.36312,0.85639,-0.36707), (0.33927,0.24539,0.90812), 4.43, 1.1733, 2.5437, (gDx*14,gDy*5,gDz*0)),rgb(0,1,0.90625));
		draw(
			ellipsoid( (0.83006,-0.28127,-0.48155), (-0.51134,-0.039286,-0.85848), (-0.22255,-0.95882,0.17644), 3.6593, 2.1957, 1.0797, (gDx*15,gDy*5,gDz*0)),rgb(0,1,0.76562));
		draw(
			ellipsoid( (0.87643,-0.086487,-0.4737), (-0.48053,-0.093476,-0.87198), (-0.031135,-0.99186,0.12348), 4.5216, 2.4492, 0.45881, (gDx*16,gDy*5,gDz*0)),rgb(0,0.25,1));
		draw(
			ellipsoid( (0.96407,0.0024728,-0.26563), (0.24176,0.40623,0.88121), (-0.11009,0.91377,-0.39104), 3.5092, 1.8391, 1.1183, (gDx*17,gDy*5,gDz*0)),rgb(0,1,0.67188));
		draw(
			ellipsoid( (0.95775,-0.046444,-0.28384), (-0.2867,-0.2328,-0.9293), (0.022917,-0.97142,0.23628), 4.361, 2.1654, 1.1282, (gDx*18,gDy*5,gDz*0)),rgb(0,1,0.92969));
		draw(
			ellipsoid( (0.84169,-0.41442,-0.34615), (-0.53864,-0.59952,-0.59198), (-0.037797,-0.68471,0.72783), 4.2011, 2.6993, 1.5836, (gDx*19,gDy*5,gDz*0)),rgb(0,1,0.4375));
		draw(
			ellipsoid( (0.39338,-0.41196,-0.82191), (-0.91684,-0.24216,-0.31744), (0.068261,-0.87844,0.47296), 4.9862, 3.1687, 2.3236, (gDx*20,gDy*5,gDz*0)),rgb(0,1,0.10938));
		draw(
			ellipsoid( (0.83871,-0.50284,-0.20909), (-0.53801,-0.70563,-0.46112), (-0.084331,-0.49923,0.86235), 4.123, 3.0663, 1.5238, (gDx*21,gDy*5,gDz*0)),rgb(0,1,0.50781));
		draw(
			ellipsoid( (0.84223,-0.49934,-0.20326), (-0.53879,-0.7664,-0.34977), (-0.018876,-0.4041,0.91452), 3.5789, 2.8363, 1.6425, (gDx*22,gDy*5,gDz*0)),rgb(0,1,0.15625));
		draw(
			ellipsoid( (0.71869,-0.68316,-0.1295), (-0.64985,-0.59369,-0.47459), (-0.24734,-0.42524,0.87063), 4.5335, 2.5228, 1.7287, (gDx*23,gDy*5,gDz*0)),rgb(0,1,0.4375));
		draw(
			ellipsoid( (-0.67844,0.73333,-0.044185), (0.69153,0.65776,0.29856), (-0.248,-0.17199,0.95337), 4.3079, 3.106, 1.7041, (gDx*24,gDy*5,gDz*0)),rgb(0,1,0.39062));
		draw(
			ellipsoid( (-0.70751,-0.12122,0.69623), (-0.70431,0.039999,-0.70877), (-0.058066,0.99182,0.11367), 1.0794, 1.5234, 3.3187, (gDx*0,gDy*6,gDz*0)),rgb(0,1,0.67188));
		draw(
			ellipsoid( (0.95793,-0.063188,0.27994), (0.286,0.12956,-0.94943), (-0.023722,-0.98956,-0.14218), 1.1463, 0.8465, 3.813, (gDx*1,gDy*6,gDz*0)),rgb(0,0.83594,1));
		draw(
			ellipsoid( (0.90822,-0.1132,0.40288), (-0.41817,-0.28269,0.86326), (-0.016166,0.95251,0.30408), 1.2943, 1.0775, 3.7615, (gDx*2,gDy*6,gDz*0)),rgb(0,1,0.92969));
		draw(
			ellipsoid( (0.5707,0.74087,0.35413), (0.82006,-0.49193,-0.29243), (0.042446,-0.45729,0.8883), 3.51, 1.9421, 0.62053, (gDx*3,gDy*6,gDz*0)),rgb(0,0.69531,1));
		draw(
			ellipsoid( (0.58722,0.64308,0.49154), (0.80108,-0.37477,-0.4667), (0.11591,-0.66783,0.73524), 3.9154, 1.6359, 0.8809, (gDx*4,gDy*6,gDz*0)),rgb(0,0.92969,1));
		draw(
			ellipsoid( (-0.52924,-0.24979,-0.81087), (-0.7713,-0.25659,0.58246), (0.35356,-0.93368,0.056863), 3.2412, 1.5365, 1.2507, (gDx*5,gDy*6,gDz*0)),rgb(0,1,0.48438));
		draw(
			ellipsoid( (0.56781,0.14517,0.81026), (-0.81697,0.21989,0.53311), (0.10078,0.96466,-0.24345), 3.1834, 1.9271, 0.85202, (gDx*6,gDy*6,gDz*0)),rgb(0,1,0.90625));
		draw(
			ellipsoid( (0.84975,0.18769,0.49264), (0.52589,-0.36738,-0.76712), (-0.037004,-0.91094,0.41088), 3.5985, 2.4459, 1.1952, (gDx*7,gDy*6,gDz*0)),rgb(0,1,0.64844));
		draw(
			ellipsoid( (0.90976,0.29615,0.2909), (0.40053,-0.44199,-0.80263), (0.10913,-0.84672,0.52073), 3.2704, 1.9028, 0.74509, (gDx*8,gDy*6,gDz*0)),rgb(0,0.92969,1));
		draw(
			ellipsoid( (-0.76419,-0.62414,-0.16267), (-0.56452,0.76921,-0.29938), (-0.31198,0.13696,0.94016), 3.8481, 0.89367, 2.1113, (gDx*9,gDy*6,gDz*0)),rgb(0,0.95312,1));
		draw(
			ellipsoid( (0.53237,-0.78381,0.31972), (-0.76829,-0.60596,-0.20626), (-0.3554,0.13583,0.92479), 1.0726, 3.5249, 2.6065, (gDx*10,gDy*6,gDz*0)),rgb(0,1,0.78906));
		draw(
			ellipsoid( (0.75935,-0.48807,0.43033), (-0.54609,-0.83762,0.013611), (-0.35381,0.24533,0.90257), 1.1445, 3.0375, 2.1561, (gDx*11,gDy*6,gDz*0)),rgb(0,1,0.46094));
		draw(
			ellipsoid( (-0.79995,-0.065849,0.59644), (-0.58544,-0.13243,-0.79982), (-0.13165,0.989,-0.067386), 1.4799, 2.5421, 2.8353, (gDx*12,gDy*6,gDz*0)),rgb(0.03125,1,0));
		draw(
			ellipsoid( (0.4031,-0.91406,-0.044679), (-0.91402,-0.40455,0.030197), (0.045678,-0.028665,0.99854), 5.1249, 1.1967, 2.1833, (gDx*13,gDy*6,gDz*0)),rgb(0,0.95312,1));
		draw(
			ellipsoid( (0.50646,0.63505,-0.58328), (0.39145,0.43339,0.81175), (-0.76828,0.63945,0.029095), 1.0932, 3.0284, 4.9126, (gDx*14,gDy*6,gDz*0)),rgb(0,0.88281,1));
		draw(
			ellipsoid( (-0.8713,0.48616,0.066887), (0.39934,0.78162,-0.47915), (0.28523,0.39078,0.87518), 3.797, 1.1466, 2.4908, (gDx*15,gDy*6,gDz*0)),rgb(0,1,0.76562));
		draw(
			ellipsoid( (0.11807,0.83483,-0.53769), (0.94226,-0.26508,-0.20467), (0.31339,0.48248,0.81792), 0.97428, 3.9368, 2.894, (gDx*16,gDy*6,gDz*0)),rgb(0,0.95312,1));
		draw(
			ellipsoid( (0.65536,-0.61715,-0.43547), (-0.75515,-0.5476,-0.3604), (0.016048,-0.56503,0.82491), 3.1849, 1.8763, 1.4922, (gDx*17,gDy*6,gDz*0)),rgb(0,1,0.10938));
		draw(
			ellipsoid( (0.97735,-0.0084366,-0.21147), (-0.21159,-0.017018,-0.97721), (-0.0046455,-0.99982,0.018418), 4.3093, 1.983, 1.557, (gDx*18,gDy*6,gDz*0)),rgb(0,1,0.55469));
		draw(
			ellipsoid( (0.68422,-0.23652,-0.68985), (-0.72162,-0.35627,-0.59358), (0.10538,-0.90395,0.41445), 4.1867, 1.9427, 1.2791, (gDx*19,gDy*6,gDz*0)),rgb(0,1,0.74219));
		draw(
			ellipsoid( (0.81393,-0.30491,-0.49452), (-0.52463,-0.75141,-0.40018), (0.24957,-0.58516,0.77156), 4.8783, 2.3037, 1.9472, (gDx*20,gDy*6,gDz*0)),rgb(0,1,0.4375));
		draw(
			ellipsoid( (0.5748,-0.68413,-0.44896), (-0.81468,-0.52992,-0.23554), (0.076766,-0.50115,0.86195), 3.9757, 2.6348, 1.6299, (gDx*21,gDy*6,gDz*0)),rgb(0,1,0.32031));
		draw(
			ellipsoid( (-0.17649,0.94491,0.27567), (0.93386,0.072237,0.35026), (-0.31105,-0.31925,0.89517), 3.8161, 2.3719, 1.5375, (gDx*22,gDy*6,gDz*0)),rgb(0,1,0.34375));
		draw(
			ellipsoid( (-0.20819,-0.2727,0.9393), (-0.96536,-0.097108,-0.24216), (-0.15725,0.95719,0.24304), 1.2422, 2.7488, 3.5818, (gDx*23,gDy*6,gDz*0)),rgb(0,1,0.625));
		draw(
			ellipsoid( (-0.27982,-0.080478,0.95667), (-0.95856,-0.032172,-0.28307), (-0.053559,0.99624,0.06814), 1.6326, 2.7691, 4.7243, (gDx*24,gDy*6,gDz*0)),rgb(0,1,0.55469));
		draw(
			ellipsoid( (0.59153,0.80509,-0.043774), (0.80444,-0.59298,-0.035319), (0.054392,0.014321,0.99842), 3.1038, 1.5108, 0.73556, (gDx*0,gDy*7,gDz*0)),rgb(0,0.97656,1));
		draw(
			ellipsoid( (0.53686,0.8399,0.079702), (0.83705,-0.51844,-0.17485), (0.10553,-0.16058,0.98136), 3.0721, 1.5332, 0.62222, (gDx*1,gDy*7,gDz*0)),rgb(0,0.83594,1));
		draw(
			ellipsoid( (0.45433,0.83767,0.30314), (0.87425,-0.35392,-0.33229), (0.17107,-0.41599,0.89313), 2.8162, 1.7063, 0.98176, (gDx*2,gDy*7,gDz*0)),rgb(0,1,0.55469));
		draw(
			ellipsoid( (-0.43129,-0.73038,-0.52966), (-0.80888,0.052993,0.58558), (0.39963,-0.68098,0.61364), 3.7529, 1.431, 0.92428, (gDx*3,gDy*7,gDz*0)),rgb(0,1,1));
		draw(
			ellipsoid( (-0.41851,-0.69052,-0.58995), (-0.87312,0.12709,0.47064), (0.25001,-0.71207,0.65609), 3.4663, 1.9641, 0.75201, (gDx*4,gDy*7,gDz*0)),rgb(0,0.88281,1));
		draw(
			ellipsoid( (0.79123,0.44863,0.41555), (0.59023,-0.38254,-0.71084), (0.15994,-0.80771,0.56747), 3.1384, 1.5739, 1.0402, (gDx*5,gDy*7,gDz*0)),rgb(0,1,0.625));
		draw(
			ellipsoid( (0.92427,0.10636,0.36662), (0.37984,-0.16078,-0.91097), (0.03795,-0.98124,0.18901), 3.0906, 1.8402, 0.79923, (gDx*6,gDy*7,gDz*0)),rgb(0,1,0.92969));
		draw(
			ellipsoid( (0.53896,0.0083972,0.84229), (-0.82961,0.17838,0.52908), (0.1458,0.98393,-0.10311), 3.2783, 2.0327, 1.1873, (gDx*7,gDy*7,gDz*0)),rgb(0,1,0.50781));
		draw(
			ellipsoid( (0.96914,-0.081371,0.23269), (-0.13522,-0.96474,0.2258), (-0.20611,0.2503,0.94597), 2.7651, 0.83346, 1.624, (gDx*8,gDy*7,gDz*0)),rgb(0,1,0.74219));
		draw(
			ellipsoid( (0.93724,0.29626,0.18385), (0.32533,-0.55333,-0.7668), (0.12544,-0.77849,0.61499), 3.2715, 1.65, 0.90458, (gDx*9,gDy*7,gDz*0)),rgb(0,1,0.83594));
		draw(
			ellipsoid( (0.9195,0.38304,0.08829), (0.35234,-0.70357,-0.61712), (0.17426,-0.59856,0.7819), 3.0297, 1.6226, 0.96601, (gDx*10,gDy*7,gDz*0)),rgb(0,1,0.67188));
		draw(
			ellipsoid( (-0.62627,0.77906,-0.029055), (0.7795,0.62637,-0.0068452), (-0.012866,0.026935,0.99955), 0.65542, 2.3704, 1.6747, (gDx*11,gDy*7,gDz*0)),rgb(0,1,0.90625));
		draw(
			ellipsoid( (0.72795,-0.68562,0.0036203), (-0.65613,-0.69816,-0.28648), (-0.19894,-0.20617,0.95808), 0.74832, 3.4974, 2.2304, (gDx*12,gDy*7,gDz*0)),rgb(0,0.83594,1));
		draw(
			ellipsoid( (-0.83185,0.53765,-0.13769), (0.53967,0.84149,0.025423), (-0.12954,0.053162,0.99015), 1.0159, 3.6962, 2.5822, (gDx*13,gDy*7,gDz*0)),rgb(0,1,0.90625));
		draw(
			ellipsoid( (-0.98142,-0.04508,0.18649), (-0.18598,-0.015158,-0.98244), (-0.047115,0.99887,-0.0064927), 0.80644, 2.4577, 4.5433, (gDx*14,gDy*7,gDz*0)),rgb(0,0.69531,1));
		draw(
			ellipsoid( (0.65928,0.3117,-0.68424), (0.59907,0.33217,0.72854), (-0.45437,0.89023,-0.032263), 1.11, 2.5008, 3.45, (gDx*15,gDy*7,gDz*0)),rgb(0,1,0.69531));
		draw(
			ellipsoid( (-0.71536,0.66387,0.21803), (0.49745,0.26471,0.82612), (-0.49072,-0.69943,0.51961), 4.877, 2.9547, 1.3796, (gDx*16,gDy*7,gDz*0)),rgb(0,1,0.83594));
		draw(
			ellipsoid( (0.47836,-0.83328,-0.27715), (-0.87072,-0.49108,-0.026383), (0.11412,-0.25394,0.96046), 4.4766, 1.5983, 2.3743, (gDx*17,gDy*7,gDz*0)),rgb(0,1,0.53125));
		draw(
			ellipsoid( (-0.91973,0.28783,0.26693), (0.32875,0.19317,0.92445), (-0.21453,-0.938,0.27229), 4.0846, 2.3829, 1.27, (gDx*18,gDy*7,gDz*0)),rgb(0,1,0.69531));
		draw(
			ellipsoid( (-0.93905,0.20098,0.27892), (0.21916,0.97505,0.035262), (0.26487,-0.09424,0.95967), 4.1858, 1.4114, 2.6277, (gDx*19,gDy*7,gDz*0)),rgb(0,1,0.60156));
		draw(
			ellipsoid( (0.52355,-0.37831,-0.7634), (-0.85124,-0.27003,-0.44997), (0.035907,-0.88542,0.46341), 3.5943, 2.892, 1.4645, (gDx*20,gDy*7,gDz*0)),rgb(0,1,0.39062));
		draw(
			ellipsoid( (0.21138,-0.68504,-0.69717), (-0.97143,-0.068517,-0.22722), (-0.10788,-0.72528,0.67995), 4.5217, 2.7972, 1.4537, (gDx*21,gDy*7,gDz*0)),rgb(0,1,0.67188));
		draw(
			ellipsoid( (0.37508,-0.79028,-0.48453), (-0.91523,-0.23271,-0.32894), (-0.1472,-0.56684,0.81057), 3.9432, 2.5785, 1.806, (gDx*22,gDy*7,gDz*0)),rgb(0,1,0.13281));
		draw(
			ellipsoid( (0.092858,0.49468,-0.8641), (-0.91748,0.37964,0.11874), (-0.38678,-0.78177,-0.48912), 1.4455, 3.1347, 3.4162, (gDx*23,gDy*7,gDz*0)),rgb(0,1,0.39062));
		draw(
			ellipsoid( (-0.11764,-0.094253,0.98857), (0.96529,-0.24459,0.091549), (-0.23317,-0.96503,-0.11976), 2.1763, 3.4796, 3.8022, (gDx*24,gDy*7,gDz*0)),rgb(0.21875,1,0));
		draw(
			ellipsoid( (-0.55131,-0.77682,0.30431), (-0.72001,0.25874,-0.64393), (-0.42148,0.57411,0.70196), 3.6957, 1.4282, 0.84834, (gDx*0,gDy*8,gDz*0)),rgb(0,0.92969,1));
		draw(
			ellipsoid( (0.71346,0.69069,-0.11802), (0.70051,-0.70697,0.097357), (0.01619,0.15213,0.98823), 3.9995, 1.3427, 0.80731, (gDx*1,gDy*8,gDz*0)),rgb(0,0.78906,1));
		draw(
			ellipsoid( (0.6237,0.78144,0.018393), (0.77669,-0.62222,0.097978), (-0.088009,0.046824,0.99502), 3.6872, 2.2102, 0.98241, (gDx*2,gDy*8,gDz*0)),rgb(0,1,0.90625));
		draw(
			ellipsoid( (0.46372,0.83733,0.28956), (0.88175,-0.46805,-0.058641), (-0.086425,-0.28251,0.95536), 3.3065, 1.4363, 1.3726, (gDx*3,gDy*8,gDz*0)),rgb(0,1,0.46094));
		draw(
			ellipsoid( (-0.46588,-0.75573,-0.46024), (-0.8406,0.21559,0.4969), (0.2763,-0.61838,0.73571), 3.0245, 1.9438, 1.2551, (gDx*4,gDy*8,gDz*0)),rgb(0,1,0.29688));
		draw(
			ellipsoid( (0.78472,0.51633,0.34296), (0.61322,-0.56594,-0.55106), (0.090438,-0.64274,0.76073), 2.8003, 1.7774, 0.94131, (gDx*5,gDy*8,gDz*0)),rgb(0,1,0.60156));
		draw(
			ellipsoid( (0.85953,0.21819,0.46218), (0.51014,-0.31107,-0.80187), (0.031193,-0.925,0.37868), 2.8979, 2.022, 0.62979, (gDx*6,gDy*8,gDz*0)),rgb(0,0.83594,1));
		draw(
			ellipsoid( (0.44809,0.15533,0.88039), (-0.88156,0.24044,0.40626), (0.14858,0.95816,-0.24467), 2.9035, 1.9845, 0.80181, (gDx*7,gDy*8,gDz*0)),rgb(0,1,0.88281));
		draw(
			ellipsoid( (0.64783,-0.022826,0.76144), (-0.73561,0.24105,0.63307), (0.19799,0.97024,-0.13937), 2.7766, 1.8284, 0.77601, (gDx*8,gDy*8,gDz*0)),rgb(0,1,0.85938));
		draw(
			ellipsoid( (0.98384,0.14086,0.1105), (0.10487,-0.95367,0.28198), (-0.14511,0.26584,0.95303), 2.6557, 1.2569, 1.9753, (gDx*9,gDy*8,gDz*0)),rgb(0,1,0.085938));
		draw(
			ellipsoid( (-0.97817,-0.15347,0.14013), (-0.1793,0.96414,-0.19568), (0.10507,0.21653,0.97061), 2.9906, 1.4973, 1.5476, (gDx*10,gDy*8,gDz*0)),rgb(0,1,0.13281));
		draw(
			ellipsoid( (-0.36487,0.86619,-0.34144), (0.92653,0.37393,-0.041486), (-0.091742,0.33149,0.93899), 0.98815, 2.1722, 2.1333, (gDx*11,gDy*8,gDz*0)),rgb(0,1,0.32031));
		draw(
			ellipsoid( (0.88436,0.44866,0.12886), (0.43907,-0.89323,0.096726), (-0.1585,0.028961,0.98693), 3.4753, 1.0691, 2.3231, (gDx*12,gDy*8,gDz*0)),rgb(0,1,0.74219));
		draw(
			ellipsoid( (0.86054,0.50344,-0.077602), (0.50831,-0.85859,0.066636), (0.033081,0.096789,0.99475), 3.9447, 0.90477, 2.2185, (gDx*13,gDy*8,gDz*0)),rgb(0,0.92969,1));
		draw(
			ellipsoid( (-0.79622,-0.60101,-0.069484), (-0.59242,0.7978,-0.11202), (-0.12276,0.04803,0.99127), 3.9483, 1.113, 2.2837, (gDx*14,gDy*8,gDz*0)),rgb(0,1,0.83594));
		draw(
			ellipsoid( (-0.72438,0.60086,0.33799), (0.68396,0.56486,0.46167), (-0.086483,-0.56559,0.82014), 1.274, 4.1853, 2.9075, (gDx*15,gDy*8,gDz*0)),rgb(0,1,0.76562));
		draw(
			ellipsoid( (-0.73141,-0.1457,0.66619), (-0.68111,0.1081,-0.72416), (-0.033499,0.98341,0.1783), 1.814, 2.4049, 3.9249, (gDx*16,gDy*8,gDz*0)),rgb(0,1,0.13281));
		draw(
			ellipsoid( (0.1529,-0.96639,-0.20666), (-0.98537,-0.16501,0.042616), (0.075285,-0.19712,0.97748), 4.7221, 1.6305, 1.8141, (gDx*17,gDy*8,gDz*0)),rgb(0,1,0.71875));
		draw(
			ellipsoid( (-0.87431,-0.40672,0.26486), (-0.48035,0.64685,-0.59233), (-0.06959,0.64511,0.76091), 1.5046, 2.2033, 3.3856, (gDx*18,gDy*8,gDz*0)),rgb(0,1,0.17969));
		draw(
			ellipsoid( (-0.58457,-0.8102,0.043026), (-0.80969,0.58594,0.032851), (0.051827,0.015634,0.99853), 1.723, 2.9436, 4.1459, (gDx*19,gDy*8,gDz*0)),rgb(0,1,0.29688));
		draw(
			ellipsoid( (0.51504,0.83952,-0.17305), (0.7293,-0.32311,0.60309), (-0.45039,0.43682,0.77867), 1.5329, 2.7667, 3.9233, (gDx*20,gDy*8,gDz*0)),rgb(0,1,0.39062));
		draw(
			ellipsoid( (0.383,0.85523,-0.34914), (0.85549,-0.47098,-0.21522), (0.3485,0.21626,0.91202), 1.6751, 3.671, 4.3166, (gDx*21,gDy*8,gDz*0)),rgb(0,1,0.48438));
		draw(
			ellipsoid( (-0.77191,-0.5932,0.22863), (-0.60981,0.79254,-0.0025886), (0.17966,0.14142,0.97351), 1.9629, 3.2161, 4.2542, (gDx*22,gDy*8,gDz*0)),rgb(0,1,0.13281));
		draw(
			ellipsoid( (-0.40039,-0.74633,0.53168), (-0.91506,0.29495,-0.27507), (-0.04847,0.59665,0.80103), 1.9479, 2.9978, 4.6973, (gDx*23,gDy*8,gDz*0)),rgb(0,1,0.29688));
		draw(
			ellipsoid( (0.45344,0.39749,-0.79774), (0.85171,0.070504,0.51925), (-0.26264,0.91489,0.30658), 1.8846, 2.9488, 4.5611, (gDx*24,gDy*8,gDz*0)),rgb(0,1,0.29688));
		draw(
			ellipsoid( (-0.61878,-0.59661,0.51104), (-0.56556,-0.11316,-0.81691), (-0.54521,0.79451,0.2674), 3.6044, 0.67484, 1.2828, (gDx*0,gDy*9,gDz*0)),rgb(0,0.74219,1));
		draw(
			ellipsoid( (0.71578,0.63308,-0.29474), (0.69544,-0.68455,0.21852), (0.06342,0.36139,0.93026), 2.9752, 1.34, 0.89189, (gDx*1,gDy*9,gDz*0)),rgb(0,1,0.76562));
		draw(
			ellipsoid( (0.81683,0.57598,-0.032157), (0.57408,-0.80614,0.1434), (-0.056671,0.13559,0.98914), 5.0177, 1.9057, 0.7781, (gDx*2,gDy*9,gDz*0)),rgb(0,0.60156,1));
		draw(
