	import three;
	import settings;

	surface ellipsoid(triple v1,triple v2,triple v3,real l1,real l2, real l3, triple pos=O) {
		transform3 T = identity(4);
		T[0][0] = l1*v1.x;
		T[1][0] = l1*v1.y;
		T[2][0] = l1*v1.z;
		T[0][1] = l2*v2.x;
		T[1][1] = l2*v2.y;
		T[2][1] = l2*v2.z;
		T[0][2] = l3*v3.x;
		T[1][2] = l3*v3.y;
		T[2][2] = l3*v3.z;
		T[0][3] = pos.x;
		T[1][3] = pos.y;
		T[2][3] = pos.z;
		return T*unitsphere;
	}

	size(200);

	real gDx=4;
	real gDy=4;
	real gDz=4;

	currentprojection=perspective( camera=(gDx*12,gDy*12,25),up=Y, target=(gDx*12,gDy*12,gDz*-0.5));
		draw(
			ellipsoid( (0.070351,-0.03672,-0.99685), (0.97978,0.19021,0.06214), (-0.18732,0.98106,-0.049359), 3.2262, 1.3237, 0.98698, (gDx*0,gDy*0,gDz*0)),rgb(0,1,0.71875));
		draw(
			ellipsoid( (0.2528,-0.10929,-0.96133), (-0.96675,-0.068082,-0.24649), (0.03851,-0.99168,0.12287), 3.1107, 1.3988, 1.0932, (gDx*1,gDy*0,gDz*0)),rgb(0,1,0.53125));
		draw(
			ellipsoid( (0.70674,-0.24107,-0.66514), (-0.70702,-0.27423,-0.65186), (0.025253,-0.93096,0.36425), 3.0392, 1.3858, 1.1296, (gDx*2,gDy*0,gDz*0)),rgb(0,1,0.53125));
		draw(
			ellipsoid( (0.88666,-0.23719,-0.39695), (-0.38929,0.080378,-0.9176), (-0.24955,-0.96813,0.021069), 3.4269, 1.3028, 1.1321, (gDx*3,gDy*0,gDz*0)),rgb(0,1,0.71875));
		draw(
			ellipsoid( (0.93713,-0.2041,-0.28308), (-0.34622,-0.64565,-0.68064), (0.043854,-0.73585,0.67572), 3.2662, 1.1857, 1.3641, (gDx*4,gDy*0,gDz*0)),rgb(0,1,0.625));
		draw(
			ellipsoid( (0.98903,-0.080142,-0.12406), (-0.14682,-0.44212,-0.88486), (-0.016066,-0.89337,0.44903), 3.0547, 1.1068, 1.5247, (gDx*5,gDy*0,gDz*0)),rgb(0,1,0.53125));
		draw(
			ellipsoid( (0.99392,0.10173,-0.042197), (0.10187,-0.70347,0.70339), (-0.041874,0.70341,0.70955), 3.5038, 1.4866, 0.90963, (gDx*6,gDy*0,gDz*0)),rgb(0,1,0.90625));
		draw(
			ellipsoid( (0.99329,0.11475,0.014254), (0.095973,-0.74936,-0.65517), (0.064501,-0.65214,0.75535), 3.3662, 0.83458, 1.3677, (gDx*7,gDy*0,gDz*0)),rgb(0,1,1));
		draw(
			ellipsoid( (0.99166,0.12604,0.027018), (0.1168,-0.78994,-0.60196), (0.054529,-0.6001,0.79807), 3.1114, 0.82378, 1.3936, (gDx*8,gDy*0,gDz*0)),rgb(0,1,0.90625));
		draw(
			ellipsoid( (0.98645,0.16285,0.019727), (0.14359,-0.79908,-0.58383), (0.079314,-0.57875,0.81164), 2.8196, 0.82826, 1.4, (gDx*9,gDy*0,gDz*0)),rgb(0,1,0.71875));
		draw(
			ellipsoid( (-0.86,-0.50577,0.067804), (-0.38182,0.72592,0.57206), (0.33855,-0.46608,0.8174), 2.4817, 1.0778, 1.6389, (gDx*10,gDy*0,gDz*0)),rgb(0,1,0.15625));
		draw(
			ellipsoid( (-0.54245,-0.8365,0.077531), (-0.79697,0.5416,0.26743), (0.26569,-0.083275,0.96045), 2.425, 1.2979, 1.8533, (gDx*11,gDy*0,gDz*0)),rgb(0.21875,1,0));
		draw(
			ellipsoid( (0.3515,0.93603,0.017371), (0.93441,-0.35192,0.055059), (-0.05765,0.0031216,0.99833), 3.5755, 1.1232, 1.8217, (gDx*12,gDy*0,gDz*0)),rgb(0,1,0.625));
		draw(
			ellipsoid( (0.44973,0.89307,-0.013293), (0.88571,-0.444,0.1356), (-0.11519,0.072755,0.99067), 4.3364, 1.1876, 1.8907, (gDx*13,gDy*0,gDz*0)),rgb(0,1,0.8125));
		draw(
			ellipsoid( (0.7404,0.65601,-0.14649), (0.67137,-0.71112,0.20876), (-0.032772,0.25291,0.96693), 4.2123, 0.98565, 1.9622, (gDx*14,gDy*0,gDz*0)),rgb(0,1,1));
		draw(
			ellipsoid( (0.85368,0.48911,-0.17888), (0.52079,-0.80237,0.29152), (0.00094332,0.34203,0.93969), 4.2309, 1.0125, 1.8989, (gDx*15,gDy*0,gDz*0)),rgb(0,1,1));
		draw(
			ellipsoid( (0.9032,0.38439,-0.19099), (0.42904,-0.82143,0.37574), (0.012458,0.42131,0.90683), 4.0254, 1.0819, 1.9104, (gDx*16,gDy*0,gDz*0)),rgb(0,1,0.8125));
		draw(
			ellipsoid( (0.98126,0.10107,-0.16408), (0.18216,-0.76434,0.61855), (0.062897,0.63684,0.76842), 3.8898, 1.0561, 1.9353, (gDx*17,gDy*0,gDz*0)),rgb(0,1,0.8125));
		draw(
			ellipsoid( (0.99248,0.027785,-0.11919), (0.10444,-0.69998,0.70649), (0.063802,0.71362,0.69762), 3.9613, 1.0516, 2.0945, (gDx*18,gDy*0,gDz*0)),rgb(0,1,0.8125));
		draw(
			ellipsoid( (0.99027,-0.13875,0.010806), (-0.089798,-0.57771,0.81129), (0.10632,0.80436,0.58455), 3.8162, 1.2221, 2.3276, (gDx*19,gDy*0,gDz*0)),rgb(0,1,0.625));
		draw(
			ellipsoid( (0.97305,-0.20915,0.097117), (-0.18992,-0.48798,0.85194), (0.13079,0.84743,0.51455), 3.732, 1.2115, 2.3933, (gDx*20,gDy*0,gDz*0)),rgb(0,1,0.625));
		draw(
			ellipsoid( (0.932,-0.27333,0.23804), (-0.33149,-0.37721,0.86477), (0.14657,0.88488,0.44217), 3.8486, 1.3021, 2.2539, (gDx*21,gDy*0,gDz*0)),rgb(0,1,0.53125));
		draw(
			ellipsoid( (0.8948,-0.30039,0.3303), (-0.42306,-0.33406,0.84227), (0.14267,0.8934,0.426), 3.8386, 1.4458, 2.2085, (gDx*22,gDy*0,gDz*0)),rgb(0,1,0.4375));
		draw(
			ellipsoid( (0.79581,-0.34892,0.49492), (-0.5953,-0.30104,0.74498), (0.11094,0.88748,0.44728), 3.5485, 1.6745, 2.4487, (gDx*23,gDy*0,gDz*0)),rgb(0,1,0.0625));
		draw(
			ellipsoid( (-0.6899,0.41769,-0.59124), (0.71145,0.24036,-0.66036), (0.13372,0.87622,0.46299), 3.4596, 1.8263, 2.5475, (gDx*24,gDy*0,gDz*0)),rgb(0.125,1,0));
		draw(
			ellipsoid( (0.31612,-0.32542,-0.89116), (-0.91577,0.14074,-0.37624), (-0.24786,-0.93504,0.25351), 3.4578, 1.2819, 1.0234, (gDx*0,gDy*1,gDz*0)),rgb(0,1,0.8125));
		draw(
			ellipsoid( (0.16459,-0.37023,-0.91424), (-0.98356,0.0082654,-0.18042), (-0.074352,-0.9289,0.36278), 3.7942, 0.99136, 1.1664, (gDx*1,gDy*1,gDz*0)),rgb(0,1,1));
		draw(
			ellipsoid( (-0.35905,0.44375,0.82108), (0.68188,0.72541,-0.09386), (0.63727,-0.52618,0.56304), 3.3319, 1.3322, 1.0812, (gDx*2,gDy*1,gDz*0)),rgb(0,1,0.71875));
		draw(
			ellipsoid( (0.60135,-0.44375,-0.66443), (-0.79337,-0.43005,-0.43084), (0.094552,-0.78622,0.61067), 2.9204, 1.4459, 1.21, (gDx*3,gDy*1,gDz*0)),rgb(0,1,0.34375));
		draw(
			ellipsoid( (0.77486,-0.42751,-0.46565), (-0.61163,-0.69315,-0.38138), (0.15972,-0.58032,0.79857), 3.0184, 1.2623, 1.3832, (gDx*4,gDy*1,gDz*0)),rgb(0,1,0.34375));
		draw(
			ellipsoid( (-0.88388,0.38022,0.27236), (0.43316,0.44585,0.78332), (-0.17641,-0.81034,0.55878), 2.6945, 1.2498, 1.4834, (gDx*5,gDy*1,gDz*0)),rgb(0,1,0.15625));
		draw(
			ellipsoid( (0.98928,-0.053775,-0.13576), (-0.12449,-0.79651,-0.59167), (0.076316,-0.60222,0.79467), 2.7906, 1.0859, 1.4931, (gDx*6,gDy*1,gDz*0)),rgb(0,1,0.34375));
		draw(
			ellipsoid( (0.99823,-0.023185,-0.054724), (-0.046597,-0.87686,-0.47848), (0.036892,-0.48019,0.87639), 2.9084, 0.87123, 1.3772, (gDx*7,gDy*1,gDz*0)),rgb(0,1,0.71875));
		draw(
			ellipsoid( (0.99897,-0.022872,-0.039288), (-0.039043,-0.87435,-0.48372), (0.023288,-0.48475,0.87434), 2.8116, 0.85219, 1.3638, (gDx*8,gDy*1,gDz*0)),rgb(0,1,0.71875));
		draw(
			ellipsoid( (0.99969,0.0025961,-0.024951), (-0.023238,0.47047,-0.88211), (-0.0094485,-0.88241,-0.47038), 2.7361, 1.3332, 0.81788, (gDx*9,gDy*1,gDz*0)),rgb(0,1,0.71875));
		draw(
			ellipsoid( (0.97066,0.23999,-0.014835), (0.20216,-0.84794,-0.49003), (0.13018,-0.47265,0.87158), 2.4573, 0.97804, 1.4308, (gDx*10,gDy*1,gDz*0)),rgb(0,1,0.34375));
		draw(
			ellipsoid( (0.91074,0.41257,0.018508), (0.41004,-0.89797,-0.15976), (0.049292,-0.15309,0.98698), 2.4774, 1.0811, 1.4928, (gDx*11,gDy*1,gDz*0)),rgb(0,1,0.15625));
		draw(
			ellipsoid( (0.80561,0.59207,-0.021219), (0.591,-0.80063,0.098519), (-0.041341,0.091908,0.99491), 2.9915, 1.1574, 1.6684, (gDx*12,gDy*1,gDz*0)),rgb(0,1,0.34375));
		draw(
			ellipsoid( (0.7857,0.60929,-0.10701), (0.61735,-0.76125,0.19841), (-0.039429,0.22195,0.97426), 4.0501, 1.0548, 1.8748, (gDx*13,gDy*1,gDz*0)),rgb(0,1,0.90625));
		draw(
			ellipsoid( (0.80614,0.57352,-0.14564), (0.59167,-0.77801,0.21123), (-0.0078348,0.25645,0.96653), 4.3377, 0.92404, 1.9346, (gDx*14,gDy*1,gDz*0)),rgb(0,0.90625,1));
		draw(
			ellipsoid( (0.87001,0.45903,-0.17993), (0.493,-0.81392,0.30738), (0.0053521,0.35613,0.93442), 4.1719, 1.0177, 1.917, (gDx*15,gDy*1,gDz*0)),rgb(0,1,0.90625));
		draw(
			ellipsoid( (0.90893,0.35883,-0.21232), (0.41501,-0.82755,0.37805), (0.040048,0.43174,0.90111), 3.9385, 1.1033, 1.9355, (gDx*16,gDy*1,gDz*0)),rgb(0,1,0.8125));
		draw(
			ellipsoid( (0.97271,0.063045,-0.22332), (0.18632,-0.78583,0.58971), (0.13831,0.61522,0.77613), 3.8743, 1.0747, 1.9977, (gDx*17,gDy*1,gDz*0)),rgb(0,1,0.8125));
		draw(
			ellipsoid( (0.98399,-0.014792,-0.17759), (0.11126,-0.72748,0.67705), (0.13921,0.68597,0.71419), 3.9476, 1.077, 2.1492, (gDx*18,gDy*1,gDz*0)),rgb(0,1,0.8125));
		draw(
			ellipsoid( (0.9809,-0.18969,-0.043), (-0.17426,-0.75887,-0.62749), (-0.086397,-0.623,0.77743), 3.7901, 2.3596, 1.2719, (gDx*19,gDy*1,gDz*0)),rgb(0,1,0.53125));
		draw(
			ellipsoid( (0.96814,-0.2463,0.045217), (-0.17183,-0.52203,0.83544), (0.18216,0.81659,0.54772), 3.7737, 1.2602, 2.4316, (gDx*20,gDy*1,gDz*0)),rgb(0,1,0.625));
		draw(
			ellipsoid( (0.93356,-0.29265,0.20693), (-0.32151,-0.42858,0.84436), (0.15842,0.85479,0.4942), 3.8731, 1.3639, 2.2788, (gDx*21,gDy*1,gDz*0)),rgb(0,1,0.53125));
		draw(
			ellipsoid( (0.89822,-0.31537,0.30619), (-0.41909,-0.40441,0.8129), (0.13254,0.85848,0.49542), 3.8446, 1.5212, 2.2338, (gDx*22,gDy*1,gDz*0)),rgb(0,1,0.34375));
		draw(
			ellipsoid( (0.79828,-0.36551,0.4787), (-0.59643,-0.36918,0.71273), (0.083784,0.85447,0.51271), 3.551, 1.7587, 2.4684, (gDx*23,gDy*1,gDz*0)),rgb(0.03125,1,0));
		draw(
			ellipsoid( (-0.69949,0.43983,-0.56326), (0.69162,0.2182,-0.68851), (0.17993,0.87117,0.45682), 3.5468, 1.8431, 2.5743, (gDx*24,gDy*1,gDz*0)),rgb(0.125,1,0));
		draw(
			ellipsoid( (0.37815,-0.40207,-0.83387), (-0.839,0.23184,-0.49227), (-0.39125,-0.88577,0.24967), 3.3569, 1.2181, 1.0959, (gDx*0,gDy*2,gDz*0)),rgb(0,1,0.71875));
		draw(
			ellipsoid( (0.16485,-0.43236,-0.8865), (-0.94414,0.19086,-0.26865), (-0.28535,-0.88127,0.37674), 3.7336, 0.94714, 1.1852, (gDx*1,gDy*2,gDz*0)),rgb(0,1,1));
		draw(
			ellipsoid( (-0.77347,0.531,-0.34609), (0.632,0.68755,-0.35755), (-0.048096,0.49529,0.8674), 0.91111, 1.4053, 3.7425, (gDx*2,gDy*2,gDz*0)),rgb(0,1,1));
		draw(
			ellipsoid( (-0.42116,0.76994,-0.4794), (0.90665,0.37174,-0.19949), (-0.024618,0.51866,0.85462), 1.1298, 1.5689, 3.0988, (gDx*3,gDy*2,gDz*0)),rgb(0,1,0.53125));
		draw(
			ellipsoid( (0.26404,-0.52181,-0.81117), (-0.95819,-0.23803,-0.15878), (0.11023,-0.81918,0.56284), 2.6474, 1.6707, 1.3395, (gDx*4,gDy*2,gDz*0)),rgb(0.03125,1,0));
		draw(
			ellipsoid( (-0.46949,0.67199,0.57272), (0.80261,0.59513,-0.040337), (0.36795,-0.44074,0.81876), 2.5082, 1.597, 1.4692, (gDx*5,gDy*2,gDz*0)),rgb(0.3125,1,0));
		draw(
			ellipsoid( (0.82747,-0.47107,-0.30559), (-0.53802,-0.82091,-0.1914), (0.1607,-0.3228,0.93273), 2.3802, 1.5739, 1.4393, (gDx*6,gDy*2,gDz*0)),rgb(0.40625,1,0));
		draw(
			ellipsoid( (-0.93085,0.36326,0.03941), (0.29734,0.81576,-0.49611), (0.21237,0.45009,0.86736), 2.5825, 1.4916, 1.1647, (gDx*7,gDy*2,gDz*0)),rgb(0,1,0.15625));
		draw(
			ellipsoid( (-0.92942,0.36853,0.019253), (0.30379,0.79368,-0.52705), (0.20951,0.484,0.84962), 2.5466, 1.4789, 1.1132, (gDx*8,gDy*2,gDz*0)),rgb(0,1,0.15625));
		draw(
			ellipsoid( (0.96842,-0.24934,-0.0014302), (-0.18698,-0.7224,-0.66571), (-0.16495,-0.64495,0.74621), 2.6863, 0.99567, 1.4303, (gDx*9,gDy*2,gDz*0)),rgb(0,1,0.4375));
		draw(
			ellipsoid( (0.99894,-0.045525,-0.0072365), (-0.04362,-0.88279,-0.46775), (-0.014906,-0.46757,0.88383), 2.6619, 1.0066, 1.492, (gDx*10,gDy*2,gDz*0)),rgb(0,1,0.4375));
		draw(
			ellipsoid( (0.99556,0.092492,-0.017528), (0.078012,-0.9148,-0.3963), (0.052689,-0.39317,0.91795), 2.8368, 1.1046, 1.5241, (gDx*11,gDy*2,gDz*0)),rgb(0,1,0.34375));
		draw(
			ellipsoid( (0.96975,0.24116,-0.037638), (0.23683,-0.96699,-0.093987), (0.059062,-0.08223,0.99486), 3.2166, 1.2402, 1.7218, (gDx*12,gDy*2,gDz*0)),rgb(0,1,0.4375));
		draw(
			ellipsoid( (0.91617,0.36846,-0.15772), (0.38042,-0.92331,0.052756), (0.12618,0.10833,0.98607), 4.0644, 1.2484, 1.8766, (gDx*13,gDy*2,gDz*0)),rgb(0,1,0.71875));
		draw(
			ellipsoid( (-0.90198,-0.38059,0.20393), (-0.40446,0.91007,-0.09045), (0.15117,0.16406,0.9748), 4.3875, 1.0853, 1.9371, (gDx*14,gDy*2,gDz*0)),rgb(0,1,0.90625));
		draw(
			ellipsoid( (-0.91383,-0.31098,0.26117), (-0.35209,0.92718,-0.12795), (0.20236,0.20888,0.95678), 4.2741, 1.1092, 1.9516, (gDx*15,gDy*2,gDz*0)),rgb(0,1,0.90625));
		draw(
			ellipsoid( (-0.93554,-0.21099,0.28328), (-0.23989,-0.20912,-0.94801), (-0.25927,0.95485,-0.14503), 4.1998, 1.9408, 1.1621, (gDx*16,gDy*2,gDz*0)),rgb(0,1,0.8125));
		draw(
			ellipsoid( (0.94764,0.010264,-0.31918), (0.27837,0.46324,0.84138), (-0.15649,0.88618,-0.43612), 4.0377, 2.0375, 1.1371, (gDx*17,gDy*2,gDz*0)),rgb(0,1,0.8125));
		draw(
			ellipsoid( (0.95436,-0.049421,-0.29456), (0.26829,0.57522,0.77275), (-0.13124,0.8165,-0.56222), 4.0785, 2.1171, 1.1604, (gDx*18,gDy*2,gDz*0)),rgb(0,1,0.8125));
		draw(
			ellipsoid( (0.94293,-0.23731,-0.23361), (-0.33137,-0.7381,-0.58772), (0.032961,-0.63159,0.77461), 3.8386, 2.4405, 1.3373, (gDx*19,gDy*2,gDz*0)),rgb(0,1,0.53125));
		draw(
			ellipsoid( (0.93921,-0.30776,-0.15223), (-0.34,-0.77183,-0.53729), (-0.047864,-0.55639,0.82954), 3.7602, 2.5756, 1.3294, (gDx*20,gDy*2,gDz*0)),rgb(0,1,0.53125));
		draw(
			ellipsoid( (-0.93743,0.34509,-0.046128), (0.22534,0.50038,-0.83597), (0.26541,0.79406,0.54684), 3.6735, 1.482, 2.45, (gDx*21,gDy*2,gDz*0)),rgb(0,1,0.34375));
		draw(
			ellipsoid( (-0.91572,0.37115,-0.15395), (0.34003,0.51163,-0.78906), (0.2141,0.77491,0.59471), 3.5604, 1.6831, 2.4188, (gDx*22,gDy*2,gDz*0)),rgb(0,1,0.0625));
		draw(
			ellipsoid( (0.82292,-0.42218,0.38023), (-0.54864,-0.41653,0.72491), (0.14766,0.80515,0.57439), 3.4818, 1.847, 2.5473, (gDx*23,gDy*2,gDz*0)),rgb(0.125,1,0));
		draw(
			ellipsoid( (-0.7181,0.49467,-0.48953), (0.65844,0.25511,-0.70808), (0.22538,0.8308,0.5089), 3.519, 1.8958, 2.6183, (gDx*24,gDy*2,gDz*0)),rgb(0.21875,1,0));
		draw(
			ellipsoid( (0.6204,-0.50168,-0.60284), (-0.78222,-0.45156,-0.42922), (0.056886,-0.73784,0.67258), 2.9898, 1.4696, 1.0927, (gDx*0,gDy*3,gDz*0)),rgb(0,1,0.53125));
		draw(
			ellipsoid( (0.21161,-0.59186,-0.77777), (-0.94225,-0.3349,-0.0015176), (0.25957,-0.73318,0.62855), 2.9146, 1.4008, 1.0985, (gDx*1,gDy*3,gDz*0)),rgb(0,1,0.4375));
		draw(
			ellipsoid( (-0.14273,-0.58665,-0.79716), (-0.81019,-0.39337,0.43456), (0.56852,-0.70788,0.41915), 3.3177, 1.5285, 0.94903, (gDx*2,gDy*3,gDz*0)),rgb(0,1,0.8125));
		draw(
			ellipsoid( (-0.29997,-0.54433,-0.78341), (-0.8627,-0.1957,0.46631), (0.40713,-0.81573,0.41089), 3.3221, 1.5629, 0.98233, (gDx*3,gDy*3,gDz*0)),rgb(0,1,0.71875));
		draw(
			ellipsoid( (-0.24018,-0.54564,-0.80287), (-0.91568,-0.14721,0.37398), (0.32225,-0.82499,0.46427), 3.0249, 1.679, 1.1044, (gDx*4,gDy*3,gDz*0)),rgb(0,1,0.4375));
		draw(
			ellipsoid( (0.18273,0.67929,0.71076), (0.94836,0.068857,-0.30962), (0.25926,-0.73063,0.63163), 2.6008, 1.6796, 1.3013, (gDx*5,gDy*3,gDz*0)),rgb(0.03125,1,0));
		draw(
			ellipsoid( (-0.28077,0.61622,-0.73583), (0.95926,0.1549,-0.23629), (0.031626,0.77219,0.6346), 1.339, 1.7675, 2.4132, (gDx*6,gDy*3,gDz*0)),rgb(0.21875,1,0));
		draw(
			ellipsoid( (-0.6296,0.74104,0.2334), (0.63194,0.66321,-0.401), (0.45195,0.10498,0.88585), 2.3122, 1.6948, 1.4219, (gDx*7,gDy*3,gDz*0)),rgb(0.5,1,0));
		draw(
			ellipsoid( (-0.63143,0.76745,0.11096), (0.58378,0.56467,-0.58339), (0.51038,0.3036,0.80457), 2.4113, 1.7131, 1.3186, (gDx*8,gDy*3,gDz*0)),rgb(0.21875,1,0));
		draw(
			ellipsoid( (-0.84247,0.53625,0.051802), (0.37277,0.51079,0.77469), (-0.38897,-0.67196,0.63022), 2.3308, 1.2489, 1.7577, (gDx*9,gDy*3,gDz*0)),rgb(0.21875,1,0));
		draw(
			ellipsoid( (0.96633,-0.25588,-0.027077), (-0.23259,-0.82361,-0.51727), (-0.11006,-0.50616,0.85539), 2.735, 1.0579, 1.7103, (gDx*10,gDy*3,gDz*0)),rgb(0,1,0.34375));
		draw(
			ellipsoid( (0.99006,-0.11223,-0.084753), (-0.14021,-0.83456,-0.53278), (0.010935,-0.53937,0.842), 2.8235, 1.166, 1.7255, (gDx*11,gDy*3,gDz*0)),rgb(0,1,0.25));
		draw(
			ellipsoid( (0.99574,0.004099,-0.092099), (-0.089651,0.27589,-0.957), (-0.021486,-0.96118,-0.27508), 3.317, 1.7584, 1.2805, (gDx*12,gDy*3,gDz*0)),rgb(0,1,0.4375));
		draw(
			ellipsoid( (0.97366,0.1622,-0.16024), (0.15876,-0.98673,-0.034177), (0.16366,-0.0078369,0.98649), 3.8769, 1.3505, 1.906, (gDx*13,gDy*3,gDz*0)),rgb(0,1,0.53125));
		draw(
			ellipsoid( (-0.95058,-0.21897,0.2201), (-0.23118,0.97242,-0.031005), (0.20724,0.080354,0.97499), 4.1044, 1.2062, 1.9603, (gDx*14,gDy*3,gDz*0)),rgb(0,1,0.71875));
		draw(
			ellipsoid( (-0.93992,-0.1986,0.27767), (-0.24985,-0.15406,-0.95595), (-0.23263,0.9679,-0.095182), 4.1871, 1.9739, 1.1431, (gDx*15,gDy*3,gDz*0)),rgb(0,1,0.8125));
		draw(
			ellipsoid( (-0.94093,-0.18905,0.28091), (-0.2519,-0.16356,-0.95383), (-0.22627,0.96825,-0.10627), 4.1793, 1.9679, 1.1482, (gDx*16,gDy*3,gDz*0)),rgb(0,1,0.8125));
		draw(
			ellipsoid( (0.95118,0.0073148,-0.30854), (0.27266,0.44843,0.85122), (-0.14458,0.89379,-0.42454), 4.0116, 2.0492, 1.1445, (gDx*17,gDy*3,gDz*0)),rgb(0,1,0.8125));
		draw(
			ellipsoid( (0.94657,-0.044104,-0.31946), (0.2828,0.58965,0.75653), (-0.155,0.80646,-0.57062), 4.1661, 2.0803, 1.1811, (gDx*18,gDy*3,gDz*0)),rgb(0,1,0.8125));
		draw(
			ellipsoid( (0.89793,-0.26342,-0.35261), (-0.42132,-0.74619,-0.51545), (0.12734,-0.6114,0.78101), 3.9341, 2.4989, 1.3177, (gDx*19,gDy*3,gDz*0)),rgb(0,1,0.625));
		draw(
			ellipsoid( (0.88696,-0.35296,-0.29786), (-0.45831,-0.75226,-0.47334), (0.056996,-0.55635,0.82899), 3.7959, 2.685, 1.3302, (gDx*20,gDy*3,gDz*0)),rgb(0,1,0.53125));
		draw(
			ellipsoid( (0.88709,-0.42643,-0.1767), (-0.45923,-0.77661,-0.43127), (-0.046685,-0.46372,0.88475), 3.6389, 2.7782, 1.4581, (gDx*21,gDy*3,gDz*0)),rgb(0,1,0.34375));
		draw(
			ellipsoid( (0.86135,-0.48783,-0.14176), (-0.4988,-0.75926,-0.41801), (-0.096281,-0.43076,0.89732), 3.5504, 2.7402, 1.6966, (gDx*22,gDy*3,gDz*0)),rgb(0,1,0.0625));
		draw(
			ellipsoid( (-0.74996,0.65951,0.051053), (0.61634,0.66868,0.41591), (-0.24016,-0.34339,0.90797), 3.4412, 2.7765, 1.9776, (gDx*23,gDy*3,gDz*0)),rgb(0.3125,1,0));
		draw(
			ellipsoid( (-0.70518,0.70396,-0.084688), (0.64817,0.68845,0.32544), (-0.2874,-0.1746,0.94176), 3.507, 2.8265, 2.0373, (gDx*24,gDy*3,gDz*0)),rgb(0.3125,1,0));
		draw(
			ellipsoid( (0.6738,-0.67646,-0.2973), (-0.73405,-0.65888,-0.16447), (0.084629,-0.32905,0.94051), 3.0611, 1.5477, 0.92851, (gDx*0,gDy*4,gDz*0)),rgb(0,1,0.71875));
		draw(
			ellipsoid( (0.39338,-0.79437,-0.46284), (-0.91502,-0.38726,-0.11305), (0.089437,-0.46798,0.8792), 2.6231, 1.5618, 0.98165, (gDx*1,gDy*4,gDz*0)),rgb(0,1,0.4375));
		draw(
			ellipsoid( (-0.29637,0.65023,-0.69955), (0.9428,0.082131,-0.32308), (0.15262,0.75528,0.63738), 0.99559, 1.6024, 2.6351, (gDx*2,gDy*4,gDz*0)),rgb(0,1,0.4375));
		draw(
			ellipsoid( (0.38512,0.57883,0.71878), (0.88425,-0.0085037,-0.46693), (0.26416,-0.81541,0.5151), 2.9612, 1.5571, 1.0126, (gDx*3,gDy*4,gDz*0)),rgb(0,1,0.53125));
		draw(
			ellipsoid( (0.35333,0.53196,0.76953), (0.90366,0.018704,-0.42785), (0.24199,-0.84656,0.4741), 2.9897, 1.6363, 1.0538, (gDx*4,gDy*4,gDz*0)),rgb(0,1,0.53125));
		draw(
			ellipsoid( (-0.40724,-0.57428,-0.71019), (-0.84483,-0.058575,0.53181), (0.34701,-0.81656,0.46132), 2.9315, 1.62, 1.1659, (gDx*5,gDy*4,gDz*0)),rgb(0,1,0.34375));
		draw(
			ellipsoid( (-0.37572,-0.63751,-0.67262), (-0.8463,-0.059742,0.52935), (0.37765,-0.76812,0.51708), 2.8312, 1.6699, 1.192, (gDx*6,gDy*4,gDz*0)),rgb(0,1,0.25));
		draw(
			ellipsoid( (-0.17193,-0.85473,-0.48978), (-0.91267,-0.048923,0.40576), (0.37078,-0.51677,0.77167), 2.3483, 1.722, 1.449, (gDx*7,gDy*4,gDz*0)),rgb(0.5,1,0));
		draw(
			ellipsoid( (-0.63267,0.18541,-0.7519), (-0.77303,-0.20934,0.59883), (0.046372,-0.9601,-0.27577), 1.4396, 1.6716, 2.3455, (gDx*8,gDy*4,gDz*0)),rgb(0.5,1,0));
		draw(
			ellipsoid( (-0.46536,0.015363,-0.88499), (0.88492,-0.013126,-0.46556), (0.018769,0.9998,0.0074868), 1.4248, 1.8327, 2.1194, (gDx*9,gDy*4,gDz*0)),rgb(0.6875,1,0));
		draw(
			ellipsoid( (0.9297,-0.36493,-0.049917), (-0.34576,-0.81796,-0.45977), (-0.12695,-0.44471,0.88663), 2.4816, 1.3758, 1.6928, (gDx*10,gDy*4,gDz*0)),rgb(0.21875,1,0));
		draw(
			ellipsoid( (0.92584,-0.34864,-0.14584), (-0.37791,-0.85134,-0.36387), (-0.0026962,-0.392,0.91996), 2.9945, 1.225, 1.6947, (gDx*11,gDy*4,gDz*0)),rgb(0,1,0.34375));
		draw(
			ellipsoid( (0.9456,-0.31783,-0.069398), (-0.30669,-0.94208,0.13571), (0.10851,0.10704,0.98832), 3.6796, 1.2182, 1.8368, (gDx*12,gDy*4,gDz*0)),rgb(0,1,0.625));
		draw(
			ellipsoid( (0.97174,-0.18987,-0.14027), (-0.14806,-0.95302,0.26426), (0.18386,0.23603,0.9542), 3.7496, 1.3827, 2.096, (gDx*13,gDy*4,gDz*0)),rgb(0,1,0.4375));
		draw(
			ellipsoid( (0.97348,-0.089655,-0.21047), (-0.22601,-0.2342,-0.94555), (-0.035481,-0.96805,0.24825), 3.6827, 2.1653, 1.3242, (gDx*14,gDy*4,gDz*0)),rgb(0,1,0.4375));
		draw(
			ellipsoid( (0.95358,0.0089094,-0.30102), (0.29292,0.20467,0.93398), (-0.069929,0.97879,-0.19256), 3.8533, 2.1185, 1.1154, (gDx*15,gDy*4,gDz*0)),rgb(0,1,0.71875));
		draw(
			ellipsoid( (0.95252,0.0036832,-0.30445), (0.29652,0.21584,0.93032), (-0.06914,0.97642,-0.2045), 3.8603, 2.1105, 1.1141, (gDx*16,gDy*4,gDz*0)),rgb(0,1,0.71875));
		draw(
			ellipsoid( (0.95445,-0.026709,-0.29716), (0.27975,0.42634,0.86022), (-0.10372,0.90417,-0.41439), 3.8932, 2.0456, 1.1878, (gDx*17,gDy*4,gDz*0)),rgb(0,1,0.71875));
		draw(
			ellipsoid( (0.93455,-0.069762,-0.34894), (-0.32632,-0.55908,-0.7622), (0.14191,-0.82617,0.54525), 4.1487, 2.0652, 1.2386, (gDx*18,gDy*4,gDz*0)),rgb(0,1,0.71875));
		draw(
			ellipsoid( (0.86054,-0.30193,-0.41025), (-0.48774,-0.72066,-0.49271), (0.14689,-0.62409,0.76742), 3.9967, 2.4488, 1.4002, (gDx*19,gDy*4,gDz*0)),rgb(0,1,0.53125));
		draw(
			ellipsoid( (0.82323,-0.41059,-0.39206), (-0.55708,-0.71725,-0.41858), (0.10934,-0.563,0.81919), 3.7844, 2.6886, 1.4863, (gDx*20,gDy*4,gDz*0)),rgb(0,1,0.34375));
		draw(
			ellipsoid( (0.79889,-0.5385,-0.26793), (-0.60146,-0.71194,-0.36249), (-0.0044528,-0.45073,0.89265), 3.6627, 2.8607, 1.5486, (gDx*21,gDy*4,gDz*0)),rgb(0,1,0.25));
		draw(
			ellipsoid( (0.72127,-0.65285,-0.23143), (-0.69125,-0.65719,-0.30045), (-0.044057,-0.37668,0.9253), 3.6191, 2.9046, 1.6813, (gDx*22,gDy*4,gDz*0)),rgb(0,1,0.15625));
		draw(
			ellipsoid( (0.60139,-0.78278,-0.15993), (-0.78747,-0.54694,-0.28415), (-0.13495,-0.29683,0.94535), 3.6708, 2.9198, 1.8392, (gDx*23,gDy*4,gDz*0)),rgb(0.03125,1,0));
		draw(
			ellipsoid( (0.55668,-0.82887,-0.055535), (-0.81252,-0.52934,-0.24414), (-0.17296,-0.18103,0.96815), 3.7221, 2.9782, 1.8991, (gDx*24,gDy*4,gDz*0)),rgb(0.03125,1,0));
		draw(
			ellipsoid( (0.42425,-0.8804,-0.2119), (-0.90124,-0.43331,-0.0040808), (0.088223,-0.1927,0.97728), 3.0317, 1.715, 0.90317, (gDx*0,gDy*5,gDz*0)),rgb(0,1,0.71875));
		draw(
			ellipsoid( (0.14071,-0.93676,-0.32043), (-0.97409,-0.18888,0.12443), (0.17708,-0.29461,0.93907), 2.7668, 1.5979, 0.9764, (gDx*1,gDy*5,gDz*0)),rgb(0,1,0.53125));
		draw(
			ellipsoid( (-0.2272,-0.84496,-0.48417), (-0.91625,0.017032,0.40024), (0.32994,-0.53456,0.77807), 2.7731, 1.6539, 0.96645, (gDx*2,gDy*5,gDz*0)),rgb(0,1,0.53125));
		draw(
			ellipsoid( (-0.47289,-0.66849,-0.57402), (-0.83962,0.1443,0.52365), (0.26723,-0.72959,0.62951), 2.9038, 1.625, 1.0262, (gDx*3,gDy*5,gDz*0)),rgb(0,1,0.53125));
		draw(
			ellipsoid( (0.51378,0.56716,0.64371), (0.82291,-0.11364,-0.55669), (0.24258,-0.81573,0.52511), 2.9624, 1.6924, 1.0597, (gDx*4,gDy*5,gDz*0)),rgb(0,1,0.53125));
		draw(
			ellipsoid( (0.56678,0.47835,0.67077), (0.78933,-0.082018,-0.60847), (0.23605,-0.87433,0.42406), 3.1116, 1.652, 1.0604, (gDx*5,gDy*5,gDz*0)),rgb(0,1,0.53125));
		draw(
			ellipsoid( (0.56156,0.47704,0.67608), (0.7987,-0.099056,-0.59352), (0.21616,-0.87328,0.43664), 3.1146, 1.6637, 1.049, (gDx*6,gDy*5,gDz*0)),rgb(0,1,0.53125));
		draw(
			ellipsoid( (0.57657,0.4858,0.65693), (0.7906,-0.12882,-0.59863), (0.20619,-0.86452,0.45835), 2.8245, 1.6803, 1.1676, (gDx*7,gDy*5,gDz*0)),rgb(0,1,0.25));
		draw(
			ellipsoid( (0.53325,0.53042,0.65901), (0.82942,-0.17451,-0.53067), (0.16648,-0.82958,0.533), 2.4052, 1.6533, 1.3426, (gDx*8,gDy*5,gDz*0)),rgb(0.21875,1,0));
		draw(
			ellipsoid( (-0.53333,-0.80072,-0.2728), (-0.60331,0.13399,0.78617), (0.59295,-0.58387,0.55454), 2.518, 1.7236, 1.354, (gDx*9,gDy*5,gDz*0)),rgb(0.21875,1,0));
		draw(
			ellipsoid( (0.98205,-0.12259,-0.14338), (-0.18798,-0.69945,-0.68951), (0.015763,-0.70409,0.70994), 2.2444, 1.8643, 1.5529, (gDx*10,gDy*5,gDz*0)),rgb(0.78125,1,0));
		draw(
			ellipsoid( (0.90573,-0.35006,-0.23898), (-0.38102,-0.42545,-0.82086), (-0.18567,-0.83454,0.51873), 2.8029, 1.6104, 1.5164, (gDx*11,gDy*5,gDz*0)),rgb(0.125,1,0));
		draw(
			ellipsoid( (-0.88483,0.45529,0.09894), (0.40223,0.85363,-0.33095), (0.23514,0.25304,0.93845), 3.6478, 1.3391, 1.9409, (gDx*12,gDy*5,gDz*0)),rgb(0,1,0.4375));
		draw(
			ellipsoid( (-0.90133,0.41627,0.1197), (0.35287,0.86596,-0.3544), (0.25118,0.27719,0.9274), 3.8403, 1.355, 2.2405, (gDx*13,gDy*5,gDz*0)),rgb(0,1,0.53125));
		draw(
			ellipsoid( (-0.92154,0.33264,0.20029), (0.25353,0.90617,-0.33848), (0.29409,0.26115,0.91941), 3.5501, 1.3825, 2.3087, (gDx*14,gDy*5,gDz*0)),rgb(0,1,0.34375));
		draw(
			ellipsoid( (0.93435,-0.18006,-0.30751), (-0.34198,-0.2105,-0.91583), (-0.10018,-0.96087,0.25826), 3.4731, 2.2467, 1.2519, (gDx*15,gDy*5,gDz*0)),rgb(0,1,0.4375));
		draw(
			ellipsoid( (0.93924,-0.11277,-0.3242), (-0.34211,-0.23056,-0.91094), (-0.027983,-0.9665,0.25513), 3.7024, 2.1882, 1.1428, (gDx*16,gDy*5,gDz*0)),rgb(0,1,0.71875));
		draw(
			ellipsoid( (0.94109,-0.10102,-0.32273), (-0.33588,-0.39011,-0.85732), (0.03929,-0.91521,0.40105), 3.7535, 2.0874, 1.2408, (gDx*17,gDy*5,gDz*0)),rgb(0,1,0.625));
		draw(
			ellipsoid( (0.91232,-0.13293,-0.38731), (-0.39944,-0.49716,-0.77025), (0.090169,-0.85742,0.50666), 4.0628, 2.0806, 1.3008, (gDx*18,gDy*5,gDz*0)),rgb(0,1,0.625));
		draw(
			ellipsoid( (0.81422,-0.33773,-0.47221), (-0.5616,-0.66431,-0.49324), (0.14712,-0.66681,0.73057), 3.942, 2.3761, 1.5479, (gDx*19,gDy*5,gDz*0)),rgb(0,1,0.34375));
		draw(
			ellipsoid( (0.76749,-0.44745,-0.45907), (-0.6275,-0.67088,-0.39517), (0.13116,-0.59136,0.79567), 3.7293, 2.6102, 1.6565, (gDx*20,gDy*5,gDz*0)),rgb(0,1,0.15625));
		draw(
			ellipsoid( (0.74639,-0.59012,-0.30767), (-0.66527,-0.67415,-0.32085), (0.018075,-0.44416,0.89577), 3.5959, 2.8399, 1.6678, (gDx*21,gDy*5,gDz*0)),rgb(0,1,0.15625));
		draw(
			ellipsoid( (0.70395,-0.67382,-0.22452), (-0.70817,-0.64177,-0.29433), (-0.054236,-0.36619,0.92896), 3.5968, 2.9047, 1.7144, (gDx*22,gDy*5,gDz*0)),rgb(0,1,0.0625));
		draw(
			ellipsoid( (0.61175,-0.77811,-0.1425), (-0.77771,-0.55864,-0.28824), (-0.14468,-0.28716,0.94689), 3.6635, 2.9482, 1.8118, (gDx*23,gDy*5,gDz*0)),rgb(0.03125,1,0));
		draw(
			ellipsoid( (0.5693,-0.8206,-0.050149), (-0.80319,-0.54212,-0.24696), (-0.17547,-0.18087,0.96773), 3.7412, 3.0256, 1.8465, (gDx*24,gDy*5,gDz*0)),rgb(0.03125,1,0));
		draw(
			ellipsoid( (0.055224,0.98879,0.13873), (0.98973,-0.072555,0.12315), (-0.13184,-0.1305,0.98264), 2.832, 1.5062, 1.0313, (gDx*0,gDy*6,gDz*0)),rgb(0,1,0.4375));
		draw(
			ellipsoid( (0.17715,0.96395,0.19856), (0.97693,-0.19668,0.0832), (-0.11925,-0.17924,0.97655), 2.8218, 1.4676, 1.0188, (gDx*1,gDy*6,gDz*0)),rgb(0,1,0.53125));
		draw(
			ellipsoid( (0.40355,0.83911,0.36474), (0.90799,-0.31817,-0.27264), (0.11273,-0.4412,0.8903), 2.7983, 1.5184, 1.0738, (gDx*2,gDy*6,gDz*0)),rgb(0,1,0.4375));
		draw(
			ellipsoid( (0.56198,0.66771,0.48819), (0.80243,-0.2969,-0.51764), (0.20069,-0.68265,0.70265), 2.9325, 1.6178, 1.0439, (gDx*3,gDy*6,gDz*0)),rgb(0,1,0.53125));
		draw(
			ellipsoid( (0.5889,0.57235,0.57062), (0.78461,-0.23552,-0.57351), (0.19386,-0.78546,0.58777), 2.966, 1.7141, 1.069, (gDx*4,gDy*6,gDz*0)),rgb(0,1,0.4375));
		draw(
			ellipsoid( (0.60604,0.4744,0.63848), (0.77354,-0.16446,-0.61204), (0.18535,-0.86481,0.46664), 3.0753, 1.6834, 1.0737, (gDx*5,gDy*6,gDz*0)),rgb(0,1,0.53125));
		draw(
			ellipsoid( (0.62305,0.37033,0.68896), (0.77024,-0.13714,-0.62284), (0.13618,-0.91872,0.37068), 3.2086, 1.7857, 0.96105, (gDx*6,gDy*6,gDz*0)),rgb(0,1,0.71875));
		draw(
			ellipsoid( (0.65189,0.34342,0.67609), (0.74924,-0.1542,-0.6441), (0.11694,-0.92644,0.35783), 3.1109, 1.8543, 0.98577, (gDx*7,gDy*6,gDz*0)),rgb(0,1,0.625));
		draw(
			ellipsoid( (0.68684,0.35009,0.63694), (0.71457,-0.16513,-0.67979), (0.13281,-0.92205,0.36358), 2.8483, 1.8238, 1.0729, (gDx*8,gDy*6,gDz*0)),rgb(0,1,0.4375));
		draw(
			ellipsoid( (-0.75281,-0.56355,-0.34014), (-0.5037,0.16052,0.84883), (0.42376,-0.81034,0.4047), 2.7547, 1.8465, 1.2211, (gDx*9,gDy*6,gDz*0)),rgb(0,1,0.15625));
		draw(
			ellipsoid( (-0.78833,-0.56712,-0.23854), (-0.42293,0.78111,-0.45934), (-0.44683,0.26123,0.85563), 2.6671, 1.257, 1.9154, (gDx*10,gDy*6,gDz*0)),rgb(0,1,0.0625));
		draw(
			ellipsoid( (0.38295,-0.61855,0.68611), (-0.83415,-0.55067,-0.03086), (-0.39691,0.5605,0.72684), 1.4418, 2.3353, 2.0345, (gDx*11,gDy*6,gDz*0)),rgb(0.5,1,0));
		draw(
			ellipsoid( (0.16474,0.61097,-0.77432), (0.75285,-0.58508,-0.30148), (0.63724,0.53328,0.55636), 1.6713, 2.4774, 2.307, (gDx*12,gDy*6,gDz*0)),rgb(0.6875,1,0));
		draw(
			ellipsoid( (-0.62333,0.74811,0.22758), (0.60323,0.27486,0.74871), (-0.49756,-0.60397,0.62261), 3.0253, 2.2801, 1.719, (gDx*13,gDy*6,gDz*0)),rgb(0.3125,1,0));
		draw(
			ellipsoid( (0.47538,0.64344,-0.6), (0.7042,-0.68709,-0.1789), (0.52736,0.33748,0.77974), 1.597, 3.1866, 2.4356, (gDx*14,gDy*6,gDz*0)),rgb(0.03125,1,0));
		draw(
			ellipsoid( (0.29236,0.7912,-0.53714), (0.85293,-0.46976,-0.2277), (0.43248,0.39157,0.81218), 1.5632, 3.075, 2.367, (gDx*15,gDy*6,gDz*0)),rgb(0.03125,1,0));
		draw(
			ellipsoid( (0.90313,-0.32691,-0.27837), (-0.40438,-0.42962,-0.80741), (-0.14436,-0.84176,0.5202), 3.2287, 2.3272, 1.4678, (gDx*16,gDy*6,gDz*0)),rgb(0,1,0.15625));
		draw(
			ellipsoid( (0.87873,-0.31797,-0.35598), (-0.4701,-0.44737,-0.76083), (-0.082669,-0.83591,0.5426), 3.3061, 2.2558, 1.4903, (gDx*17,gDy*6,gDz*0)),rgb(0,1,0.15625));
		draw(
			ellipsoid( (0.87894,-0.23037,-0.41761), (-0.47626,-0.37736,-0.79421), (-0.025368,-0.89696,0.44139), 3.7504, 2.1801, 1.4575, (gDx*18,gDy*6,gDz*0)),rgb(0,1,0.34375));
		draw(
			ellipsoid( (0.72294,-0.40028,-0.56314), (-0.68842,-0.48645,-0.538), (0.05859,-0.77662,0.62724), 3.8362, 2.2836, 1.6785, (gDx*19,gDy*6,gDz*0)),rgb(0,1,0.15625));
		draw(
			ellipsoid( (0.65061,-0.51326,-0.55971), (-0.75141,-0.54178,-0.37663), (0.10993,-0.66562,0.73815), 3.6786, 2.4555, 1.8067, (gDx*20,gDy*6,gDz*0)),rgb(0.03125,1,0));
		draw(
			ellipsoid( (0.59503,-0.69858,-0.39739), (-0.80352,-0.50651,-0.31274), (-0.017193,-0.5054,0.86271), 3.5165, 2.6548, 1.8488, (gDx*21,gDy*6,gDz*0)),rgb(0.125,1,0));
		draw(
			ellipsoid( (0.50423,-0.81246,-0.29268), (-0.85488,-0.42166,-0.30228), (-0.12218,-0.40263,0.90717), 3.4772, 2.7764, 1.87, (gDx*22,gDy*6,gDz*0)),rgb(0.21875,1,0));
		draw(
			ellipsoid( (0.50486,-0.84552,-0.17383), (-0.83901,-0.43332,-0.32909), (-0.20292,-0.31199,0.92816), 3.5212, 2.9271, 1.8518, (gDx*23,gDy*6,gDz*0)),rgb(0.125,1,0));
		draw(
			ellipsoid( (0.48188,-0.87296,-0.075678), (-0.84816,-0.44301,-0.29045), (-0.22002,-0.20415,0.95389), 3.6459, 3.0147, 1.8604, (gDx*24,gDy*6,gDz*0)),rgb(0.03125,1,0));
		draw(
			ellipsoid( (0.50732,0.86167,0.012159), (0.86009,-0.50716,0.055126), (-0.053667,0.017509,0.99841), 2.6469, 1.5639, 0.97887, (gDx*0,gDy*7,gDz*0)),rgb(0,1,0.4375));
		draw(
			ellipsoid( (0.59916,0.79425,0.10081), (0.79933,-0.6006,-0.018834), (-0.045585,-0.091862,0.99473), 2.6495, 1.5737, 0.97307, (gDx*1,gDy*7,gDz*0)),rgb(0,1,0.4375));
		draw(
			ellipsoid( (0.67762,0.70371,0.21362), (0.71908,-0.57313,-0.39299), (0.15412,-0.4199,0.89439), 2.7851, 1.5291, 1.0649, (gDx*2,gDy*7,gDz*0)),rgb(0,1,0.4375));
		draw(
			ellipsoid( (0.6486,0.65176,0.3931), (0.72429,-0.36978,-0.58195), (0.23394,-0.66217,0.7119), 2.8241, 1.665, 1.0687, (gDx*3,gDy*7,gDz*0)),rgb(0,1,0.4375));
		draw(
			ellipsoid( (0.66349,0.56541,0.48999), (0.72064,-0.30691,-0.62167), (0.20112,-0.76558,0.61109), 2.825, 1.7853, 1.0856, (gDx*4,gDy*7,gDz*0)),rgb(0,1,0.34375));
		draw(
			ellipsoid( (0.67795,0.4666,0.56805), (0.7142,-0.23508,-0.65928), (0.17408,-0.85266,0.49262), 2.925, 1.7533, 1.0862, (gDx*5,gDy*7,gDz*0)),rgb(0,1,0.4375));
		draw(
			ellipsoid( (0.66825,0.32804,0.66771), (0.73717,-0.17116,-0.65367), (0.10014,-0.92903,0.3562), 3.0792, 1.8388, 0.94951, (gDx*6,gDy*7,gDz*0)),rgb(0,1,0.71875));
		draw(
			ellipsoid( (0.66271,0.23662,0.71051), (0.74804,-0.16426,-0.64301), (0.035444,-0.95762,0.28586), 3.0582, 1.8552, 0.91295, (gDx*7,gDy*7,gDz*0)),rgb(0,1,0.71875));
		draw(
			ellipsoid( (0.72372,0.20868,0.65778), (0.68993,-0.19847,-0.69614), (0.014719,-0.95763,0.28761), 2.8825, 1.8283, 0.95646, (gDx*8,gDy*7,gDz*0)),rgb(0,1,0.625));
		draw(
			ellipsoid( (-0.85058,-0.37875,-0.36477), (-0.45627,0.18676,0.87002), (0.2614,-0.90646,0.33167), 2.6291, 1.7937, 1.1815, (gDx*9,gDy*7,gDz*0)),rgb(0,1,0.15625));
		draw(
			ellipsoid( (-0.89121,-0.39762,-0.21827), (-0.31777,0.8907,-0.32509), (-0.32368,0.22037,0.92015), 2.6005, 1.1987, 1.7871, (gDx*10,gDy*7,gDz*0)),rgb(0,1,0.0625));
		draw(
			ellipsoid( (-0.82088,-0.55671,-0.12738), (-0.5051,0.81181,-0.29299), (-0.26652,0.17617,0.94759), 2.5596, 1.1729, 1.8082, (gDx*11,gDy*7,gDz*0)),rgb(0,1,0.0625));
		draw(
			ellipsoid( (-0.75824,-0.62151,-0.19697), (-0.56418,0.77689,-0.27953), (-0.32675,0.10082,0.93972), 2.8366, 1.3679, 1.9305, (gDx*12,gDy*7,gDz*0)),rgb(0.03125,1,0));
		draw(
			ellipsoid( (-0.63837,-0.67467,-0.37055), (-0.56541,0.73766,-0.36901), (-0.52229,0.026052,0.85237), 2.6365, 1.7271, 2.042, (gDx*13,gDy*7,gDz*0)),rgb(0.59375,1,0));
		draw(
			ellipsoid( (-0.25978,-0.86261,-0.43407), (-0.73239,-0.11696,0.67076), (0.62937,-0.49216,0.60139), 2.7271, 1.8418, 2.1633, (gDx*14,gDy*7,gDz*0)),rgb(0.6875,1,0));
		draw(
			ellipsoid( (-0.54664,-0.38172,0.7453), (-0.82844,0.11689,-0.54775), (-0.12197,0.91685,0.38013), 1.7977, 2.4533, 2.6995, (gDx*15,gDy*7,gDz*0)),rgb(0.59375,1,0));
		draw(
			ellipsoid( (0.44563,0.63527,-0.63075), (0.66047,0.24232,0.71068), (-0.60432,0.73329,0.31159), 1.8208, 2.457, 2.9777, (gDx*16,gDy*7,gDz*0)),rgb(0.5,1,0));
		draw(
			ellipsoid( (-0.63179,0.69166,0.34992), (0.64609,0.22049,0.73072), (-0.42826,-0.68774,0.58618), 3.0063, 2.4033, 1.8702, (gDx*17,gDy*7,gDz*0)),rgb(0.5,1,0));
		draw(
			ellipsoid( (-0.7907,0.42336,0.44223), (0.51778,0.077028,0.85204), (-0.32666,-0.90268,0.28011), 3.2575, 2.4566, 1.7196, (gDx*18,gDy*7,gDz*0)),rgb(0.125,1,0));
		draw(
			ellipsoid( (-0.62108,0.46535,0.63064), (0.69145,-0.053499,0.72044), (-0.369,-0.88351,0.28854), 3.5819, 2.6274, 1.6891, (gDx*19,gDy*7,gDz*0)),rgb(0,1,0.0625));
		draw(
			ellipsoid( (-0.43954,0.52095,0.73172), (0.8199,-0.10001,0.56371), (-0.36685,-0.84771,0.38317), 3.5601, 2.6091, 1.8109, (gDx*20,gDy*7,gDz*0)),rgb(0.125,1,0));
		draw(
			ellipsoid( (0.38596,0.74702,-0.54129), (0.88862,-0.14347,0.43562), (-0.24776,0.64914,0.71919), 1.9077, 2.6374, 3.566, (gDx*21,gDy*7,gDz*0)),rgb(0.21875,1,0));
		draw(
			ellipsoid( (-0.46016,-0.65715,0.597), (-0.87737,0.23364,-0.41908), (-0.13591,0.71664,0.68408), 1.9803, 2.7162, 3.4922, (gDx*22,gDy*7,gDz*0)),rgb(0.3125,1,0));
		draw(
			ellipsoid( (-0.48738,-0.57927,0.65338), (-0.87146,0.27565,-0.40568), (-0.05489,0.76711,0.63916), 2.004, 2.8787, 3.4067, (gDx*23,gDy*7,gDz*0)),rgb(0.40625,1,0));
		draw(
			ellipsoid( (-0.54053,-0.47366,0.69532), (-0.83436,0.19573,-0.51529), (-0.10798,0.85869,0.501), 2.0883, 3.0053, 3.3527, (gDx*24,gDy*7,gDz*0)),rgb(0.5,1,0));
		draw(
			ellipsoid( (0.63549,0.75643,-0.15481), (0.76995,-0.60589,0.20018), (-0.057626,0.24641,0.96745), 2.9724, 1.4917, 0.99218, (gDx*0,gDy*8,gDz*0)),rgb(0,1,0.625));
		draw(
			ellipsoid( (0.71452,0.69772,-0.051539), (0.69905,-0.70903,0.092789), (-0.028198,0.10233,0.99435), 2.978, 1.5986, 0.95663, (gDx*1,gDy*8,gDz*0)),rgb(0,1,0.625));
		draw(
			ellipsoid( (0.75954,0.64922,0.040032), (0.64773,-0.74929,-0.13788), (0.059522,-0.13066,0.98964), 2.9127, 1.6364, 1.0888, (gDx*2,gDy*8,gDz*0)),rgb(0,1,0.4375));
		draw(
			ellipsoid( (0.73281,0.64904,0.20431), (0.6595,-0.60356,-0.44808), (0.16751,-0.4631,0.87033), 2.7258, 1.7294, 1.2005, (gDx*3,gDy*8,gDz*0)),rgb(0,1,0.15625));
		draw(
			ellipsoid( (0.77419,0.55891,0.29707), (0.61136,-0.53875,-0.57965), (0.16392,-0.63037,0.75879), 2.6647, 1.8459, 1.2506, (gDx*4,gDy*8,gDz*0)),rgb(0,1,0.0625));
		draw(
			ellipsoid( (0.78308,0.4656,0.41231), (0.61229,-0.46095,-0.64236), (0.10903,-0.75547,0.64604), 2.7101, 1.8056, 1.2508, (gDx*5,gDy*8,gDz*0)),rgb(0,1,0.0625));
		draw(
			ellipsoid( (0.68162,0.32208,0.65701), (0.72824,-0.21129,-0.65193), (0.071153,-0.92283,0.37857), 2.9661, 1.8623, 1.0052, (gDx*6,gDy*8,gDz*0)),rgb(0,1,0.53125));
		draw(
			ellipsoid( (-0.65733,-0.21519,-0.72223), (-0.75361,0.1878,0.62993), (-8.3828e-05,-0.95834,0.28562), 3.0121, 1.8604, 0.91785, (gDx*7,gDy*8,gDz*0)),rgb(0,1,0.71875));
		draw(
			ellipsoid( (0.70538,0.16011,0.69051), (0.70689,-0.2308,-0.66861), (-0.052324,-0.95974,0.27598), 2.9147, 1.8464, 0.94096, (gDx*8,gDy*8,gDz*0)),rgb(0,1,0.625));
		draw(
			ellipsoid( (0.89706,0.18077,0.40325), (0.43198,-0.16634,-0.88641), (0.093158,-0.96936,0.22731), 2.5205, 1.8632, 1.23, (gDx*9,gDy*8,gDz*0)),rgb(0.03125,1,0));
		draw(
			ellipsoid( (-0.95479,-0.19544,-0.224), (-0.15409,0.96975,-0.18931), (-0.25422,0.14623,0.95603), 2.4616, 1.2663, 1.8529, (gDx*10,gDy*8,gDz*0)),rgb(0.125,1,0));
		draw(
			ellipsoid( (0.92928,0.34379,0.13509), (0.32262,-0.93352,0.15641), (-0.17988,0.10177,0.97841), 2.4585, 1.2415, 1.8835, (gDx*11,gDy*8,gDz*0)),rgb(0.03125,1,0));
		draw(
			ellipsoid( (0.90498,0.41857,0.076275), (0.41081,-0.9063,0.099258), (-0.11067,0.058492,0.99213), 3.0364, 1.3261, 1.9499, (gDx*12,gDy*8,gDz*0)),rgb(0,1,0.15625));
		draw(
			ellipsoid( (0.88992,0.44866,0.0822), (0.44622,-0.89369,0.047032), (-0.094563,0.0051758,0.99551), 3.1034, 1.4341, 2.0078, (gDx*13,gDy*8,gDz*0)),rgb(0,1,0.0625));
		draw(
			ellipsoid( (0.82382,0.49532,0.27563), (0.56342,-0.7689,-0.30224), (-0.062226,-0.40428,0.91251), 2.9196, 1.8178, 2.0073, (gDx*14,gDy*8,gDz*0)),rgb(0.5,1,0));
		draw(
			ellipsoid( (-0.77665,-0.53417,-0.33389), (-0.50477,0.21061,0.83717), (0.37687,-0.81872,0.4332), 2.9005, 1.941, 2.2121, (gDx*15,gDy*8,gDz*0)),rgb(0.6875,1,0));
		draw(
			ellipsoid( (0.43348,0.19501,-0.87981), (-0.86375,0.36831,-0.34392), (-0.25698,-0.90902,-0.32809), 2.0534, 2.4577, 2.8276, (gDx*16,gDy*8,gDz*0)),rgb(0.875,1,0));
		draw(
			ellipsoid( (-0.39089,-0.24282,0.88783), (0.90009,-0.30255,0.31354), (-0.19248,-0.92168,-0.33682), 2.0987, 2.448, 2.8176, (gDx*17,gDy*8,gDz*0)),rgb(0.96875,1,0));
		draw(
			ellipsoid( (-0.39178,-0.79347,0.46574), (-0.91016,0.2602,-0.32233), (-0.13457,0.55018,0.82413), 2.1419, 2.5145, 2.7544, (gDx*18,gDy*8,gDz*0)),rgb(1,0.9375,0));
		draw(
			ellipsoid( (-0.53395,-0.79047,0.3001), (-0.82037,0.39842,-0.41018), (-0.20467,0.46521,0.86121), 1.8609, 2.7616, 3.3718, (gDx*19,gDy*8,gDz*0)),rgb(0.21875,1,0));
		draw(
			ellipsoid( (-0.55657,-0.75481,0.34714), (-0.82598,0.45778,-0.32891), (-0.089353,0.46979,0.87824), 1.7998, 2.723, 3.5817, (gDx*20,gDy*8,gDz*0)),rgb(0.03125,1,0));
		draw(
			ellipsoid( (-0.58892,-0.68909,0.4223), (-0.80726,0.5266,-0.26649), (0.038744,0.49785,0.8664), 1.8786, 2.6663, 3.6912, (gDx*21,gDy*8,gDz*0)),rgb(0.125,1,0));
		draw(
			ellipsoid( (-0.66493,-0.59805,0.44743), (-0.73603,0.62651,-0.25641), (0.12697,0.49982,0.85677), 1.937, 2.6962, 3.6996, (gDx*22,gDy*8,gDz*0)),rgb(0.125,1,0));
		draw(
			ellipsoid( (-0.66023,-0.59392,0.45973), (-0.73675,0.63109,-0.24276), (0.14595,0.49898,0.85423), 1.9482, 2.7558, 3.6932, (gDx*23,gDy*8,gDz*0)),rgb(0.125,1,0));
		draw(
			ellipsoid( (-0.68469,-0.55266,0.47516), (-0.70938,0.65494,-0.26043), (0.16727,0.51539,0.84047), 2.0008, 2.8688, 3.6078, (gDx*24,gDy*8,gDz*0)),rgb(0.21875,1,0));
		draw(
			ellipsoid( (-0.67243,-0.66391,0.3272), (-0.66905,0.73427,0.11494), (0.31657,0.14163,0.93794), 2.9647, 1.4623, 1.053, (gDx*0,gDy*9,gDz*0)),rgb(0,1,0.53125));
		draw(
			ellipsoid( (0.78103,0.60023,-0.17236), (0.60337,-0.79648,-0.03958), (0.16104,0.073082,0.98424), 2.9134, 1.6627, 1.0085, (gDx*1,gDy*9,gDz*0)),rgb(0,1,0.53125));
		draw(
			ellipsoid( (0.83326,0.54991,-0.057169), (0.53647,-0.82921,-0.15689), (0.13368,-0.10006,0.98596), 3.0075, 1.8011, 1.0201, (gDx*2,gDy*9,gDz*0)),rgb(0,1,0.53125));
		draw(
			ellipsoid( (0.83258,0.5508,0.058584), (0.52742,-0.75602,-0.38763), (0.16921,-0.35363,0.91995), 2.8314, 1.9295, 1.1116, (gDx*3,gDy*9,gDz*0)),rgb(0,1,0.34375));
		draw(
			ellipsoid( (0.83037,0.53595,0.15244), (0.54508,-0.72453,-0.42183), (0.11564,-0.43336,0.89377), 2.7712, 2.0709, 1.1812, (gDx*4,gDy*9,gDz*0)),rgb(0,1,0.25));
		draw(
