	import three;
	import settings;

	surface ellipsoid(triple v1,triple v2,triple v3,real l1,real l2, real l3, triple pos=O) {
		transform3 T = identity(4);
		T[0][0] = l1*v1.x;
		T[1][0] = l1*v1.y;
		T[2][0] = l1*v1.z;
		T[0][1] = l2*v2.x;
		T[1][1] = l2*v2.y;
		T[2][1] = l2*v2.z;
		T[0][2] = l3*v3.x;
		T[1][2] = l3*v3.y;
		T[2][2] = l3*v3.z;
		T[0][3] = pos.x;
		T[1][3] = pos.y;
		T[2][3] = pos.z;
		return T*unitsphere;
	}

	size(200);

	real gDx=4;
	real gDy=4;
	real gDz=4;

	currentprojection=perspective( camera=(gDx*12,gDy*12,25),up=Y, target=(gDx*12,gDy*12,gDz*-0.5));
		draw(
			ellipsoid( (-0.10489,0.034066,-0.9939), (-0.79412,-0.60448,0.063084), (0.59865,-0.79589,-0.090453), 3.7509, 1.0842, 0.77459, (gDx*0,gDy*0,gDz*0)),rgb(0,0.8125,1));
		draw(
			ellipsoid( (0.36017,-0.0072466,-0.93286), (0.93273,0.021051,0.35996), (-0.017029,0.99975,-0.014341), 3.9435, 1.8755, 1.0076, (gDx*1,gDy*0,gDz*0)),rgb(0,1,0.90625));
		draw(
			ellipsoid( (0.79137,-0.20127,-0.57725), (-0.61,-0.19773,-0.76733), (-0.040302,-0.95937,0.27926), 4.4113, 1.3639, 0.81161, (gDx*2,gDy*0,gDz*0)),rgb(0,0.71875,1));
		draw(
			ellipsoid( (0.92155,-0.238,-0.30676), (-0.3752,-0.74906,-0.54601), (0.09983,-0.61828,0.7796), 3.9126, 0.80861, 0.95755, (gDx*3,gDy*0,gDz*0)),rgb(0,0.71875,1));
		draw(
			ellipsoid( (0.96136,-0.13084,-0.24223), (-0.26903,-0.63328,-0.72566), (0.058457,-0.76278,0.64401), 3.4457, 1.138, 1.3097, (gDx*4,gDy*0,gDz*0)),rgb(0,1,0.71875));
		draw(
			ellipsoid( (0.99836,-0.012989,-0.05575), (-0.052258,-0.60429,-0.79505), (0.023362,-0.79666,0.60398), 3.7436, 1.0327, 1.522, (gDx*5,gDy*0,gDz*0)),rgb(0,1,0.8125));
		draw(
			ellipsoid( (0.99805,0.061061,0.012798), (0.045918,-0.58008,-0.81326), (0.042234,-0.81227,0.58176), 4.2571, 0.87036, 1.7518, (gDx*6,gDy*0,gDz*0)),rgb(0,0.90625,1));
		draw(
			ellipsoid( (0.9791,0.19494,0.057995), (0.16227,-0.92064,0.35509), (-0.12261,0.33826,0.93303), 4.4274, 1.4603, 0.78569, (gDx*7,gDy*0,gDz*0)),rgb(0,0.71875,1));
		draw(
			ellipsoid( (0.97449,0.12233,0.18818), (0.20777,-0.80882,-0.55013), (-0.084905,-0.5752,0.8136), 3.3902, 0.61568, 1.6641, (gDx*8,gDy*0,gDz*0)),rgb(0,0.71875,1));
		draw(
			ellipsoid( (0.98423,0.16356,0.067316), (0.17243,-0.80254,-0.57114), (0.039394,-0.57374,0.81809), 2.6584, 0.54955, 1.1819, (gDx*9,gDy*0,gDz*0)),rgb(0,0.90625,1));
		draw(
			ellipsoid( (-0.8404,-0.54136,-0.025486), (-0.49267,0.74353,0.45214), (0.22582,-0.39254,0.89158), 3.448, 0.91145, 1.7909, (gDx*10,gDy*0,gDz*0)),rgb(0,1,0.90625));
		draw(
			ellipsoid( (0.86417,-0.48342,-0.13967), (-0.45045,-0.86691,0.21346), (0.22428,0.12155,0.96692), 1.3677, 2.9835, 2.6364, (gDx*11,gDy*0,gDz*0)),rgb(0,1,0.15625));
		draw(
			ellipsoid( (0.16675,0.98198,0.088899), (0.97937,-0.17539,0.10031), (-0.1141,-0.070338,0.99098), 4.8855, 0.45603, 2.0359, (gDx*12,gDy*0,gDz*0)),rgb(0,0.25,1));
		draw(
			ellipsoid( (-0.27196,-0.9623,0.003651), (-0.84149,0.23966,0.48421), (0.46683,-0.12862,0.87494), 6.4679, 1.0846, 1.4316, (gDx*13,gDy*0,gDz*0)),rgb(0,0.625,1));
		draw(
			ellipsoid( (0.67405,0.72328,-0.15009), (0.73832,-0.66609,0.10589), (0.023386,0.18218,0.98299), 4.5901, 0.87288, 1.9603, (gDx*14,gDy*0,gDz*0)),rgb(0,0.8125,1));
		draw(
			ellipsoid( (-0.81799,-0.51856,0.24898), (-0.55805,0.82038,-0.12475), (0.13957,0.24098,0.96044), 5.0955, 0.73043, 1.9476, (gDx*15,gDy*0,gDz*0)),rgb(0,0.625,1));
		draw(
			ellipsoid( (0.91873,0.35567,-0.17157), (0.39402,-0.85454,0.3384), (0.02625,0.3785,0.92523), 5.0911, 0.85243, 2.0751, (gDx*16,gDy*0,gDz*0)),rgb(0,0.71875,1));
		draw(
			ellipsoid( (0.98917,0.085608,-0.11923), (0.14293,-0.74664,0.64969), (0.033407,0.65969,0.75079), 4.6541, 0.70086, 1.4397, (gDx*17,gDy*0,gDz*0)),rgb(0,0.625,1));
		draw(
			ellipsoid( (0.9973,0.061899,-0.039549), (0.069507,-0.62112,0.78063), (-0.023756,0.78127,0.62374), 5.019, 0.75184, 1.7853, (gDx*18,gDy*0,gDz*0)),rgb(0,0.625,1));
		draw(
			ellipsoid( (0.992,-0.12403,0.023567), (-0.10726,-0.92648,-0.36074), (-0.066575,-0.35532,0.93237), 4.5339, 2.1107, 1.096, (gDx*19,gDy*0,gDz*0)),rgb(0,1,1));
		draw(
			ellipsoid( (0.92623,-0.20926,0.31354), (-0.37276,-0.38465,0.84445), (0.056111,0.89903,0.43428), 3.2894, 0.7963, 2.059, (gDx*20,gDy*0,gDz*0)),rgb(0,1,1));
		draw(
			ellipsoid( (-0.83686,0.37493,-0.39886), (0.51715,0.30257,-0.80063), (0.1795,0.87629,0.44711), 3.646, 1.3144, 2.3354, (gDx*21,gDy*0,gDz*0)),rgb(0,1,0.4375));
		draw(
			ellipsoid( (0.95775,-0.11141,0.26515), (-0.26866,-0.017489,0.96308), (0.10266,0.99362,0.046682), 5.0054, 0.78871, 1.9972, (gDx*22,gDy*0,gDz*0)),rgb(0,0.625,1));
		draw(
			ellipsoid( (-0.64397,-0.14347,0.75147), (-0.76219,0.035495,-0.64638), (-0.066065,0.98902,0.13221), 1.2424, 3.8002, 2.8909, (gDx*23,gDy*0,gDz*0)),rgb(0,1,0.625));
		draw(
			ellipsoid( (-0.97571,-0.18004,0.12481), (-0.15103,0.14013,-0.97855), (-0.15869,0.97363,0.16392), 1.6585, 3.7302, 2.5849, (gDx*24,gDy*0,gDz*0)),rgb(0,1,0.15625));
		draw(
			ellipsoid( (0.36473,-0.34697,-0.86405), (-0.9271,-0.049262,-0.37156), (-0.086355,-0.93658,0.33964), 4.5026, 1.4467, 0.75768, (gDx*0,gDy*1,gDz*0)),rgb(0,0.71875,1));
		draw(
			ellipsoid( (-0.95275,-0.27285,0.13348), (-0.30291,0.88616,-0.35066), (0.022608,0.37453,0.92694), 0.78167, 1.3765, 4.2377, (gDx*1,gDy*1,gDz*0)),rgb(0,0.71875,1));
		draw(
			ellipsoid( (-0.34037,0.36782,0.86537), (-0.68373,-0.72859,0.040751), (-0.64549,0.57781,-0.49948), 3.5846, 1.737, 1.0741, (gDx*2,gDy*1,gDz*0)),rgb(0,1,0.71875));
		draw(
			ellipsoid( (0.72684,-0.34798,-0.59213), (-0.68305,-0.27616,-0.67615), (-0.071759,-0.89591,0.43841), 4.2624, 1.033, 1.2056, (gDx*3,gDy*1,gDz*0)),rgb(0,0.90625,1));
		draw(
			ellipsoid( (0.78854,-0.44391,-0.42561), (-0.61154,-0.49291,-0.61892), (-0.064956,-0.74832,0.66014), 3.7896, 0.8613, 1.4243, (gDx*4,gDy*1,gDz*0)),rgb(0,1,1));
		draw(
			ellipsoid( (-0.7758,0.57729,0.25472), (0.5912,0.52396,0.61314), (-0.2205,-0.62626,0.74778), 3.3079, 0.89787, 1.3467, (gDx*5,gDy*1,gDz*0)),rgb(0,1,0.90625));
		draw(
			ellipsoid( (0.96294,-0.078249,-0.25812), (-0.21204,-0.81108,-0.54515), (0.1667,-0.57968,0.79761), 3.502, 0.75064, 1.9018, (gDx*6,gDy*1,gDz*0)),rgb(0,0.90625,1));
		draw(
			ellipsoid( (0.99445,-0.083463,-0.064038), (-0.098958,-0.94872,-0.30023), (0.035696,-0.3049,0.95172), 3.4935, 0.394, 1.5456, (gDx*7,gDy*1,gDz*0)),rgb(0,0.4375,1));
		draw(
			ellipsoid( (0.9995,-0.027479,0.015792), (-0.021801,-0.95775,-0.28676), (-0.023004,-0.28627,0.95787), 2.6912, 0.67649, 1.6461, (gDx*8,gDy*1,gDz*0)),rgb(0,1,0.90625));
		draw(
			ellipsoid( (0.99973,0.0018057,0.023078), (0.018712,0.52384,-0.85161), (0.013627,-0.85181,-0.52367), 3.0375, 1.3057, 0.71806, (gDx*9,gDy*1,gDz*0)),rgb(0,1,1));
		draw(
			ellipsoid( (-0.95304,-0.29958,-0.044244), (-0.18841,0.47221,0.86111), (0.23708,-0.82901,0.50649), 2.9322, 0.83437, 1.6111, (gDx*10,gDy*1,gDz*0)),rgb(0,1,0.8125));
		draw(
			ellipsoid( (-0.85974,-0.48158,-0.17009), (-0.44932,0.87152,-0.19637), (-0.24281,0.092401,0.96566), 2.765, 0.703, 1.0396, (gDx*11,gDy*1,gDz*0)),rgb(0,1,0.90625));
		draw(
			ellipsoid( (0.84345,0.53591,0.03718), (0.52585,-0.83781,0.14682), (-0.10983,0.10428,0.98846), 4.3561, 0.79701, 1.4385, (gDx*12,gDy*1,gDz*0)),rgb(0,0.71875,1));
		draw(
			ellipsoid( (0.71834,0.69279,-0.063391), (0.69568,-0.71563,0.062411), (0.0021262,0.088933,0.99604), 4.8205, 0.80869, 2.3026, (gDx*13,gDy*1,gDz*0)),rgb(0,0.71875,1));
		draw(
			ellipsoid( (0.69541,0.71733,-0.042813), (0.71489,-0.68452,0.14273), (-0.073077,0.12986,0.98884), 4.2631, 0.96085, 2.0101, (gDx*14,gDy*1,gDz*0)),rgb(0,1,1));
		draw(
			ellipsoid( (0.8281,0.55806,-0.053148), (0.54998,-0.79042,0.26974), (-0.10852,0.2526,0.96147), 3.8442, 1.0384, 2.0484, (gDx*15,gDy*1,gDz*0)),rgb(0,1,0.8125));
		draw(
			ellipsoid( (0.91215,0.37729,-0.16015), (0.40847,-0.80458,0.43105), (-0.03378,0.4586,0.888), 4.3021, 1.0504, 1.9063, (gDx*16,gDy*1,gDz*0)),rgb(0,1,1));
		draw(
			ellipsoid( (0.97147,0.091102,-0.21895), (0.2238,-0.65756,0.71939), (0.078436,0.74787,0.65919), 4.0576, 0.98815, 1.9522, (gDx*17,gDy*1,gDz*0)),rgb(0,1,0.90625));
		draw(
			ellipsoid( (0.98412,-0.067342,-0.16421), (-0.14863,-0.81838,-0.55512), (0.097004,-0.57072,0.8154), 5.2475, 2.1638, 1.0323, (gDx*18,gDy*1,gDz*0)),rgb(0,0.8125,1));
		draw(
			ellipsoid( (0.9931,-0.11526,0.021534), (-0.10815,-0.82937,0.54813), (0.04532,0.54668,0.83612), 4.5763, 1.4506, 2.5229, (gDx*19,gDy*1,gDz*0)),rgb(0,1,0.625));
		draw(
			ellipsoid( (0.97098,-0.23911,0.0056399), (-0.21425,-0.88001,-0.42389), (-0.10632,-0.41038,0.9057), 5.0879, 2.774, 1.1024, (gDx*20,gDy*1,gDz*0)),rgb(0,0.90625,1));
		draw(
			ellipsoid( (0.9568,-0.23004,0.17779), (-0.25034,-0.3409,0.90616), (0.14785,0.91152,0.38376), 4.8566, 1.0862, 2.7336, (gDx*21,gDy*1,gDz*0)),rgb(0,0.90625,1));
		draw(
			ellipsoid( (-0.8667,0.18374,-0.46377), (0.46318,0.64161,-0.61139), (-0.18522,0.7447,0.64119), 4.6023, 1.3471, 1.9645, (gDx*22,gDy*1,gDz*0)),rgb(0,1,0.8125));
		draw(
			ellipsoid( (-0.85448,0.22901,-0.46627), (0.45665,0.75903,-0.46405), (-0.24764,0.60944,0.75316), 3.98, 1.5994, 2.032, (gDx*23,gDy*1,gDz*0)),rgb(0,1,0.34375));
		draw(
			ellipsoid( (-0.70693,0.41612,-0.57192), (0.57118,-0.14102,-0.80862), (0.41713,0.89831,0.13799), 4.4856, 1.9419, 2.9797, (gDx*24,gDy*1,gDz*0)),rgb(0,1,0.15625));
		draw(
			ellipsoid( (0.61014,-0.35141,-0.7101), (-0.78954,-0.34431,-0.50801), (0.065977,-0.87061,0.48753), 3.8016, 0.94255, 1.2683, (gDx*0,gDy*2,gDz*0)),rgb(0,1,1));
		draw(
			ellipsoid( (-0.16784,0.46235,0.87067), (-0.9462,0.17232,-0.2739), (0.27667,0.8698,-0.40855), 3.7189, 0.41388, 1.491, (gDx*1,gDy*2,gDz*0)),rgb(0,0.4375,1));
		draw(
			ellipsoid( (-0.95454,0.27334,-0.11888), (0.2953,0.81289,-0.50201), (0.040581,0.51429,0.85666), 0.83256, 1.4401, 3.1883, (gDx*2,gDy*2,gDz*0)),rgb(0,1,0.90625));
		draw(
			ellipsoid( (-0.38267,0.82936,-0.40709), (0.92228,0.31694,-0.22125), (0.054473,0.46012,0.88618), 0.94271, 1.9211, 4.3863, (gDx*3,gDy*2,gDz*0)),rgb(0,0.90625,1));
		draw(
			ellipsoid( (0.54602,-0.46156,-0.69916), (-0.83107,-0.40374,-0.3825), (0.10574,-0.78991,0.60404), 4.3614, 1.853, 1.3613, (gDx*4,gDy*2,gDz*0)),rgb(0,1,0.71875));
		draw(
			ellipsoid( (-0.46404,0.76163,0.45231), (0.80028,0.14155,0.58268), (-0.37976,-0.63236,0.6752), 3.1172, 1.0808, 1.617, (gDx*5,gDy*2,gDz*0)),rgb(0,1,0.53125));
		draw(
			ellipsoid( (-0.7125,0.65956,0.23942), (0.63685,0.46464,0.61525), (-0.29455,-0.59084,0.7511), 3.009, 1.1579, 1.4809, (gDx*6,gDy*2,gDz*0)),rgb(0,1,0.4375));
		draw(
			ellipsoid( (0.78435,-0.6201,0.016549), (-0.58935,-0.73661,0.33179), (0.19355,0.26999,0.94321), 3.2893, 1.5702, 1.1272, (gDx*7,gDy*2,gDz*0)),rgb(0,1,0.625));
		draw(
			ellipsoid( (0.81413,-0.58051,0.013996), (-0.58052,-0.81312,0.042869), (0.013505,0.043026,0.99898), 3.1403, 1.5173, 0.70322, (gDx*8,gDy*2,gDz*0)),rgb(0,1,1));
		draw(
			ellipsoid( (0.97847,-0.20613,0.010179), (-0.17979,-0.87557,-0.44838), (-0.10134,-0.4369,0.89378), 3.2664, 0.75885, 1.253, (gDx*9,gDy*2,gDz*0)),rgb(0,1,1));
		draw(
			ellipsoid( (0.98766,0.075924,-0.13694), (0.1543,-0.32331,0.93363), (-0.026609,0.94324,0.33104), 2.5711, 1.4181, 0.64238, (gDx*10,gDy*2,gDz*0)),rgb(0,1,0.90625));
		draw(
			ellipsoid( (0.99081,0.13388,-0.019417), (0.12657,-0.86673,0.48245), (-0.047763,0.48048,0.87571), 3.6567, 1.324, 1.1449, (gDx*11,gDy*2,gDz*0)),rgb(0,1,0.8125));
		draw(
			ellipsoid( (0.97523,0.16368,0.14877), (0.15463,-0.98545,0.070574), (-0.15816,0.045822,0.98635), 4.2852, 0.98079, 1.6897, (gDx*12,gDy*2,gDz*0)),rgb(0,1,1));
		draw(
			ellipsoid( (0.91575,0.40171,-0.0057879), (0.39735,-0.90775,-0.13452), (0.05929,-0.12088,0.99089), 5.5526, 1.1923, 2.1795, (gDx*13,gDy*2,gDz*0)),rgb(0,0.90625,1));
		draw(
			ellipsoid( (-0.83648,-0.53777,0.10538), (-0.51742,0.8384,0.17134), (0.18049,-0.088792,0.97956), 4.7864, 0.83198, 2.1, (gDx*14,gDy*2,gDz*0)),rgb(0,0.71875,1));
		draw(
			ellipsoid( (-0.87771,-0.43801,0.19436), (-0.44407,0.89589,0.013615), (0.18009,0.074359,0.98084), 4.8145, 1.1004, 2.1595, (gDx*15,gDy*2,gDz*0)),rgb(0,1,1));
		draw(
			ellipsoid( (-0.9043,-0.24668,0.3484), (-0.32995,-0.11392,-0.9371), (-0.27086,0.96238,-0.021626), 4.8002, 2.168, 1.1739, (gDx*16,gDy*2,gDz*0)),rgb(0,1,0.90625));
		draw(
			ellipsoid( (0.87526,0.0039261,-0.48364), (0.448,0.37025,0.81377), (-0.18226,0.92892,-0.32231), 4.9673, 2.6494, 0.97076, (gDx*17,gDy*2,gDz*0)),rgb(0,0.8125,1));
		draw(
			ellipsoid( (0.94564,-0.059628,-0.3197), (0.27943,0.65191,0.70494), (-0.16638,0.75595,-0.63313), 4.3561, 2.3109, 0.84053, (gDx*18,gDy*2,gDz*0)),rgb(0,0.8125,1));
		draw(
			ellipsoid( (0.91566,-0.33749,-0.21833), (-0.39584,-0.85151,-0.34385), (0.069864,-0.40128,0.91329), 4.0768, 2.8954, 1.5633, (gDx*19,gDy*2,gDz*0)),rgb(0,1,0.4375));
		draw(
			ellipsoid( (0.90366,-0.40362,-0.14317), (-0.42776,-0.86681,-0.25624), (0.020673,-0.2928,0.95595), 4.6538, 2.706, 0.96024, (gDx*20,gDy*2,gDz*0)),rgb(0,0.90625,1));
		draw(
			ellipsoid( (0.92965,-0.36725,0.029623), (-0.31224,-0.82797,-0.4658), (-0.19559,-0.42378,0.8844), 4.0794, 2.1642, 1.3306, (gDx*21,gDy*2,gDz*0)),rgb(0,1,0.625));
		draw(
			ellipsoid( (0.88218,-0.38921,0.26508), (-0.4564,-0.56799,0.6849), (0.11601,0.72519,0.6787), 4.1787, 1.5226, 2.2546, (gDx*22,gDy*2,gDz*0)),rgb(0,1,0.4375));
		draw(
			ellipsoid( (0.88108,-0.31649,0.35147), (-0.47098,-0.51906,0.71327), (0.043308,0.79399,0.60639), 4.4093, 1.5979, 2.5365, (gDx*23,gDy*2,gDz*0)),rgb(0,1,0.4375));
		draw(
			ellipsoid( (-0.57453,0.57001,-0.58736), (0.74847,0.075504,-0.65885), (0.33121,0.81816,0.47002), 3.716, 1.3477, 2.5786, (gDx*24,gDy*2,gDz*0)),rgb(0,1,0.53125));
		draw(
			ellipsoid( (-0.77698,0.35697,0.51853), (0.51913,-0.10259,0.84851), (-0.35609,-0.92846,0.1056), 3.5477, 0.88986, 1.4148, (gDx*0,gDy*3,gDz*0)),rgb(0,1,0.90625));
		draw(
			ellipsoid( (-0.3885,0.42826,0.81588), (0.84192,0.52482,0.12542), (0.37448,-0.73563,0.56445), 3.6852, 1.178, 0.89954, (gDx*1,gDy*3,gDz*0)),rgb(0,1,1));
		draw(
			ellipsoid( (-0.13895,-0.53551,-0.83302), (-0.88678,-0.30715,0.34537), (0.44081,-0.7867,0.4322), 3.9255, 1.7569, 1.0319, (gDx*2,gDy*3,gDz*0)),rgb(0,1,0.90625));
		draw(
			ellipsoid( (0.35071,0.53756,0.76683), (0.88894,0.066486,-0.45317), (0.29459,-0.8406,0.45454), 4.1492, 1.3799, 0.88191, (gDx*3,gDy*3,gDz*0)),rgb(0,0.90625,1));
		draw(
			ellipsoid( (-0.40089,0.76416,-0.50532), (0.90748,0.25562,-0.33337), (0.12558,0.59221,0.79594), 0.96419, 1.7585, 3.3489, (gDx*4,gDy*3,gDz*0)),rgb(0,1,0.71875));
		draw(
			ellipsoid( (-0.26748,-0.81629,-0.51199), (-0.88056,-0.0086779,0.47386), (0.39125,-0.57758,0.71647), 3.336, 1.7243, 1.1662, (gDx*5,gDy*3,gDz*0)),rgb(0,1,0.53125));
		draw(
			ellipsoid( (-0.65034,0.26194,-0.71305), (0.75598,0.31523,-0.57369), (-0.074506,0.91215,0.40303), 0.79214, 1.711, 3.4928, (gDx*6,gDy*3,gDz*0)),rgb(0,1,1));
		draw(
			ellipsoid( (-0.40052,0.89772,0.18351), (0.73315,0.19385,0.65186), (-0.54961,-0.39562,0.7358), 2.6828, 0.9766, 1.6294, (gDx*7,gDy*3,gDz*0)),rgb(0,1,0.4375));
		draw(
			ellipsoid( (-0.47335,0.87851,0.064511), (0.7487,0.36265,0.55492), (-0.46411,-0.31097,0.8294), 3.5068, 1.1792, 1.9845, (gDx*8,gDy*3,gDz*0)),rgb(0,1,0.53125));
		draw(
			ellipsoid( (-0.80584,0.58771,-0.072254), (0.40828,0.46311,-0.78666), (0.42886,0.66343,0.61314), 3.3938, 2.036, 1.0972, (gDx*9,gDy*3,gDz*0)),rgb(0,1,0.625));
		draw(
			ellipsoid( (0.93739,-0.34814,-0.01006), (-0.33043,-0.87982,-0.34167), (-0.1101,-0.3236,0.93977), 3.2031, 0.87952, 1.8405, (gDx*10,gDy*3,gDz*0)),rgb(0,1,0.8125));
		draw(
			ellipsoid( (0.97595,-0.21557,-0.032344), (-0.2147,-0.92497,-0.31359), (-0.037682,-0.31299,0.94901), 3.1077, 1.2565, 1.7422, (gDx*11,gDy*3,gDz*0)),rgb(0,1,0.34375));
		draw(
			ellipsoid( (0.99645,-0.0647,0.053927), (-0.057319,-0.99003,-0.12869), (-0.061715,-0.12514,0.99022), 3.6337, 0.87831, 1.634, (gDx*12,gDy*3,gDz*0)),rgb(0,1,1));
		draw(
			ellipsoid( (0.99483,0.10091,-0.011436), (0.10024,-0.99378,-0.04857), (0.016266,-0.047172,0.99875), 4.8591, 1.0492, 1.416, (gDx*13,gDy*3,gDz*0)),rgb(0,0.8125,1));
		draw(
			ellipsoid( (-0.94667,-0.3121,0.08001), (-0.1997,0.37349,-0.90589), (-0.25285,0.87355,0.4159), 4.565, 1.844, 1.1914, (gDx*14,gDy*3,gDz*0)),rgb(0,1,0.90625));
		draw(
			ellipsoid( (-0.90728,-0.36646,0.20627), (-0.36869,0.9291,0.028967), (0.20226,0.049769,0.97807), 5.0643, 1.2204, 1.9903, (gDx*15,gDy*3,gDz*0)),rgb(0,1,1));
		draw(
			ellipsoid( (-0.8986,-0.30335,0.31701), (-0.33928,0.02228,-0.94042), (-0.27822,0.95262,0.12294), 4.8258, 2.2655, 1.018, (gDx*16,gDy*3,gDz*0)),rgb(0,0.90625,1));
		draw(
			ellipsoid( (-0.91438,-0.1102,0.38957), (-0.3384,-0.32019,-0.88485), (-0.22225,0.94092,-0.25548), 4.8097, 2.4666, 0.95704, (gDx*17,gDy*3,gDz*0)),rgb(0,0.8125,1));
		draw(
			ellipsoid( (-0.91997,0.039986,0.38994), (-0.31301,-0.67377,-0.66937), (-0.23596,0.73786,-0.63237), 4.2662, 2.3484, 1.0767, (gDx*18,gDy*3,gDz*0)),rgb(0,1,0.90625));
		draw(
			ellipsoid( (0.73677,-0.58,-0.34753), (-0.66925,-0.69877,-0.25262), (0.096323,-0.4187,0.903), 3.8461, 2.4977, 1.0834, (gDx*19,gDy*3,gDz*0)),rgb(0,1,0.8125));
		draw(
			ellipsoid( (0.89742,-0.37381,-0.23432), (-0.44008,-0.72087,-0.53542), (-0.031232,-0.58362,0.81143), 4.1018, 2.4155, 0.8026, (gDx*20,gDy*3,gDz*0)),rgb(0,0.8125,1));
		draw(
			ellipsoid( (0.94023,-0.32117,-0.11321), (-0.34052,-0.88281,-0.32357), (-0.0039799,-0.34278,0.93941), 3.7095, 2.2731, 1.1639, (gDx*21,gDy*3,gDz*0)),rgb(0,1,0.625));
		draw(
			ellipsoid( (0.93437,-0.35321,-0.046766), (-0.35578,-0.9179,-0.17574), (-0.019148,-0.18085,0.98332), 4.0198, 2.7434, 1.8871, (gDx*22,gDy*3,gDz*0)),rgb(0,1,0.0625));
		draw(
			ellipsoid( (-0.8608,0.41636,-0.29271), (0.34016,0.89845,0.27765), (-0.37858,-0.13943,0.915), 4.3413, 2.6642, 2.402, (gDx*23,gDy*3,gDz*0)),rgb(0.21875,1,0));
		draw(
			ellipsoid( (0.57818,-0.70944,0.403), (-0.78301,-0.6213,0.02963), (-0.22937,0.33269,0.91472), 4.1104, 2.698, 1.8909, (gDx*24,gDy*3,gDz*0)),rgb(0,1,0.0625));
		draw(
			ellipsoid( (0.80345,-0.55138,-0.22462), (-0.59171,-0.78126,-0.19875), (0.065899,-0.2926,0.95396), 3.9698, 1.561, 0.84378, (gDx*0,gDy*4,gDz*0)),rgb(0,0.90625,1));
		draw(
			ellipsoid( (0.60297,-0.68905,-0.40204), (-0.73523,-0.67557,0.055169), (0.30962,-0.26233,0.91396), 3.5171, 1.0689, 0.78508, (gDx*1,gDy*4,gDz*0)),rgb(0,0.90625,1));
		draw(
			ellipsoid( (-0.28345,0.68347,0.6727), (0.88899,0.45035,-0.082975), (0.35966,-0.5745,0.73525), 2.8436, 1.5461, 0.61535, (gDx*2,gDy*4,gDz*0)),rgb(0,0.90625,1));
		draw(
			ellipsoid( (-0.36607,-0.53971,-0.7581), (-0.70683,-0.36862,0.60374), (0.60529,-0.75686,0.24654), 3.5428, 0.94485, 1.379, (gDx*3,gDy*4,gDz*0)),rgb(0,1,0.90625));
		draw(
			ellipsoid( (0.28364,0.5157,0.80846), (0.95578,-0.083743,-0.28191), (0.077677,-0.85267,0.51665), 3.3075, 1.4325, 1.0115, (gDx*4,gDy*4,gDz*0)),rgb(0,1,0.71875));
		draw(
			ellipsoid( (-0.53188,-0.54487,-0.64824), (-0.67239,-0.1936,0.71443), (0.51477,-0.81586,0.26339), 3.5951, 1.8404, 1.092, (gDx*5,gDy*4,gDz*0)),rgb(0,1,0.71875));
		draw(
			ellipsoid( (-0.41391,-0.7375,-0.53365), (-0.63818,0.65312,-0.40762), (-0.64916,-0.17185,0.74099), 3.9556, 0.77143, 1.7936, (gDx*6,gDy*4,gDz*0)),rgb(0,0.8125,1));
		draw(
			ellipsoid( (-0.14376,-0.94873,-0.28151), (-0.74914,-0.081543,0.65737), (0.64662,-0.30539,0.69901), 3.8344, 1.5659, 1.0094, (gDx*7,gDy*4,gDz*0)),rgb(0,1,0.90625));
		draw(
			ellipsoid( (-0.84047,0.0095152,-0.54178), (-0.53806,-0.13289,0.83237), (0.064077,-0.99109,-0.11681), 0.88209, 1.6249, 3.2009, (gDx*8,gDy*4,gDz*0)),rgb(0,1,0.8125));
		draw(
			ellipsoid( (-0.74831,0.028803,-0.66273), (0.65296,-0.14418,-0.74354), (0.11697,0.98913,-0.089083), 0.80917, 1.8469, 3.2954, (gDx*9,gDy*4,gDz*0)),rgb(0,1,0.90625));
		draw(
			ellipsoid( (-0.78829,0.61527,-0.0066544), (0.59682,0.76719,0.23499), (-0.14969,-0.18127,0.97197), 2.8952, 1.123, 1.8675, (gDx*10,gDy*4,gDz*0)),rgb(0,1,0.34375));
		draw(
			ellipsoid( (0.90211,-0.40444,-0.15045), (-0.43131,-0.85574,-0.28578), (0.013169,-0.32269,0.94641), 3.3714, 0.95962, 2.157, (gDx*11,gDy*4,gDz*0)),rgb(0,1,0.8125));
		draw(
			ellipsoid( (0.94942,-0.31244,0.03144), (-0.30981,-0.91567,0.25606), (0.051213,0.25285,0.96615), 5.026, 0.86502, 1.9149, (gDx*12,gDy*4,gDz*0)),rgb(0,0.71875,1));
		draw(
			ellipsoid( (0.98679,-0.15992,0.02579), (-0.16085,-0.94854,0.27276), (0.019156,0.2733,0.96174), 5.0586, 1.0528, 2.2141, (gDx*13,gDy*4,gDz*0)),rgb(0,0.90625,1));
		draw(
			ellipsoid( (0.9902,-0.11687,-0.076481), (-0.12546,-0.50366,-0.85474), (-0.061372,-0.85596,0.51339), 4.2625, 2.0033, 1.214, (gDx*14,gDy*4,gDz*0)),rgb(0,1,0.8125));
		draw(
			ellipsoid( (0.95655,0.042082,-0.28853), (0.27928,0.15222,0.94807), (-0.083816,0.98745,-0.13385), 3.8332, 1.9048, 0.88694, (gDx*15,gDy*4,gDz*0)),rgb(0,1,1));
		draw(
			ellipsoid( (0.89016,0.10853,-0.44254), (0.43233,0.1056,0.89551), (-0.14392,0.98847,-0.047082), 3.9471, 2.0528, 1.0297, (gDx*16,gDy*4,gDz*0)),rgb(0,1,0.90625));
		draw(
			ellipsoid( (-0.90989,-0.16034,0.3826), (-0.32668,-0.29147,-0.89907), (-0.25568,0.94304,-0.21283), 3.8916, 1.9493, 1.184, (gDx*17,gDy*4,gDz*0)),rgb(0,1,0.71875));
		draw(
			ellipsoid( (0.90668,0.010421,-0.4217), (0.37212,0.45106,0.81122), (-0.19866,0.89243,-0.40508), 4.8211, 2.0707, 1.1756, (gDx*18,gDy*4,gDz*0)),rgb(0,1,1));
		draw(
			ellipsoid( (0.93096,-0.27374,-0.24161), (-0.3638,-0.75154,-0.5503), (0.030936,-0.60021,0.79925), 5.2565, 2.7856, 0.85311, (gDx*19,gDy*4,gDz*0)),rgb(0,0.625,1));
		draw(
			ellipsoid( (0.64118,-0.55736,-0.52749), (-0.76423,-0.40138,-0.50483), (-0.069655,-0.7268,0.6833), 4.0825, 2.9182, 1.4905, (gDx*20,gDy*4,gDz*0)),rgb(0,1,0.4375));
		draw(
			ellipsoid( (0.6497,-0.63814,-0.41312), (-0.73566,-0.39084,-0.55322), (-0.19157,-0.66334,0.72338), 4.0599, 2.6519, 1.4282, (gDx*21,gDy*4,gDz*0)),rgb(0,1,0.53125));
		draw(
			ellipsoid( (0.49907,-0.79552,-0.34363), (-0.85785,-0.50964,-0.066056), (0.12258,-0.32775,0.93678), 3.6488, 2.9777, 1.7978, (gDx*22,gDy*4,gDz*0)),rgb(0.03125,1,0));
		draw(
			ellipsoid( (0.6623,-0.74827,0.038065), (-0.74408,-0.66284,-0.083628), (-0.087808,-0.027063,0.99577), 4.5423, 2.9979, 2.2323, (gDx*23,gDy*4,gDz*0)),rgb(0.03125,1,0));
		draw(
			ellipsoid( (0.54949,-0.81056,0.20261), (-0.82827,-0.49663,0.25949), (0.10971,0.3104,0.94425), 4.5687, 2.9708, 1.6834, (gDx*24,gDy*4,gDz*0)),rgb(0,1,0.4375));
		draw(
			ellipsoid( (0.54417,-0.82773,-0.13692), (-0.83779,-0.52741,-0.14124), (-0.044694,-0.19157,0.98046), 4.7615, 1.4847, 0.7483, (gDx*0,gDy*5,gDz*0)),rgb(0,0.625,1));
		draw(
			ellipsoid( (0.40682,-0.86324,-0.29886), (-0.86641,-0.46831,0.17328), (0.28955,-0.18844,0.93843), 3.9447, 1.4219, 0.83147, (gDx*1,gDy*5,gDz*0)),rgb(0,0.90625,1));
		draw(
			ellipsoid( (-0.45868,0.46653,-0.75628), (0.88858,0.23474,-0.39411), (0.0063364,0.85279,0.52222), 0.60559, 1.5675, 3.9373, (gDx*2,gDy*5,gDz*0)),rgb(0,0.625,1));
		draw(
			ellipsoid( (-0.32675,-0.80085,-0.50187), (-0.90208,0.10586,0.41838), (0.28193,-0.58944,0.75702), 3.6883, 1.4661, 0.70763, (gDx*3,gDy*5,gDz*0)),rgb(0,0.8125,1));
		draw(
			ellipsoid( (-0.49659,-0.5734,-0.65162), (-0.7674,-0.060748,0.63828), (0.40557,-0.81702,0.40986), 3.361, 1.6621, 1.0585, (gDx*4,gDy*5,gDz*0)),rgb(0,1,0.625));
		draw(
			ellipsoid( (-0.7063,-0.30914,-0.63685), (-0.65884,-0.042041,0.7511), (0.25897,-0.95009,0.17398), 3.7152, 1.985, 0.94348, (gDx*5,gDy*5,gDz*0)),rgb(0,1,0.90625));
		draw(
			ellipsoid( (0.64313,0.43046,0.63331), (0.75989,-0.25657,-0.59728), (0.094616,-0.86538,0.49211), 3.4131, 1.9083, 0.96781, (gDx*6,gDy*5,gDz*0)),rgb(0,1,0.8125));
		draw(
			ellipsoid( (-0.6609,-0.62651,-0.41315), (-0.67568,0.25717,0.69089), (0.3266,-0.73576,0.59328), 2.8218, 1.6337, 1.2007, (gDx*7,gDy*5,gDz*0)),rgb(0,1,0.25));
		draw(
			ellipsoid( (-0.59561,-0.63491,-0.49208), (-0.70372,0.11703,0.70077), (0.38734,-0.76367,0.5165), 2.3793, 1.5193, 0.97416, (gDx*8,gDy*5,gDz*0)),rgb(0,1,0.25));
		draw(
			ellipsoid( (-0.3917,-0.89218,-0.2249), (-0.84525,0.44549,-0.29513), (-0.3635,-0.074497,0.92861), 3.5272, 0.79275, 1.6893, (gDx*9,gDy*5,gDz*0)),rgb(0,1,1));
		draw(
			ellipsoid( (-0.92766,-0.0075922,-0.37336), (-0.37189,-0.072162,0.92547), (0.033969,-0.99736,-0.064118), 1.5459, 2.1058, 2.9529, (gDx*10,gDy*5,gDz*0)),rgb(0.125,1,0));
		draw(
			ellipsoid( (-0.75331,0.64138,0.14543), (0.55042,0.49385,0.67316), (-0.35994,-0.58715,0.72505), 3.13, 1.0227, 1.697, (gDx*11,gDy*5,gDz*0)),rgb(0,1,0.625));
		draw(
			ellipsoid( (0.85726,-0.51238,-0.050738), (-0.50033,-0.85224,0.15284), (0.12155,0.10564,0.98695), 5.2488, 1.2055, 1.9514, (gDx*12,gDy*5,gDz*0)),rgb(0,1,1));
		draw(
			ellipsoid( (0.87937,-0.47531,-0.028116), (-0.44865,-0.84693,0.28535), (0.15944,0.23832,0.95801), 5.0945, 0.99759, 2.7141, (gDx*13,gDy*5,gDz*0)),rgb(0,0.8125,1));
		draw(
			ellipsoid( (-0.89632,0.41323,0.1608), (0.34752,0.87988,-0.32409), (0.27541,0.23461,0.93226), 4.3918, 1.1636, 2.5893, (gDx*14,gDy*5,gDz*0)),rgb(0,1,0.90625));
		draw(
			ellipsoid( (0.8777,-0.29498,-0.37766), (-0.43214,-0.14663,-0.8898), (-0.2071,-0.94419,0.25617), 3.8263, 2.2767, 1.1097, (gDx*15,gDy*5,gDz*0)),rgb(0,1,0.71875));
		draw(
			ellipsoid( (0.87853,-0.085611,-0.46996), (-0.47654,-0.088973,-0.87464), (-0.033065,-0.99235,0.11896), 4.4777, 2.3904, 0.34245, (gDx*16,gDy*5,gDz*0)),rgb(0,0.15625,1));
		draw(
			ellipsoid( (0.95398,0.0088008,-0.29974), (0.27426,0.37858,0.884), (-0.12125,0.92553,-0.35874), 3.8061, 1.8453, 1.092, (gDx*17,gDy*5,gDz*0)),rgb(0,1,0.8125));
		draw(
			ellipsoid( (0.95518,-0.054479,-0.29096), (-0.28977,-0.37291,-0.88146), (0.06048,-0.92627,0.37199), 4.1698, 2.0816, 1.2889, (gDx*18,gDy*5,gDz*0)),rgb(0,1,0.71875));
		draw(
			ellipsoid( (0.84849,-0.37156,-0.37684), (-0.52903,-0.57713,-0.62213), (-0.013673,-0.72723,0.68626), 4.2754, 2.6693, 1.6056, (gDx*19,gDy*5,gDz*0)),rgb(0,1,0.4375));
		draw(
			ellipsoid( (0.4817,-0.42573,-0.76597), (-0.8763,-0.24193,-0.41662), (0.0079466,-0.87191,0.48961), 4.9935, 3.1996, 2.2735, (gDx*20,gDy*5,gDz*0)),rgb(0,1,0.15625));
		draw(
			ellipsoid( (0.78468,-0.57302,-0.23648), (-0.61725,-0.687,-0.38345), (-0.057262,-0.44685,0.89277), 3.9023, 2.9725, 1.5929, (gDx*21,gDy*5,gDz*0)),rgb(0,1,0.34375));
		draw(
			ellipsoid( (0.70617,-0.67342,-0.21872), (-0.70349,-0.63234,-0.32442), (-0.080164,-0.38296,0.92028), 3.6729, 2.7422, 1.6453, (gDx*22,gDy*5,gDz*0)),rgb(0,1,0.15625));
		draw(
			ellipsoid( (0.6528,-0.74799,-0.11985), (-0.73603,-0.58886,-0.33392), (-0.1792,-0.30619,0.93495), 4.1501, 2.6071, 1.7956, (gDx*23,gDy*5,gDz*0)),rgb(0,1,0.15625));
		draw(
			ellipsoid( (-0.58742,0.80881,-0.027662), (0.77458,0.57181,0.27029), (-0.23443,-0.13735,0.96238), 4.2713, 3.1497, 1.6782, (gDx*24,gDy*5,gDz*0)),rgb(0,1,0.34375));
		draw(
			ellipsoid( (-0.61137,-0.14986,0.77702), (-0.78584,-0.00064278,-0.61843), (-0.09318,0.98871,0.11738), 1.0897, 1.5047, 3.3351, (gDx*0,gDy*6,gDz*0)),rgb(0,1,0.625));
		draw(
			ellipsoid( (0.024987,0.98365,0.17832), (0.98689,-0.052723,0.15254), (-0.15945,-0.17217,0.97208), 3.7265, 1.2236, 0.85047, (gDx*1,gDy*6,gDz*0)),rgb(0,0.90625,1));
		draw(
			ellipsoid( (0.0043909,-0.95361,-0.301), (-0.99985,0.00080512,-0.017136), (-0.016584,-0.30103,0.95347), 3.6685, 1.3721, 1.0176, (gDx*2,gDy*6,gDz*0)),rgb(0,1,0.90625));
		draw(
			ellipsoid( (0.5529,0.74883,0.36545), (0.83043,-0.45918,-0.31549), (0.068444,-0.47791,0.87574), 3.498, 1.932, 0.60507, (gDx*3,gDy*6,gDz*0)),rgb(0,0.71875,1));
		draw(
			ellipsoid( (0.57593,0.65557,0.4884), (0.80034,-0.3304,-0.50029), (0.16661,-0.67901,0.71497), 3.8283, 1.6803, 0.85471, (gDx*4,gDy*6,gDz*0)),rgb(0,1,1));
		draw(
			ellipsoid( (0.52261,0.27167,0.80813), (0.79811,0.17747,-0.57578), (0.29984,-0.94589,0.12408), 3.323, 1.4999, 1.1809, (gDx*5,gDy*6,gDz*0)),rgb(0,1,0.53125));
		draw(
			ellipsoid( (0.619,0.15278,0.77039), (0.78358,-0.18676,-0.59256), (-0.053351,-0.97045,0.23532), 3.1304, 1.8591, 0.93934, (gDx*6,gDy*6,gDz*0)),rgb(0,1,0.71875));
		draw(
			ellipsoid( (0.88222,0.14242,0.44878), (0.469,-0.34993,-0.81092), (-0.041554,-0.92589,0.37551), 3.563, 2.3892, 1.1286, (gDx*7,gDy*6,gDz*0)),rgb(0,1,0.625));
		draw(
			ellipsoid( (0.91771,0.295,0.26607), (0.37879,-0.44792,-0.80987), (0.11973,-0.844,0.5228), 3.25, 1.8208, 0.76604, (gDx*8,gDy*6,gDz*0)),rgb(0,1,1));
		draw(
			ellipsoid( (-0.75748,-0.62113,-0.20104), (-0.54687,0.77187,-0.32427), (-0.35659,0.13568,0.92436), 3.6774, 0.91525, 2.0178, (gDx*9,gDy*6,gDz*0)),rgb(0,1,0.90625));
		draw(
			ellipsoid( (0.56232,-0.75454,0.33833), (-0.75827,-0.63372,-0.15305), (-0.32988,0.17048,0.9285), 1.1019, 3.3796, 2.3814, (gDx*10,gDy*6,gDz*0)),rgb(0,1,0.625));
		draw(
			ellipsoid( (-0.57819,-0.81587,-0.0080493), (-0.7444,0.53152,-0.40418), (-0.33403,0.2277,0.91465), 3.0212, 1.279, 2.2042, (gDx*11,gDy*6,gDz*0)),rgb(0,1,0.25));
		draw(
			ellipsoid( (-0.86607,-0.015151,0.49969), (-0.4979,-0.06367,-0.86489), (-0.044919,0.99786,-0.047599), 1.4759, 2.4046, 2.8086, (gDx*12,gDy*6,gDz*0)),rgb(0.125,1,0));
		draw(
			ellipsoid( (0.40544,-0.91356,-0.03208), (-0.91205,-0.40664,0.053085), (0.061541,-0.0077353,0.99807), 4.9307, 1.0808, 2.1628, (gDx*13,gDy*6,gDz*0)),rgb(0,0.90625,1));
		draw(
			ellipsoid( (0.5431,0.65208,-0.52898), (0.75773,-0.65206,-0.025838), (0.36178,0.38679,0.84824), 1.1134, 4.7814, 2.9253, (gDx*14,gDy*6,gDz*0)),rgb(0,1,1));
		draw(
			ellipsoid( (0.38755,0.79648,-0.46414), (0.86908,-0.48358,-0.10416), (0.30741,0.36301,0.87962), 1.1651, 3.875, 2.6556, (gDx*15,gDy*6,gDz*0)),rgb(0,1,0.71875));
		draw(
			ellipsoid( (0.13497,0.85091,-0.50768), (0.90941,-0.30981,-0.27748), (0.39339,0.42423,0.81564), 0.9495, 3.8707, 2.9144, (gDx*16,gDy*6,gDz*0)),rgb(0,1,1));
		draw(
			ellipsoid( (0.73304,-0.54285,-0.40984), (-0.66243,-0.43299,-0.61132), (-0.15439,-0.71961,0.67699), 3.1388, 1.8923, 1.4628, (gDx*17,gDy*6,gDz*0)),rgb(0,1,0.0625));
		draw(
			ellipsoid( (0.97516,-0.050431,-0.21569), (-0.22048,-0.12753,-0.96702), (-0.021262,-0.99055,0.13548), 4.3633, 2.0594, 1.6347, (gDx*18,gDy*6,gDz*0)),rgb(0,1,0.4375));
		draw(
			ellipsoid( (0.68774,-0.22612,-0.68984), (-0.72178,-0.31476,-0.61641), (0.077748,-0.92184,0.37969), 4.1423, 1.9852, 1.2151, (gDx*19,gDy*6,gDz*0)),rgb(0,1,0.71875));
		draw(
			ellipsoid( (0.79461,-0.34946,-0.49646), (-0.60115,-0.56724,-0.5629), (0.084904,-0.74573,0.66081), 4.8565, 2.427, 1.9652, (gDx*20,gDy*6,gDz*0)),rgb(0,1,0.34375));
		draw(
			ellipsoid( (0.59154,-0.6511,-0.47555), (-0.80479,-0.51264,-0.2992), (0.048976,-0.5597,0.82724), 3.9236, 2.655, 1.752, (gDx*21,gDy*6,gDz*0)),rgb(0,1,0.15625));
		draw(
			ellipsoid( (-0.22431,0.91916,0.32377), (0.93956,0.11579,0.3222), (-0.25866,-0.37648,0.88958), 3.6378, 2.4642, 1.535, (gDx*22,gDy*6,gDz*0)),rgb(0,1,0.25));
		draw(
			ellipsoid( (0.19488,0.28697,-0.93791), (0.94191,0.21193,0.26055), (-0.27354,0.9342,0.229), 1.3363, 2.7394, 3.3967, (gDx*23,gDy*6,gDz*0)),rgb(0,1,0.4375));
		draw(
			ellipsoid( (-0.27209,-0.11922,0.95486), (-0.95956,-0.040855,-0.27853), (-0.072217,0.99203,0.10328), 1.726, 2.9966, 4.4878, (gDx*24,gDy*6,gDz*0)),rgb(0,1,0.34375));
		draw(
			ellipsoid( (0.5795,0.81242,-0.064444), (0.81257,-0.58205,-0.030778), (0.062514,0.034529,0.99745), 3.2294, 1.4683, 0.70944, (gDx*0,gDy*7,gDz*0)),rgb(0,0.90625,1));
		draw(
			ellipsoid( (0.4776,0.87634,0.062632), (0.87577,-0.46916,-0.1137), (0.07026,-0.10916,0.99154), 3.0353, 1.5414, 0.7548, (gDx*1,gDy*7,gDz*0)),rgb(0,1,0.90625));
		draw(
			ellipsoid( (0.45336,0.84353,0.28795), (0.87816,-0.36739,-0.30635), (0.15263,-0.39176,0.90732), 2.9816, 1.5737, 1.0115, (gDx*2,gDy*7,gDz*0)),rgb(0,1,0.53125));
		draw(
			ellipsoid( (-0.43369,-0.75414,-0.49314), (-0.80593,0.079901,0.58659), (0.40297,-0.65184,0.64244), 3.7646, 1.566, 1.0206, (gDx*3,gDy*7,gDz*0)),rgb(0,1,0.90625));
		draw(
			ellipsoid( (0.47448,0.689,0.54785), (0.84769,-0.1899,-0.49534), (0.23725,-0.69944,0.67417), 3.4281, 1.7733, 0.80733, (gDx*4,gDy*7,gDz*0)),rgb(0,1,1));
		draw(
			ellipsoid( (0.78389,0.44342,0.43463), (0.60509,-0.38858,-0.69489), (0.13924,-0.8077,0.57291), 3.0066, 1.7144, 0.95165, (gDx*5,gDy*7,gDz*0)),rgb(0,1,0.625));
		draw(
			ellipsoid( (0.90284,0.11708,0.41372), (0.42766,-0.14493,-0.89225), (0.044505,-0.98249,0.18092), 3.0081, 1.8779, 0.80939, (gDx*6,gDy*7,gDz*0)),rgb(0,1,0.90625));
		draw(
			ellipsoid( (0.5478,0.039081,0.8357), (-0.8262,0.18238,0.53304), (0.13158,0.98245,-0.1322), 3.3202, 2.0718, 1.1176, (gDx*7,gDy*7,gDz*0)),rgb(0,1,0.53125));
		draw(
			ellipsoid( (0.97389,-0.068826,0.21635), (-0.1953,0.23195,0.95292), (0.11577,0.97029,-0.21246), 2.9461, 1.6802, 0.85875, (gDx*8,gDy*7,gDz*0)),rgb(0,1,0.71875));
		draw(
			ellipsoid( (0.95903,0.24337,0.14501), (0.25741,-0.53483,-0.8048), (0.11831,-0.80915,0.57556), 3.3721, 1.6409, 0.90482, (gDx*9,gDy*7,gDz*0)),rgb(0,1,0.8125));
		draw(
			ellipsoid( (-0.87811,-0.4616,-0.12587), (-0.42023,0.61829,0.66418), (0.22876,-0.63612,0.7369), 3.1035, 1.5741, 0.94109, (gDx*10,gDy*7,gDz*0)),rgb(0,1,0.71875));
		draw(
			ellipsoid( (-0.63829,0.7698,-0.00082572), (0.7694,0.63792,-0.032763), (0.024694,0.021547,0.99946), 0.68482, 2.473, 1.6354, (gDx*11,gDy*7,gDz*0)),rgb(0,1,0.8125));
		draw(
			ellipsoid( (0.73321,-0.6794,0.028466), (-0.66358,-0.72403,-0.18827), (-0.14852,-0.11915,0.9817), 0.80603, 3.2286, 2.2426, (gDx*12,gDy*7,gDz*0)),rgb(0,1,1));
		draw(
			ellipsoid( (0.82883,-0.54324,0.13387), (-0.53415,-0.8395,-0.09961), (-0.16649,-0.011056,0.98598), 1.0861, 3.7838, 2.7099, (gDx*13,gDy*7,gDz*0)),rgb(0,1,0.8125));
		draw(
			ellipsoid( (-0.98346,-0.046003,0.17521), (-0.17438,-0.021505,-0.98444), (-0.049055,0.99871,-0.013127), 0.68882, 2.5287, 4.4114, (gDx*14,gDy*7,gDz*0)),rgb(0,0.625,1));
		draw(
			ellipsoid( (0.65237,0.35432,-0.66998), (0.58395,0.32853,0.74234), (-0.48313,0.87552,-0.007424), 1.1411, 2.5787, 3.2951, (gDx*15,gDy*7,gDz*0)),rgb(0,1,0.625));
		draw(
			ellipsoid( (0.50547,0.68444,-0.52539), (0.71699,-0.67193,-0.18554), (0.48002,0.28292,0.83038), 1.349, 4.6605, 3.0499, (gDx*16,gDy*7,gDz*0)),rgb(0,1,0.8125));
		draw(
			ellipsoid( (0.48065,-0.81578,-0.32168), (-0.84138,-0.53239,0.092978), (0.24711,-0.22597,0.94227), 4.3675, 1.689, 2.4084, (gDx*17,gDy*7,gDz*0)),rgb(0,1,0.34375));
		draw(
			ellipsoid( (-0.91928,0.26898,0.28735), (0.32833,0.12142,0.93673), (-0.21707,-0.95546,0.19993), 4.0846, 2.2983, 1.2499, (gDx*18,gDy*7,gDz*0)),rgb(0,1,0.71875));
		draw(
			ellipsoid( (0.92139,-0.17401,-0.34752), (-0.34775,0.030147,-0.9371), (-0.17354,-0.98428,0.032736), 4.0536, 2.5989, 1.4166, (gDx*19,gDy*7,gDz*0)),rgb(0,1,0.53125));
		draw(
			ellipsoid( (0.66622,-0.31678,-0.67514), (-0.74553,-0.26071,-0.61336), (-0.018281,-0.91197,0.40986), 3.5788, 2.8342, 1.4952, (gDx*20,gDy*7,gDz*0)),rgb(0,1,0.34375));
		draw(
			ellipsoid( (0.31721,-0.65784,-0.6831), (-0.93744,-0.10853,-0.3308), (-0.14348,-0.7453,0.65111), 4.3041, 2.7687, 1.6449, (gDx*21,gDy*7,gDz*0)),rgb(0,1,0.4375));
		draw(
			ellipsoid( (0.44894,-0.73957,-0.50148), (-0.88149,-0.27463,-0.38412), (-0.14636,-0.6145,0.77522), 3.9858, 2.6996, 1.7998, (gDx*22,gDy*7,gDz*0)),rgb(0,1,0.15625));
		draw(
			ellipsoid( (0.12589,0.49753,-0.85827), (-0.90426,0.41337,0.10699), (-0.40801,-0.76262,-0.50193), 1.4719, 2.8982, 3.3028, (gDx*23,gDy*7,gDz*0)),rgb(0,1,0.25));
		draw(
			ellipsoid( (-0.16514,-0.13235,0.97735), (0.98368,-0.093847,0.1535), (-0.071406,-0.98675,-0.14569), 2.2275, 3.3842, 3.9456, (gDx*24,gDy*7,gDz*0)),rgb(0.21875,1,0));
		draw(
			ellipsoid( (-0.54854,-0.77929,0.30301), (-0.72438,0.26194,-0.6377), (-0.41758,0.5693,0.70818), 3.6472, 1.3218, 0.82083, (gDx*0,gDy*8,gDz*0)),rgb(0,0.90625,1));
		draw(
			ellipsoid( (0.70442,0.69912,-0.12256), (0.70686,-0.70664,0.031875), (0.064322,0.10909,0.99195), 3.8957, 1.3718, 0.81475, (gDx*1,gDy*8,gDz*0)),rgb(0,0.90625,1));
		draw(
			ellipsoid( (0.68512,0.72829,0.014239), (0.72727,-0.685,0.042996), (-0.041068,0.019101,0.99897), 3.7699, 2.0288, 0.97605, (gDx*2,gDy*8,gDz*0)),rgb(0,1,0.90625));
		draw(
			ellipsoid( (-0.4566,-0.83571,-0.30514), (-0.76688,0.54358,-0.34121), (-0.45102,-0.078206,0.88908), 3.3238, 1.3684, 1.3118, (gDx*3,gDy*8,gDz*0)),rgb(0,1,0.53125));
		draw(
			ellipsoid( (-0.50859,-0.7553,-0.41335), (-0.8179,0.27381,0.50603), (0.26903,-0.59544,0.75702), 3.3327, 1.9191, 1.2126, (gDx*4,gDy*8,gDz*0)),rgb(0,1,0.4375));
		draw(
			ellipsoid( (0.77747,0.51099,0.36664), (0.61654,-0.50417,-0.60473), (0.12416,-0.69621,0.70702), 2.8468, 1.9528, 0.90436, (gDx*5,gDy*8,gDz*0)),rgb(0,1,0.71875));
		draw(
			ellipsoid( (0.87994,0.20232,0.42985), (0.47471,-0.33844,-0.81247), (0.018901,-0.91898,0.39385), 2.9265, 2.0618, 0.66774, (gDx*6,gDy*8,gDz*0)),rgb(0,0.90625,1));
		draw(
			ellipsoid( (0.59099,0.13223,0.79577), (-0.79519,0.26141,0.54712), (0.13568,0.95613,-0.25964), 2.7354, 1.9977, 0.7934, (gDx*7,gDy*8,gDz*0)),rgb(0,1,0.8125));
		draw(
			ellipsoid( (0.61673,-0.0061997,0.78715), (-0.76502,0.23083,0.60121), (0.18543,0.97297,-0.13762), 2.7706, 1.8752, 0.8613, (gDx*8,gDy*8,gDz*0)),rgb(0,1,0.71875));
		draw(
			ellipsoid( (0.98424,0.037657,0.1728), (0.17682,-0.18991,-0.96575), (0.0035504,-0.98108,0.19358), 2.6068, 1.9152, 1.2565, (gDx*9,gDy*8,gDz*0)),rgb(0,1,0.0625));
		draw(
			ellipsoid( (0.98156,0.11938,-0.14926), (0.14156,0.070621,0.98741), (-0.12841,0.99033,-0.05242), 2.8943, 1.6076, 1.4441, (gDx*10,gDy*8,gDz*0)),rgb(0,1,0.0625));
		draw(
			ellipsoid( (-0.37503,0.87995,-0.29162), (0.92693,0.36009,-0.1055), (-0.012171,0.30988,0.9507), 1.0008, 2.2355, 2.0194, (gDx*11,gDy*8,gDz*0)),rgb(0,1,0.25));
		draw(
			ellipsoid( (-0.45093,0.88984,-0.069668), (0.89072,0.45364,0.02893), (-0.057347,0.04901,0.99715), 1.066, 3.3113, 2.2947, (gDx*12,gDy*8,gDz*0)),rgb(0,1,0.625));
		draw(
			ellipsoid( (0.85563,0.51602,-0.040297), (0.51756,-0.85383,0.055717), (0.0056563,0.068529,0.99763), 3.8755, 0.99716, 2.2265, (gDx*13,gDy*8,gDz*0)),rgb(0,1,0.90625));
		draw(
			ellipsoid( (0.8094,0.58368,0.064755), (0.58206,-0.81198,0.043556), (-0.078003,-0.0024369,0.99695), 3.879, 1.0829, 2.2845, (gDx*14,gDy*8,gDz*0)),rgb(0,1,0.8125));
		draw(
			ellipsoid( (-0.74538,0.56296,0.35706), (0.66,0.54778,0.51414), (-0.093846,-0.61888,0.77986), 1.3211, 4.0774, 3.0118, (gDx*15,gDy*8,gDz*0)),rgb(0,1,0.625));
		draw(
			ellipsoid( (-0.75735,-0.12319,0.64129), (-0.65265,0.10996,-0.74964), (-0.021832,0.98627,0.16367), 1.758, 2.5201, 3.8797, (gDx*16,gDy*8,gDz*0)),rgb(0,1,0.15625));
		draw(
			ellipsoid( (0.18225,-0.95885,-0.21769), (-0.90025,-0.073691,-0.42908), (-0.39538,-0.27418,0.87664), 4.4124, 1.8497, 1.7626, (gDx*17,gDy*8,gDz*0)),rgb(0,1,0.53125));
		draw(
			ellipsoid( (-0.84769,-0.43741,0.30017), (-0.52382,0.60067,-0.604), (-0.083888,0.66924,0.7383), 1.4877, 2.1674, 3.4112, (gDx*18,gDy*8,gDz*0)),rgb(0,1,0.15625));
		draw(
			ellipsoid( (-0.53074,-0.8401,0.112), (-0.84649,0.53199,-0.020915), (0.04201,0.10591,0.99349), 1.8015, 2.9528, 3.741, (gDx*19,gDy*8,gDz*0)),rgb(0,1,0.0625));
		draw(
			ellipsoid( (0.46831,0.86014,-0.2021), (0.75136,-0.26733,0.60332), (-0.46491,0.43439,0.77147), 1.5574, 2.862, 3.9036, (gDx*20,gDy*8,gDz*0)),rgb(0,1,0.34375));
		draw(
			ellipsoid( (-0.35854,-0.856,0.37244), (-0.9317,0.35302,-0.085551), (0.058246,0.37767,0.92411), 1.731, 3.5431, 3.8906, (gDx*21,gDy*8,gDz*0)),rgb(0,1,0.25));
		draw(
			ellipsoid( (-0.68522,-0.6712,0.28277), (-0.72,0.6828,-0.12401), (0.10985,0.28857,0.95114), 1.9644, 3.0124, 4.0914, (gDx*22,gDy*8,gDz*0)),rgb(0,1,0.0625));
		draw(
			ellipsoid( (-0.37212,-0.74384,0.55518), (-0.92676,0.26466,-0.26659), (-0.051361,0.61372,0.78785), 2.0464, 3.1272, 4.8033, (gDx*23,gDy*8,gDz*0)),rgb(0,1,0.25));
		draw(
			ellipsoid( (-0.36513,-0.36985,0.85434), (-0.90005,-0.094275,-0.42548), (-0.2379,0.9243,0.29846), 1.8207, 2.8979, 4.2565, (gDx*24,gDy*8,gDz*0)),rgb(0,1,0.25));
		draw(
			ellipsoid( (-0.61684,-0.58539,0.52614), (-0.5629,0.79533,0.22494), (0.55013,0.15741,0.82011), 3.5839, 1.2114, 0.72605, (gDx*0,gDy*9,gDz*0)),rgb(0,0.8125,1));
		draw(
			ellipsoid( (0.70213,0.64675,-0.29788), (0.71171,-0.65048,0.26524), (0.022219,0.39823,0.91701), 3.1261, 1.3059, 0.93093, (gDx*1,gDy*9,gDz*0)),rgb(0,1,0.8125));
		draw(
			ellipsoid( (0.82548,0.564,-0.022225), (0.56024,-0.81391,0.15388), (-0.068699,0.13948,0.98784), 4.76, 1.9416, 0.79197, (gDx*2,gDy*9,gDz*0)),rgb(0,0.71875,1));
		draw(
			ellipsoid( (0.9042,0.4271,-0.0021808), (0.42153,-0.89321,-0.15646), (0.06877,-0.14055,0.98768), 4.0045, 1.912, 0.85161, (gDx*3,gDy*9,gDz*0)),rgb(0,0.90625,1));
		draw(
			ellipsoid( (0.65861,0.70585,0.26078), (0.73195,-0.52055,-0.43962), (0.17456,-0.48042,0.85949), 3.5803, 2.2521, 1.1912, (gDx*4,gDy*9,gDz*0)),rgb(0,1,0.625));
		draw(
