	import three;
	import settings;

	surface ellipsoid(triple v1,triple v2,triple v3,real l1,real l2, real l3, triple pos=O) {
		transform3 T = identity(4);
		T[0][0] = l1*v1.x;
		T[1][0] = l1*v1.y;
		T[2][0] = l1*v1.z;
		T[0][1] = l2*v2.x;
		T[1][1] = l2*v2.y;
		T[2][1] = l2*v2.z;
		T[0][2] = l3*v3.x;
		T[1][2] = l3*v3.y;
		T[2][2] = l3*v3.z;
		T[0][3] = pos.x;
		T[1][3] = pos.y;
		T[2][3] = pos.z;
		return T*unitsphere;
	}

	size(200);

	real gDx=4;
	real gDy=4;
	real gDz=4;

	currentprojection=perspective( camera=(gDx*12,gDy*12,25),up=Y, target=(gDx*12,gDy*12,gDz*0));
		draw(
			ellipsoid( (-0.33816,0.93958,-0.05331), (0.94082,0.33617,-0.04296), (0.022443,0.064682,0.99765), 0.88818, 1.1826, 4.1098, (gDx*0,gDy*0,gDz*0)),rgb(0,0.8125,1));
		draw(
			ellipsoid( (0.081989,0.9921,-0.094958), (-0.96109,0.053489,-0.271), (-0.26378,0.11348,0.95789), 0.98753, 1.5561, 3.0371, (gDx*1,gDy*0,gDz*0)),rgb(0,1,0.625));
		draw(
			ellipsoid( (0.19993,0.97498,-0.0972), (-0.64234,0.055512,-0.7644), (-0.73988,0.21526,0.63737), 1.028, 1.4638, 3.3511, (gDx*2,gDy*0,gDz*0)),rgb(0,1,0.71875));
		draw(
			ellipsoid( (0.42739,0.80589,0.40973), (-0.24276,0.53886,-0.80666), (-0.87087,0.24529,0.42594), 1.0451, 1.2179, 3.8151, (gDx*3,gDy*0,gDz*0)),rgb(0,1,1));
		draw(
			ellipsoid( (-0.33031,-0.69512,-0.63852), (0.078956,-0.69446,0.71518), (-0.94056,0.18582,0.28427), 1.0612, 1.3229, 3.5692, (gDx*4,gDy*0,gDz*0)),rgb(0,1,0.8125));
		draw(
			ellipsoid( (-0.17113,-0.64522,-0.74458), (0.0057211,-0.75637,0.65412), (-0.98523,0.10768,0.13313), 0.99171, 1.4321, 3.5707, (gDx*5,gDy*0,gDz*0)),rgb(0,1,0.8125));
		draw(
			ellipsoid( (0.029276,0.67506,0.73719), (0.0024637,0.73745,-0.6754), (-0.99957,0.021589,0.019926), 0.8714, 1.4803, 3.6998, (gDx*6,gDy*0,gDz*0)),rgb(0,1,1));
		draw(
			ellipsoid( (-0.07047,0.73247,0.67714), (0.0005636,0.67886,-0.73427), (-0.99751,-0.051362,-0.048252), 0.75749, 1.4375, 3.7243, (gDx*7,gDy*0,gDz*0)),rgb(0,0.90625,1));
		draw(
			ellipsoid( (-0.13608,0.79515,0.59094), (0.0099391,0.59756,-0.80176), (-0.99065,-0.10323,-0.089222), 0.67434, 1.409, 3.5241, (gDx*8,gDy*0,gDz*0)),rgb(0,0.8125,1));
		draw(
			ellipsoid( (-0.19388,0.82055,0.53769), (0.0008285,0.54822,-0.83633), (-0.98102,-0.16171,-0.10697), 0.6538, 1.3844, 3.2055, (gDx*9,gDy*0,gDz*0)),rgb(0,0.90625,1));
		draw(
			ellipsoid( (-0.38713,0.76611,0.51303), (0.19637,-0.47515,0.85772), (-0.90087,-0.4328,-0.033503), 0.9416, 1.5803, 2.6584, (gDx*10,gDy*0,gDz*0)),rgb(0,1,0.53125));
		draw(
			ellipsoid( (-0.83773,0.50779,0.20089), (0.22657,-0.011514,0.97393), (-0.49687,-0.8614,0.10541), 1.1294, 1.6463, 2.7129, (gDx*11,gDy*0,gDz*0)),rgb(0,1,0.25));
		draw(
			ellipsoid( (-0.95763,0.28489,-0.042272), (-0.047969,-0.013047,0.99876), (-0.28398,-0.95847,-0.02616), 0.80281, 1.9292, 4.1509, (gDx*12,gDy*0,gDz*0)),rgb(0,0.8125,1));
		draw(
			ellipsoid( (-0.89999,0.4293,-0.075649), (-0.067587,0.03402,0.99713), (-0.43064,-0.90252,0.0016025), 0.9706, 1.8283, 4.3416, (gDx*13,gDy*0,gDz*0)),rgb(0,1,1));
		draw(
			ellipsoid( (0.74426,-0.64671,0.16687), (-0.07645,0.16571,0.98321), (0.6635,0.74452,-0.073888), 0.99303, 1.9171, 4.2681, (gDx*14,gDy*0,gDz*0)),rgb(0,1,1));
		draw(
			ellipsoid( (0.58007,-0.78262,0.22588), (-0.019571,0.26384,0.96437), (0.81433,0.56383,-0.13773), 0.92878, 1.9425, 4.6191, (gDx*15,gDy*0,gDz*0)),rgb(0,0.90625,1));
		draw(
			ellipsoid( (0.40481,-0.79519,0.45144), (0.082765,-0.45981,-0.88415), (-0.91065,-0.39528,0.12032), 1.0177, 1.8501, 4.3913, (gDx*16,gDy*0,gDz*0)),rgb(0,1,1));
		draw(
			ellipsoid( (0.21638,-0.72436,0.65458), (-0.029778,0.66526,0.74602), (-0.97585,-0.18092,0.12238), 0.96215, 1.826, 4.5339, (gDx*17,gDy*0,gDz*0)),rgb(0,0.90625,1));
		draw(
			ellipsoid( (0.083084,-0.62209,0.77853), (0.0039535,0.78143,0.62398), (-0.99653,-0.048765,0.067383), 0.99448, 1.9315, 4.4986, (gDx*18,gDy*0,gDz*0)),rgb(0,0.90625,1));
		draw(
			ellipsoid( (-0.065499,-0.50013,0.86347), (0.01178,0.86488,0.50184), (-0.99778,0.043042,-0.050758), 1.0845, 2.0376, 4.125, (gDx*19,gDy*0,gDz*0)),rgb(0,1,0.90625));
		draw(
			ellipsoid( (-0.22313,-0.38736,0.89452), (0.11639,0.9005,0.41899), (-0.96781,0.1976,-0.15585), 1.0493, 2.1931, 4.1769, (gDx*20,gDy*0,gDz*0)),rgb(0,1,0.90625));
		draw(
			ellipsoid( (-0.3139,-0.32174,0.89328), (0.11143,0.92185,0.37119), (-0.94289,0.21606,-0.25352), 1.139, 2.1822, 4.1341, (gDx*21,gDy*0,gDz*0)),rgb(0,1,0.8125));
		draw(
			ellipsoid( (-0.40753,-0.23741,0.88179), (0.13337,0.93979,0.31466), (-0.9034,0.24584,-0.35133), 1.1895, 2.1764, 4.2384, (gDx*22,gDy*0,gDz*0)),rgb(0,1,0.8125));
		draw(
			ellipsoid( (-0.58334,-0.22749,0.77972), (-0.098021,-0.93324,-0.34562), (0.80629,-0.27804,0.5221), 1.5756, 2.3238, 3.6817, (gDx*23,gDy*0,gDz*0)),rgb(0,1,0.25));
		draw(
			ellipsoid( (-0.83745,-0.15018,0.52548), (0.030584,0.94712,0.31943), (0.54566,-0.28358,0.78857), 1.7636, 2.4808, 3.7858, (gDx*24,gDy*0,gDz*0)),rgb(0,1,0.0625));
		draw(
			ellipsoid( (-0.096919,-0.96624,0.23871), (0.95805,-0.025578,0.28545), (-0.2697,0.25636,0.92819), 1.0119, 1.2262, 3.4504, (gDx*0,gDy*1,gDz*0)),rgb(0,1,0.8125));
		draw(
			ellipsoid( (-0.26021,0.89513,-0.36198), (0.93333,0.32922,0.14321), (-0.24737,0.30058,0.92112), 1.1013, 1.2494, 3.2109, (gDx*1,gDy*1,gDz*0)),rgb(0,1,0.71875));
		draw(
			ellipsoid( (-0.15511,0.88794,-0.43302), (0.89063,0.31535,0.32762), (-0.42746,0.33484,0.83974), 1.1524, 1.4484, 2.9653, (gDx*2,gDy*1,gDz*0)),rgb(0,1,0.4375));
		draw(
			ellipsoid( (0.10088,-0.84476,0.52556), (0.73262,0.42047,0.53523), (-0.67312,0.33104,0.6613), 1.214, 1.5032, 2.9415, (gDx*3,gDy*1,gDz*0)),rgb(0,1,0.34375));
		draw(
			ellipsoid( (0.024858,-0.81506,0.57884), (0.57109,0.48682,0.66096), (-0.82051,0.31414,0.47757), 1.3477, 1.391, 2.8593, (gDx*4,gDy*1,gDz*0)),rgb(0,1,0.25));
		draw(
			ellipsoid( (-0.42004,-0.47689,-0.7721), (0.099762,0.82137,-0.5616), (0.902,-0.31292,-0.29744), 1.2243, 1.463, 2.8971, (gDx*5,gDy*1,gDz*0)),rgb(0,1,0.34375));
		draw(
			ellipsoid( (-0.24383,-0.71776,-0.6522), (-0.022942,-0.66804,0.74377), (-0.96955,0.19631,0.14642), 1.0739, 1.4487, 2.8355, (gDx*6,gDy*1,gDz*0)),rgb(0,1,0.4375));
		draw(
			ellipsoid( (0.11444,0.7816,0.61319), (-0.064267,-0.61012,0.78969), (-0.99135,0.12978,0.019591), 0.87471, 1.4405, 2.9541, (gDx*7,gDy*1,gDz*0)),rgb(0,1,0.71875));
		draw(
			ellipsoid( (0.02392,0.78371,0.62067), (-0.048575,-0.6192,0.78373), (-0.99853,0.048896,-0.023257), 0.87473, 1.4242, 2.8113, (gDx*8,gDy*1,gDz*0)),rgb(0,1,0.71875));
		draw(
			ellipsoid( (-0.070115,0.78411,0.61665), (0.022502,0.61925,-0.78487), (-0.99729,-0.041155,-0.061063), 0.86289, 1.4096, 2.7329, (gDx*9,gDy*1,gDz*0)),rgb(0,1,0.625));
		draw(
			ellipsoid( (-0.19682,0.78711,0.58456), (0.12101,-0.57217,0.81116), (-0.97294,-0.23039,-0.017367), 1.0191, 1.4502, 2.5958, (gDx*10,gDy*1,gDz*0)),rgb(0,1,0.34375));
		draw(
			ellipsoid( (-0.40471,0.82976,0.38434), (0.16969,-0.34485,0.92319), (-0.89856,-0.43884,0.0012414), 1.1299, 1.4683, 2.6768, (gDx*11,gDy*1,gDz*0)),rgb(0,1,0.25));
		draw(
			ellipsoid( (-0.57331,0.81251,0.10555), (0.086131,-0.06835,0.99394), (-0.8148,-0.57892,0.030797), 1.1383, 1.6109, 3.1102, (gDx*12,gDy*1,gDz*0)),rgb(0,1,0.4375));
		draw(
			ellipsoid( (0.65169,-0.75803,0.02608), (0.021719,0.053021,0.99836), (-0.75817,-0.65006,0.051017), 1.0835, 1.8334, 3.7312, (gDx*13,gDy*1,gDz*0)),rgb(0,1,0.71875));
		draw(
			ellipsoid( (0.60863,-0.78751,0.09698), (0.029621,0.14469,0.98903), (-0.7929,-0.59908,0.11139), 1.087, 1.9398, 4.0555, (gDx*14,gDy*1,gDz*0)),rgb(0,1,0.8125));
		draw(
			ellipsoid( (0.49912,-0.84452,0.19407), (0.044426,0.24861,0.96759), (-0.86539,-0.47432,0.1616), 1.0472, 1.968, 4.3141, (gDx*15,gDy*1,gDz*0)),rgb(0,1,1));
		draw(
			ellipsoid( (-0.37105,0.8511,-0.37142), (0.025753,0.40925,0.91206), (-0.92826,-0.32885,0.17377), 1.0765, 1.925, 4.2971, (gDx*16,gDy*1,gDz*0)),rgb(0,1,0.90625));
		draw(
			ellipsoid( (0.23104,-0.79529,0.56048), (-0.048309,-0.58474,-0.80978), (-0.97174,-0.16002,0.17352), 1.0477, 1.9184, 4.404, (gDx*17,gDy*1,gDz*0)),rgb(0,1,1));
		draw(
			ellipsoid( (0.11112,-0.68281,0.7221), (0.058256,0.72982,0.68115), (-0.9921,-0.033626,0.12088), 1.0819, 2.0218, 4.3158, (gDx*18,gDy*1,gDz*0)),rgb(0,1,0.90625));
		draw(
			ellipsoid( (-0.018628,-0.56055,0.82791), (0.075311,0.82492,0.56021), (-0.99699,0.072787,0.026849), 1.1562, 2.1657, 4.0395, (gDx*19,gDy*1,gDz*0)),rgb(0,1,0.8125));
		draw(
			ellipsoid( (-0.15546,-0.45232,0.8782), (0.18422,0.86014,0.47562), (-0.97051,0.23573,-0.05039), 1.1296, 2.3475, 4.0757, (gDx*20,gDy*1,gDz*0)),rgb(0,1,0.8125));
		draw(
			ellipsoid( (-0.25133,-0.39081,0.88549), (0.16578,0.88396,0.43719), (-0.9536,0.25668,-0.15738), 1.268, 2.3412, 3.9479, (gDx*21,gDy*1,gDz*0)),rgb(0,1,0.625));
		draw(
			ellipsoid( (-0.3624,-0.29878,0.88283), (0.17516,0.90851,0.37938), (-0.91541,0.29213,-0.27691), 1.3832, 2.3399, 3.9456, (gDx*22,gDy*1,gDz*0)),rgb(0,1,0.53125));
		draw(
			ellipsoid( (-0.52434,-0.23335,0.81891), (-0.19954,-0.90127,-0.38458), (0.8278,-0.36506,0.42601), 1.6865, 2.4424, 3.6558, (gDx*23,gDy*1,gDz*0)),rgb(0,1,0.0625));
		draw(
			ellipsoid( (-0.74464,-0.13428,0.65382), (0.206,0.88549,0.41649), (0.63488,-0.44482,0.63171), 1.8511, 2.5492, 3.7641, (gDx*24,gDy*1,gDz*0)),rgb(0.03125,1,0));
		draw(
			ellipsoid( (-0.81727,0.024831,-0.57572), (0.24759,0.91729,-0.3119), (-0.52035,0.39745,0.75582), 1.1151, 1.1337, 3.3215, (gDx*0,gDy*2,gDz*0)),rgb(0,1,0.8125));
		draw(
			ellipsoid( (-0.81092,0.4017,-0.4255), (0.53801,0.79779,-0.27216), (-0.23013,0.44962,0.86306), 0.95589, 1.239, 3.3851, (gDx*1,gDy*2,gDz*0)),rgb(0,1,0.90625));
		draw(
			ellipsoid( (-0.611,0.64315,-0.46156), (0.7783,0.59461,-0.20174), (-0.1447,0.4825,0.86386), 1.0625, 1.3694, 3.2863, (gDx*2,gDy*2,gDz*0)),rgb(0,1,0.71875));
		draw(
			ellipsoid( (-0.35363,0.77234,-0.52768), (0.92323,0.37886,-0.064187), (-0.15034,0.50986,0.84702), 1.1436, 1.6095, 3.1015, (gDx*3,gDy*2,gDz*0)),rgb(0,1,0.4375));
		draw(
			ellipsoid( (-0.26056,0.72384,-0.63888), (0.8884,0.43882,0.13485), (-0.37796,0.53245,0.75739), 1.2854, 1.6822, 2.6674, (gDx*4,gDy*2,gDz*0)),rgb(0,1,0.0625));
		draw(
			ellipsoid( (-0.34833,0.43017,-0.83284), (0.67848,0.72875,0.092636), (-0.64679,0.5328,0.54571), 1.367, 1.612, 2.4808, (gDx*5,gDy*2,gDz*0)),rgb(0.21875,1,0));
		draw(
			ellipsoid( (0.40109,0.053257,0.91449), (-0.40115,-0.88728,0.22761), (0.82353,-0.45814,-0.33451), 1.3384, 1.5421, 2.3713, (gDx*6,gDy*2,gDz*0)),rgb(0.21875,1,0));
		draw(
			ellipsoid( (0.32074,0.39132,0.86255), (0.28784,0.82733,-0.48237), (-0.90237,0.40299,0.15272), 1.1887, 1.5332, 2.4077, (gDx*7,gDy*2,gDz*0)),rgb(0.03125,1,0));
		draw(
			ellipsoid( (0.23486,0.5214,0.82036), (0.2465,0.78443,-0.56913), (-0.94025,0.33589,0.055704), 1.0685, 1.491, 2.4815, (gDx*8,gDy*2,gDz*0)),rgb(0,1,0.25));
		draw(
			ellipsoid( (-0.15802,-0.68752,-0.70876), (-0.13702,-0.69557,0.70527), (-0.97788,0.20857,0.015709), 1.0257, 1.4415, 2.5763, (gDx*9,gDy*2,gDz*0)),rgb(0,1,0.34375));
		draw(
			ellipsoid( (0.03881,0.81243,0.58177), (-0.0062838,-0.58199,0.81317), (-0.99923,0.035215,0.017482), 1.065, 1.4381, 2.673, (gDx*10,gDy*2,gDz*0)),rgb(0,1,0.34375));
		draw(
			ellipsoid( (-0.1107,0.914,0.39032), (0.065923,-0.38512,0.92051), (-0.99167,-0.12763,0.017622), 1.1498, 1.5055, 2.9435, (gDx*11,gDy*2,gDz*0)),rgb(0,1,0.4375));
		draw(
			ellipsoid( (-0.24354,0.95441,0.17259), (0.036913,-0.1687,0.98498), (-0.96919,-0.24625,-0.0058546), 1.1538, 1.6242, 3.3843, (gDx*12,gDy*2,gDz*0)),rgb(0,1,0.625));
		draw(
			ellipsoid( (0.35811,-0.93014,-0.081203), (0.074217,-0.058338,0.99553), (-0.93073,-0.36253,0.048141), 1.1351, 1.8087, 3.8019, (gDx*13,gDy*2,gDz*0)),rgb(0,1,0.71875));
		draw(
			ellipsoid( (0.43316,-0.90124,-0.011643), (0.10301,0.036667,0.994), (-0.89541,-0.43176,0.10872), 1.081, 1.9806, 4.2664, (gDx*14,gDy*2,gDz*0)),rgb(0,1,0.90625));
		draw(
			ellipsoid( (0.38578,-0.91269,0.13477), (0.10762,0.1896,0.97594), (-0.91629,-0.362,0.17137), 1.1211, 1.9999, 4.2303, (gDx*15,gDy*2,gDz*0)),rgb(0,1,0.90625));
		draw(
			ellipsoid( (-0.31988,0.90608,-0.27694), (-0.13564,-0.33309,-0.93309), (-0.9377,-0.26092,0.22945), 1.1156, 2.0084, 4.2781, (gDx*16,gDy*2,gDz*0)),rgb(0,1,0.90625));
		draw(
			ellipsoid( (0.23645,-0.85813,0.45575), (-0.14585,-0.49508,-0.85652), (-0.96064,-0.13605,0.24222), 1.1181, 2.0384, 4.3137, (gDx*17,gDy*2,gDz*0)),rgb(0,1,0.90625));
		draw(
			ellipsoid( (0.13938,-0.73971,0.65833), (0.13604,0.67282,0.72719), (-0.98085,-0.011794,0.19441), 1.1614, 2.1239, 4.1807, (gDx*18,gDy*2,gDz*0)),rgb(0,1,0.8125));
		draw(
			ellipsoid( (0.030789,-0.60845,0.793), (0.17173,0.7848,0.59549), (-0.98466,0.11784,0.12865), 1.2152, 2.2931, 4.0259, (gDx*19,gDy*2,gDz*0)),rgb(0,1,0.71875));
		draw(
			ellipsoid( (-0.077583,-0.50126,0.86181), (0.29766,0.81334,0.49987), (-0.95151,0.29531,0.086104), 1.1843, 2.4897, 4.1197, (gDx*20,gDy*2,gDz*0)),rgb(0,1,0.8125));
		draw(
			ellipsoid( (-0.16885,-0.44996,0.87694), (0.27852,0.83167,0.48036), (-0.94547,0.32535,-0.015108), 1.3795, 2.4916, 3.888, (gDx*21,gDy*2,gDz*0)),rgb(0,1,0.53125));
		draw(
			ellipsoid( (-0.28977,-0.36267,0.88572), (0.27743,0.85387,0.44039), (-0.91601,0.37334,-0.14681), 1.5825, 2.4983, 3.7579, (gDx*22,gDy*2,gDz*0)),rgb(0,1,0.25));
		draw(
			ellipsoid( (-0.44103,-0.22048,0.86999), (-0.33375,-0.85955,-0.38703), (0.83313,-0.46105,0.3055), 1.7869, 2.5393, 3.7071, (gDx*23,gDy*2,gDz*0)),rgb(0.03125,1,0));
		draw(
			ellipsoid( (-0.59579,-0.060151,0.80088), (-0.4164,-0.82956,-0.37208), (0.68676,-0.55517,0.4692), 1.8593, 2.5819, 3.9667, (gDx*24,gDy*2,gDz*0)),rgb(0,1,0.0625));
		draw(
			ellipsoid( (-0.55782,0.15907,-0.81458), (0.53692,0.81758,-0.20803), (-0.63289,0.55341,0.54147), 1.0321, 1.2739, 3.2319, (gDx*0,gDy*3,gDz*0)),rgb(0,1,0.71875));
		draw(
			ellipsoid( (-0.5015,0.54216,-0.67421), (0.80583,0.57633,-0.13595), (-0.31486,0.61147,0.72592), 1.0739, 1.3313, 2.8872, (gDx*1,gDy*3,gDz*0)),rgb(0,1,0.53125));
		draw(
			ellipsoid( (-0.42928,0.69011,-0.58263), (0.90027,0.37865,-0.2148), (-0.072376,0.61674,0.78383), 1.0414, 1.4313, 3.0664, (gDx*2,gDy*3,gDz*0)),rgb(0,1,0.625));
		draw(
			ellipsoid( (-0.37203,0.76156,-0.53068), (0.92191,0.23663,-0.30673), (0.10802,0.60335,0.79012), 1.0271, 1.5086, 3.3353, (gDx*3,gDy*3,gDz*0)),rgb(0,1,0.71875));
		draw(
			ellipsoid( (-0.36655,0.7384,-0.56605), (0.92465,0.22155,-0.30975), (0.10331,0.63693,0.76397), 1.1241, 1.6377, 3.0261, (gDx*4,gDy*3,gDz*0)),rgb(0,1,0.4375));
		draw(
			ellipsoid( (-0.39927,0.63377,-0.66251), (0.91679,0.26848,-0.29568), (0.0095218,0.72543,0.68823), 1.246, 1.7, 2.6245, (gDx*5,gDy*3,gDz*0)),rgb(0,1,0.0625));
		draw(
			ellipsoid( (0.47712,-0.39909,0.78299), (-0.86224,-0.38489,0.32924), (0.16997,-0.83222,-0.52775), 1.296, 1.7285, 2.4011, (gDx*6,gDy*3,gDz*0)),rgb(0.21875,1,0));
		draw(
			ellipsoid( (0.51736,-0.077395,0.85226), (-0.75981,-0.49977,0.41585), (0.39375,-0.86269,-0.31736), 1.2753, 1.7213, 2.3119, (gDx*7,gDy*3,gDz*0)),rgb(0.21875,1,0));
		draw(
			ellipsoid( (0.48266,0.19517,0.85379), (0.63536,0.59294,-0.49472), (-0.6028,0.78124,0.16218), 1.226, 1.7315, 2.3236, (gDx*8,gDy*3,gDz*0)),rgb(0.125,1,0));
		draw(
			ellipsoid( (0.38251,0.45409,0.80467), (0.33635,0.74271,-0.57901), (-0.86056,0.49212,0.13136), 1.2383, 1.6757, 2.3757, (gDx*9,gDy*3,gDz*0)),rgb(0.125,1,0));
		draw(
			ellipsoid( (-0.28023,-0.75927,-0.58735), (-0.11,-0.58243,0.8054), (-0.95361,0.29031,0.079698), 1.2266, 1.6002, 2.6466, (gDx*10,gDy*3,gDz*0)),rgb(0,1,0.0625));
		draw(
			ellipsoid( (0.14059,0.93456,0.32684), (-0.0098322,-0.32879,0.94435), (-0.99002,0.13598,0.037036), 1.2705, 1.6156, 2.9827, (gDx*11,gDy*3,gDz*0)),rgb(0,1,0.25));
		draw(
			ellipsoid( (0.032524,0.99398,0.10459), (-0.026025,-0.10377,0.99426), (-0.99913,0.035059,-0.022494), 1.2161, 1.7007, 3.4891, (gDx*12,gDy*3,gDz*0)),rgb(0,1,0.53125));
		draw(
			ellipsoid( (-0.093995,0.9948,0.039259), (0.019436,-0.037593,0.9991), (-0.99538,-0.094673,0.015801), 1.2292, 1.8203, 3.7374, (gDx*13,gDy*3,gDz*0)),rgb(0,1,0.625));
		draw(
			ellipsoid( (0.20362,-0.97898,0.012174), (0.074327,0.027855,0.99684), (-0.97623,-0.20207,0.078436), 1.2065, 1.9599, 3.9878, (gDx*14,gDy*3,gDz*0)),rgb(0,1,0.71875));
		draw(
			ellipsoid( (-0.2379,0.96565,-0.10453), (-0.15272,-0.14347,-0.9778), (-0.95921,-0.21665,0.1816), 1.1622, 2.0512, 4.1371, (gDx*15,gDy*3,gDz*0)),rgb(0,1,0.8125));
		draw(
			ellipsoid( (-0.25158,0.9502,-0.18395), (-0.23098,-0.24351,-0.94199), (-0.93987,-0.19449,0.28074), 1.1217, 2.1075, 4.3019, (gDx*16,gDy*3,gDz*0)),rgb(0,1,0.90625));
		draw(
			ellipsoid( (0.21499,-0.90392,0.36975), (0.24072,0.41597,0.87694), (-0.94649,-0.099529,0.30702), 1.1537, 2.1232, 4.2369, (gDx*17,gDy*3,gDz*0)),rgb(0,1,0.8125));
		draw(
			ellipsoid( (0.15386,-0.78717,0.59723), (0.23019,0.61635,0.75307), (-0.9609,0.02161,0.27604), 1.2312, 2.2029, 4.1057, (gDx*18,gDy*3,gDz*0)),rgb(0,1,0.71875));
		draw(
			ellipsoid( (0.071967,-0.64884,0.75752), (0.29373,0.73959,0.60558), (-0.95317,0.17893,0.24381), 1.2591, 2.3877, 4.0661, (gDx*19,gDy*3,gDz*0)),rgb(0,1,0.71875));
		draw(
			ellipsoid( (-0.013618,-0.55823,0.82958), (0.4124,0.75267,0.51324), (-0.9109,0.34911,0.21996), 1.2532, 2.574, 4.1602, (gDx*20,gDy*3,gDz*0)),rgb(0,1,0.71875));
		draw(
			ellipsoid( (-0.08516,-0.49354,0.86554), (0.41203,0.7735,0.48159), (-0.90718,0.39765,0.13748), 1.4776, 2.6034, 3.9042, (gDx*21,gDy*3,gDz*0)),rgb(0,1,0.4375));
		draw(
			ellipsoid( (-0.18577,-0.37873,0.90667), (0.42013,0.80352,0.42172), (-0.88825,0.45926,0.0098492), 1.713, 2.628, 3.7269, (gDx*22,gDy*3,gDz*0)),rgb(0,1,0.0625));
		draw(
			ellipsoid( (-0.31743,-0.1945,0.92812), (0.4914,0.80334,0.33641), (-0.81103,0.56287,-0.15942), 1.8701, 2.6672, 3.7523, (gDx*23,gDy*3,gDz*0)),rgb(0.03125,1,0));
		draw(
			ellipsoid( (-0.44049,-0.018105,0.89757), (-0.58812,-0.74957,-0.30374), (0.67829,-0.66168,0.31953), 1.8909, 2.7085, 4.0759, (gDx*24,gDy*3,gDz*0)),rgb(0,1,0.0625));
		draw(
			ellipsoid( (0.29328,-0.19178,0.93659), (-0.72412,-0.68421,0.086649), (0.62421,-0.70361,-0.33953), 0.89893, 1.3936, 3.5093, (gDx*0,gDy*4,gDz*0)),rgb(0,1,0.90625));
		draw(
			ellipsoid( (0.19163,-0.46972,0.86176), (0.89122,0.45105,0.047671), (-0.41109,0.75889,0.50506), 0.99419, 1.516, 2.8245, (gDx*1,gDy*4,gDz*0)),rgb(0,1,0.53125));
		draw(
			ellipsoid( (-0.28435,0.63018,-0.72251), (0.95868,0.19425,-0.20787), (-0.0093536,0.75176,0.65938), 0.97058, 1.4949, 2.9109, (gDx*2,gDy*4,gDz*0)),rgb(0,1,0.625));
		draw(
			ellipsoid( (-0.30198,0.7242,-0.61996), (0.92979,0.08016,-0.35926), (0.21048,0.68492,0.69756), 1.0041, 1.4997, 3.1785, (gDx*3,gDy*4,gDz*0)),rgb(0,1,0.71875));
		draw(
			ellipsoid( (-0.31575,0.76651,-0.55925), (0.90096,0.057336,-0.43009), (0.29761,0.63966,0.7087), 1.0524, 1.5813, 3.1747, (gDx*4,gDy*4,gDz*0)),rgb(0,1,0.625));
		draw(
			ellipsoid( (-0.36596,0.77016,-0.52242), (0.86021,0.065735,-0.50568), (0.35512,0.63445,0.68656), 1.1305, 1.6716, 3.0279, (gDx*5,gDy*4,gDz*0)),rgb(0,1,0.4375));
		draw(
			ellipsoid( (-0.47436,0.65916,-0.58352), (0.83147,0.11769,-0.54296), (0.28922,0.74274,0.6039), 1.2369, 1.7002, 2.684, (gDx*6,gDy*4,gDz*0)),rgb(0,1,0.0625));
		draw(
			ellipsoid( (-0.60441,0.4382,-0.66534), (0.78061,0.15887,-0.60449), (-0.15919,-0.88473,-0.43809), 1.2892, 1.7249, 2.486, (gDx*7,gDy*4,gDz*0)),rgb(0.125,1,0));
		draw(
			ellipsoid( (-0.68108,0.17083,-0.71201), (0.73219,0.16597,-0.66057), (0.0053246,-0.97122,-0.23812), 1.262, 1.7689, 2.3965, (gDx*8,gDy*4,gDz*0)),rgb(0.125,1,0));
		draw(
			ellipsoid( (0.619,0.048393,0.7839), (-0.72824,-0.3384,0.59594), (0.29411,-0.93976,-0.17423), 1.3024, 1.8777, 2.2179, (gDx*9,gDy*4,gDz*0)),rgb(0.3125,1,0));
		draw(
			ellipsoid( (-0.48096,-0.5017,-0.71901), (-0.23089,-0.71866,0.65591), (-0.84579,0.48148,0.22981), 1.4715, 1.7234, 2.4578, (gDx*10,gDy*4,gDz*0)),rgb(0.40625,1,0));
		draw(
			ellipsoid( (0.37727,0.9047,0.19794), (-0.0038528,-0.2122,0.97722), (-0.92609,0.36944,0.07657), 1.3222, 1.75, 3.1562, (gDx*11,gDy*4,gDz*0)),rgb(0,1,0.25));
		draw(
			ellipsoid( (0.2861,0.95558,-0.070781), (0.016842,0.068843,0.99749), (-0.95805,0.28657,-0.0036022), 1.237, 1.8375, 3.8479, (gDx*12,gDy*4,gDz*0)),rgb(0,1,0.625));
		draw(
			ellipsoid( (0.18253,0.97093,-0.15483), (0.028924,0.15211,0.98794), (-0.98278,0.1848,0.00031945), 1.2595, 1.969, 3.9498, (gDx*13,gDy*4,gDz*0)),rgb(0,1,0.625));
		draw(
			ellipsoid( (0.067387,0.98376,-0.16637), (0.091361,0.15996,0.98289), (-0.99354,0.081433,0.079098), 1.2369, 2.0641, 3.8169, (gDx*14,gDy*4,gDz*0)),rgb(0,1,0.625));
		draw(
			ellipsoid( (-0.041175,0.98357,-0.17578), (-0.19006,-0.18043,-0.96505), (-0.98091,-0.006327,0.19437), 1.1596, 2.1383, 3.7927, (gDx*15,gDy*4,gDz*0)),rgb(0,1,0.71875));
		draw(
			ellipsoid( (-0.11631,0.97074,-0.2101), (-0.29206,-0.23561,-0.92692), (-0.9493,-0.046443,0.31092), 1.0846, 2.1701, 3.8856, (gDx*16,gDy*4,gDz*0)),rgb(0,1,0.8125));
		draw(
			ellipsoid( (0.12369,-0.92835,0.35053), (0.31688,0.3717,0.8726), (-0.94037,0.0031446,0.34015), 1.1725, 2.1596, 3.9667, (gDx*17,gDy*4,gDz*0)),rgb(0,1,0.71875));
		draw(
			ellipsoid( (0.10553,-0.83567,0.53899), (0.32728,0.54101,0.77472), (-0.93902,0.094643,0.33059), 1.287, 2.2358, 3.9789, (gDx*18,gDy*4,gDz*0)),rgb(0,1,0.625));
		draw(
			ellipsoid( (0.07526,-0.70977,0.7004), (0.39758,0.66551,0.63169), (-0.91448,0.23092,0.33228), 1.3332, 2.4173, 4.0782, (gDx*19,gDy*4,gDz*0)),rgb(0,1,0.625));
		draw(
			ellipsoid( (0.016938,-0.62587,0.77974), (0.50122,0.68011,0.53501), (-0.86515,0.38176,0.32522), 1.4217, 2.5991, 4.063, (gDx*20,gDy*4,gDz*0)),rgb(0,1,0.53125));
		draw(
			ellipsoid( (-0.037102,-0.54273,0.83909), (0.53621,0.69774,0.47501), (-0.84327,0.46755,0.26513), 1.5941, 2.6748, 3.9022, (gDx*21,gDy*4,gDz*0)),rgb(0,1,0.25));
		draw(
			ellipsoid( (-0.10697,-0.39577,0.9121), (0.54951,0.74099,0.38597), (-0.82861,0.54249,0.13821), 1.7911, 2.7264, 3.7665, (gDx*22,gDy*4,gDz*0)),rgb(0,1,0.0625));
		draw(
			ellipsoid( (-0.19702,-0.19275,0.96126), (0.62894,0.72729,0.27474), (-0.75208,0.65871,-0.022061), 1.8928, 2.7967, 3.8335, (gDx*23,gDy*4,gDz*0)),rgb(0.03125,1,0));
		draw(
			ellipsoid( (-0.28448,-0.023287,0.9584), (-0.72772,-0.64556,-0.23169), (0.6241,-0.76336,0.1667), 1.8716, 2.8658, 4.1746, (gDx*24,gDy*4,gDz*0)),rgb(0,1,0.15625));
		draw(
			ellipsoid( (0.12665,-0.16595,0.97797), (-0.87378,-0.48535,0.030801), (0.46955,-0.85843,-0.20647), 0.82348, 1.5479, 3.585, (gDx*0,gDy*5,gDz*0)),rgb(0,1,1));
		draw(
			ellipsoid( (0.092279,-0.34461,0.9342), (-0.96633,-0.25732,0.00053069), (0.24021,-0.90279,-0.35675), 0.9238, 1.6412, 2.897, (gDx*1,gDy*5,gDz*0)),rgb(0,1,0.625));
		draw(
			ellipsoid( (0.20762,-0.5237,0.82622), (-0.97207,-0.015949,0.23417), (-0.10945,-0.85176,-0.51238), 0.92458, 1.5523, 2.9418, (gDx*2,gDy*5,gDz*0)),rgb(0,1,0.625));
		draw(
			ellipsoid( (-0.23229,0.65282,-0.72102), (0.92207,-0.088131,-0.37686), (0.30957,0.75237,0.58148), 0.9672, 1.5373, 3.1238, (gDx*3,gDy*5,gDz*0)),rgb(0,1,0.71875));
		draw(
			ellipsoid( (-0.24408,0.75686,-0.60629), (0.87291,-0.10088,-0.47734), (0.42244,0.64574,0.63605), 1.0363, 1.6095, 3.1359, (gDx*4,gDy*5,gDz*0)),rgb(0,1,0.625));
		draw(
			ellipsoid( (-0.23669,0.83967,-0.4888), (-0.82685,0.090096,0.55516), (0.51019,0.53557,0.67296), 1.0743, 1.7061, 3.1049, (gDx*5,gDy*5,gDz*0)),rgb(0,1,0.53125));
		draw(
			ellipsoid( (-0.23836,0.83603,-0.4942), (-0.82473,0.094462,0.55758), (0.51284,0.54049,0.66698), 1.1604, 1.774, 2.7721, (gDx*6,gDy*5,gDz*0)),rgb(0,1,0.25));
		draw(
			ellipsoid( (-0.3446,0.78168,-0.51983), (-0.79606,0.050152,0.60314), (0.49753,0.62166,0.60498), 1.2601, 1.8067, 2.4758, (gDx*7,gDy*5,gDz*0)),rgb(0.125,1,0));
		draw(
			ellipsoid( (0.48206,-0.66806,0.56685), (-0.72395,0.06068,0.68718), (-0.49347,-0.74163,-0.45439), 1.3278, 1.8441, 2.2746, (gDx*8,gDy*5,gDz*0)),rgb(0.40625,1,0));
		draw(
			ellipsoid( (-0.59949,0.48022,-0.64031), (-0.61662,0.23294,0.75201), (-0.51028,-0.84565,-0.15646), 1.3305, 1.8659, 2.2186, (gDx*9,gDy*5,gDz*0)),rgb(0.40625,1,0));
		draw(
			ellipsoid( (0.40175,-0.34294,0.84911), (-0.42664,-0.89055,-0.15782), (0.8103,-0.29886,-0.50409), 1.5801, 1.9585, 2.1097, (gDx*10,gDy*5,gDz*0)),rgb(0.96875,1,0));
		draw(
			ellipsoid( (0.45336,0.88834,-0.072968), (-0.23495,0.040133,-0.97118), (-0.85981,0.45743,0.22691), 1.696, 1.759, 2.592, (gDx*11,gDy*5,gDz*0)),rgb(0.5,1,0));
		draw(
			ellipsoid( (0.44658,0.86494,-0.22903), (0.18025,0.16375,0.96989), (-0.8764,0.47442,0.082777), 1.4684, 1.9713, 3.3176, (gDx*12,gDy*5,gDz*0)),rgb(0,1,0.15625));
		draw(
			ellipsoid( (0.42126,0.85943,-0.2897), (0.16059,0.2437,0.95646), (-0.89261,0.44944,0.035355), 1.3052, 2.2183, 3.8702, (gDx*13,gDy*5,gDz*0)),rgb(0,1,0.53125));
		draw(
			ellipsoid( (0.30798,0.90821,-0.28337), (0.19379,0.23172,0.95329), (-0.93145,0.34851,0.10464), 1.2564, 2.2951, 3.7128, (gDx*14,gDy*5,gDz*0)),rgb(0,1,0.53125));
		draw(
			ellipsoid( (-0.15408,-0.95806,0.24161), (0.27839,0.19253,0.94097), (-0.94803,0.21225,0.23705), 1.1463, 2.2688, 3.6077, (gDx*15,gDy*5,gDz*0)),rgb(0,1,0.625));
		draw(
			ellipsoid( (0.025824,0.97467,-0.22214), (-0.35705,-0.19857,-0.91274), (-0.93373,0.10289,0.34288), 0.98027, 2.2252, 3.7703, (gDx*16,gDy*5,gDz*0)),rgb(0,1,0.90625));
		draw(
			ellipsoid( (-0.013586,0.94567,-0.32485), (-0.38619,-0.30464,-0.87067), (-0.92232,0.11362,0.36934), 1.1604, 2.1963, 3.8235, (gDx*17,gDy*5,gDz*0)),rgb(0,1,0.71875));
		draw(
			ellipsoid( (0.032606,-0.88136,0.47132), (0.4237,0.43928,0.79215), (-0.90522,0.17387,0.38776), 1.335, 2.2722, 3.867, (gDx*18,gDy*5,gDz*0)),rgb(0,1,0.53125));
		draw(
			ellipsoid( (0.034074,-0.7864,0.61678), (0.49607,0.54905,0.67265), (-0.86761,0.28304,0.40882), 1.4726, 2.4236, 3.9093, (gDx*19,gDy*5,gDz*0)),rgb(0,1,0.4375));
		draw(
			ellipsoid( (0.0080636,-0.70584,0.70832), (0.58424,0.5782,0.56952), (-0.81154,0.40924,0.41704), 1.596, 2.5843, 3.9399, (gDx*20,gDy*5,gDz*0)),rgb(0,1,0.34375));
		draw(
			ellipsoid( (-0.042091,-0.6061,0.79428), (0.62419,0.60479,0.49458), (-0.78014,0.5166,0.35286), 1.7239, 2.6868, 3.8098, (gDx*21,gDy*5,gDz*0)),rgb(0,1,0.15625));
		draw(
			ellipsoid( (-0.10706,-0.45876,0.88209), (0.64673,0.64172,0.41224), (-0.75517,0.6146,0.22799), 1.8574, 2.7831, 3.6884, (gDx*22,gDy*5,gDz*0)),rgb(0.03125,1,0));
		draw(
			ellipsoid( (-0.19322,-0.28536,0.93874), (0.72556,0.6025,0.33249), (-0.66047,0.74536,0.090629), 1.8974, 2.8945, 3.7523, (gDx*23,gDy*5,gDz*0)),rgb(0.03125,1,0));
		draw(
			ellipsoid( (-0.27928,-0.14526,0.94916), (0.80211,0.5081,0.31377), (-0.52785,0.84896,-0.025382), 1.8423, 2.994, 4.0383, (gDx*24,gDy*5,gDz*0)),rgb(0,1,0.15625));
		draw(
			ellipsoid( (0.054779,-0.09781,0.9937), (-0.99282,-0.1113,0.043776), (0.10631,-0.98896,-0.1032), 0.84417, 1.6525, 3.1072, (gDx*0,gDy*6,gDz*0)),rgb(0,1,0.8125));
		draw(
			ellipsoid( (0.052559,-0.23884,0.96964), (-0.99443,0.076351,0.07271), (-0.091399,-0.96805,-0.23349), 0.92789, 1.6626, 2.8709, (gDx*1,gDy*6,gDz*0)),rgb(0,1,0.625));
		draw(
			ellipsoid( (0.12483,-0.40991,0.90354), (-0.95416,0.20008,0.22259), (-0.27202,-0.88991,-0.36615), 0.94617, 1.6084, 2.9746, (gDx*2,gDy*6,gDz*0)),rgb(0,1,0.625));
		draw(
			ellipsoid( (0.16452,-0.5676,0.8067), (-0.89339,0.2609,0.36577), (-0.41808,-0.78087,-0.46416), 0.96237, 1.6159, 3.142, (gDx*3,gDy*6,gDz*0)),rgb(0,1,0.71875));
		draw(
			ellipsoid( (-0.17729,0.71475,-0.67653), (0.83356,-0.25639,-0.48932), (0.5232,0.65069,0.55034), 1.0384, 1.6688, 3.1133, (gDx*4,gDy*6,gDz*0)),rgb(0,1,0.625));
		draw(
			ellipsoid( (-0.14879,0.83861,-0.52402), (-0.78398,0.22293,0.57938), (0.6027,0.49702,0.62428), 1.0712, 1.7579, 3.0074, (gDx*5,gDy*6,gDz*0)),rgb(0,1,0.53125));
		draw(
			ellipsoid( (-0.10526,0.91268,-0.3949), (-0.74807,0.18897,0.63615), (0.65522,0.36237,0.66285), 1.0357, 1.8665, 2.9893, (gDx*6,gDy*6,gDz*0)),rgb(0,1,0.53125));
		draw(
			ellipsoid( (-0.13768,0.91512,-0.37895), (-0.68961,0.18606,0.69987), (0.71097,0.35769,0.60546), 1.0797, 1.9349, 2.7853, (gDx*7,gDy*6,gDz*0)),rgb(0,1,0.34375));
		draw(
			ellipsoid( (-0.262,0.88072,-0.39459), (0.57472,-0.18607,-0.79691), (-0.77528,-0.43557,-0.45742), 1.1534, 1.9257, 2.5737, (gDx*8,gDy*6,gDz*0)),rgb(0,1,0.15625));
		draw(
			ellipsoid( (-0.40325,0.80897,-0.42774), (-0.40495,0.26141,0.87617), (-0.82061,-0.52653,-0.22218), 1.2007, 1.889, 2.5071, (gDx*9,gDy*6,gDz*0)),rgb(0,1,0.0625));
		draw(
			ellipsoid( (-0.47671,0.74791,-0.46193), (-0.33734,0.32961,0.8818), (-0.81176,-0.57619,-0.095172), 1.3425, 1.9171, 2.4386, (gDx*10,gDy*6,gDz*0)),rgb(0.21875,1,0));
		draw(
			ellipsoid( (-0.51672,0.67109,-0.53163), (-0.38676,0.37102,0.84425), (-0.76382,-0.64185,-0.067841), 1.5647, 1.9867, 2.3021, (gDx*11,gDy*6,gDz*0)),rgb(0.6875,1,0));
		draw(
			ellipsoid( (-0.16119,-0.6661,0.72823), (0.97924,-0.016072,0.20206), (-0.12289,0.74569,0.65487), 1.8305, 2.0545, 2.2724, (gDx*12,gDy*6,gDz*0)),rgb(1,0.75,0));
		draw(
			ellipsoid( (0.6703,0.60663,-0.42743), (0.51354,0.036589,0.85728), (-0.53569,0.79414,0.287), 1.6581, 2.2942, 2.6823, (gDx*13,gDy*6,gDz*0)),rgb(0.5,1,0));
		draw(
			ellipsoid( (0.51908,0.72747,-0.44872), (0.42725,0.23386,0.87337), (-0.74028,0.64506,0.18942), 1.5179, 2.479, 2.8819, (gDx*14,gDy*6,gDz*0)),rgb(0.125,1,0));
		draw(
			ellipsoid( (0.32656,0.84397,-0.42553), (0.41509,0.27642,0.86677), (-0.84915,0.45968,0.26005), 1.4875, 2.4406, 2.9139, (gDx*15,gDy*6,gDz*0)),rgb(0.03125,1,0));
		draw(
			ellipsoid( (-0.17034,-0.90442,0.39116), (0.38342,0.30485,0.87181), (0.90773,-0.29849,-0.29484), 1.3727, 2.4026, 3.1297, (gDx*16,gDy*6,gDz*0)),rgb(0,1,0.25));
		draw(
			ellipsoid( (-0.11992,-0.90351,0.41144), (-0.47231,-0.3126,-0.82414), (-0.87324,0.29316,0.38925), 1.4424, 2.3857, 3.3317, (gDx*17,gDy*6,gDz*0)),rgb(0,1,0.25));
		draw(
			ellipsoid( (-0.068213,-0.89346,0.44393), (0.52824,0.34513,0.77579), (-0.84635,0.28742,0.44842), 1.5142, 2.3851, 3.5717, (gDx*18,gDy*6,gDz*0)),rgb(0,1,0.25));
		draw(
			ellipsoid( (-0.044348,-0.86425,0.5011), (0.60557,0.37568,0.70153), (-0.79456,0.33456,0.5067), 1.596, 2.4484, 3.7653, (gDx*19,gDy*6,gDz*0)),rgb(0,1,0.25));
		draw(
			ellipsoid( (-0.060601,-0.79612,0.6021), (0.66247,0.41912,0.62086), (-0.74663,0.4365,0.50201), 1.7339, 2.5729, 3.7668, (gDx*20,gDy*6,gDz*0)),rgb(0,1,0.0625));
		draw(
			ellipsoid( (-0.095944,-0.69354,0.714), (0.7175,0.44899,0.53254), (-0.68992,0.56339,0.45454), 1.845, 2.6892, 3.6935, (gDx*21,gDy*6,gDz*0)),rgb(0.03125,1,0));
		draw(
			ellipsoid( (-0.134,-0.53073,0.83688), (0.75898,0.48803,0.43102), (-0.63718,0.69293,0.33742), 1.9189, 2.8096, 3.6204, (gDx*22,gDy*6,gDz*0)),rgb(0.125,1,0));
		draw(
			ellipsoid( (-0.19318,-0.3642,0.91107), (0.84369,0.41236,0.34373), (-0.50087,0.83506,0.22761), 1.8929, 2.9402, 3.7359, (gDx*23,gDy*6,gDz*0)),rgb(0.03125,1,0));
		draw(
			ellipsoid( (-0.25417,-0.24081,0.9367), (0.90117,0.29265,0.31976), (-0.35112,0.9254,0.14263), 1.7926, 3.0488, 4.0524, (gDx*24,gDy*6,gDz*0)),rgb(0,1,0.15625));
		draw(
			ellipsoid( (0.10645,0.040129,0.99351), (0.9191,-0.38519,-0.082923), (0.37937,0.92196,-0.077889), 0.86065, 1.5817, 2.9113, (gDx*0,gDy*7,gDz*0)),rgb(0,1,0.71875));
		draw(
			ellipsoid( (0.11222,-0.12296,0.98605), (-0.88482,0.43923,0.15547), (-0.45222,-0.88992,-0.059502), 0.96321, 1.6442, 2.8436, (gDx*1,gDy*7,gDz*0)),rgb(0,1,0.53125));
		draw(
			ellipsoid( (0.12785,-0.31393,0.9408), (-0.86207,0.43386,0.26192), (-0.4904,-0.84452,-0.21516), 0.99799, 1.7219, 2.9777, (gDx*2,gDy*7,gDz*0)),rgb(0,1,0.53125));
		draw(
			ellipsoid( (0.14623,-0.49421,0.85696), (-0.82337,0.41938,0.38235), (-0.54835,-0.7615,-0.34559), 1.033, 1.7419, 3.094, (gDx*3,gDy*7,gDz*0)),rgb(0,1,0.625));
		draw(
			ellipsoid( (-0.14148,0.6545,-0.7427), (0.77851,-0.38986,-0.49186), (-0.61148,-0.64779,-0.45438), 1.0717, 1.7866, 3.08, (gDx*4,gDy*7,gDz*0)),rgb(0,1,0.53125));
		draw(
			ellipsoid( (-0.095351,0.79698,-0.59644), (0.70579,-0.3684,-0.6051), (0.70198,0.47865,0.52737), 1.1051, 1.8531, 2.8857, (gDx*5,gDy*7,gDz*0)),rgb(0,1,0.34375));
		draw(
			ellipsoid( (-0.039461,0.90709,-0.41908), (-0.671,0.28672,0.68378), (0.74041,0.30818,0.59734), 1.0349, 1.9414, 2.9413, (gDx*6,gDy*7,gDz*0)),rgb(0,1,0.53125));
		draw(
			ellipsoid( (-0.01277,0.94257,-0.33377), (-0.64133,0.24838,0.72595), (0.76715,0.22333,0.60133), 1.0202, 2.012, 2.8648, (gDx*7,gDy*7,gDz*0)),rgb(0,1,0.53125));
		draw(
			ellipsoid( (-0.076869,0.94463,-0.319), (0.49395,-0.24184,-0.83518), (-0.86609,-0.22177,-0.44801), 1.0684, 1.98, 2.6624, (gDx*8,gDy*7,gDz*0)),rgb(0,1,0.34375));
		draw(
			ellipsoid( (-0.21729,0.9204,-0.32504), (-0.3385,0.24128,0.90951), (-0.91553,-0.30765,-0.25913), 1.1333, 1.9017, 2.5856, (gDx*9,gDy*7,gDz*0)),rgb(0,1,0.15625));
		draw(
			ellipsoid( (-0.40062,0.86845,-0.29206), (-0.254,0.20099,0.94609), (-0.88034,-0.4532,-0.14006), 1.177, 1.8506, 2.5876, (gDx*10,gDy*7,gDz*0)),rgb(0,1,0.15625));
		draw(
			ellipsoid( (-0.57453,0.79536,-0.1932), (-0.1828,0.10539,0.97749), (-0.79781,-0.59691,-0.084841), 1.1693, 1.9005, 2.6549, (gDx*11,gDy*7,gDz*0)),rgb(0,1,0.15625));
		draw(
			ellipsoid( (0.69979,-0.70594,0.10927), (0.21196,0.059118,-0.97549), (0.68218,0.7058,0.191), 1.2703, 2.0666, 2.6847, (gDx*12,gDy*7,gDz*0)),rgb(0,1,0.0625));
		draw(
			ellipsoid( (0.84544,-0.53398,-0.0098728), (0.25712,0.42316,-0.86881), (0.4681,0.73198,0.49505), 1.532, 2.1178, 2.6529, (gDx*13,gDy*7,gDz*0)),rgb(0.3125,1,0));
		draw(
			ellipsoid( (-0.93013,-0.019324,0.36672), (0.28703,-0.66115,0.69318), (0.22906,0.75001,0.6205), 1.6584, 2.2015, 2.7538, (gDx*14,gDy*7,gDz*0)),rgb(0.40625,1,0));
		draw(
			ellipsoid( (-0.66703,-0.45088,0.59311), (0.74466,-0.42862,0.51164), (0.023533,0.78294,0.62165), 1.7342, 2.4044, 2.7759, (gDx*15,gDy*7,gDz*0)),rgb(0.5,1,0));
		draw(
			ellipsoid( (-0.48148,-0.64446,0.59401), (-0.7032,-0.12048,-0.70071), (-0.52315,0.75509,0.39517), 1.714, 2.5867, 2.9677, (gDx*16,gDy*7,gDz*0)),rgb(0.3125,1,0));
		draw(
			ellipsoid( (0.35902,0.7722,-0.52423), (-0.68424,-0.16424,-0.71052), (-0.63476,0.61379,0.4694), 1.7695, 2.5588, 3.0503, (gDx*17,gDy*7,gDz*0)),rgb(0.3125,1,0));
		draw(
			ellipsoid( (-0.2432,-0.86217,0.44442), (0.66472,0.18553,0.72369), (-0.7064,0.47142,0.52798), 1.7578, 2.531, 3.259, (gDx*18,gDy*7,gDz*0)),rgb(0.21875,1,0));
		draw(
			ellipsoid( (-0.19324,-0.88263,0.42852), (0.71065,0.17523,0.68138), (-0.67649,0.43619,0.59338), 1.7728, 2.579, 3.4381, (gDx*19,gDy*7,gDz*0)),rgb(0.125,1,0));
		draw(
			ellipsoid( (-0.19725,-0.84232,0.50159), (0.77191,0.18197,0.60913), (-0.60436,0.50733,0.6143), 1.8376, 2.6703, 3.5043, (gDx*20,gDy*7,gDz*0)),rgb(0.125,1,0));
		draw(
			ellipsoid( (-0.23631,-0.76412,0.60023), (0.80845,0.18807,0.5577), (-0.53904,0.61705,0.57331), 1.9188, 2.7609, 3.5234, (gDx*21,gDy*7,gDz*0)),rgb(0.21875,1,0));
		draw(
			ellipsoid( (-0.27353,-0.63447,0.72293), (0.82214,0.2359,0.51811), (-0.49927,0.73606,0.4571), 1.9976, 2.8269, 3.495, (gDx*22,gDy*7,gDz*0)),rgb(0.3125,1,0));
		draw(
			ellipsoid( (-0.3082,-0.48066,0.82096), (0.85793,0.23245,0.45817), (-0.41105,0.84554,0.34074), 1.9973, 2.9018, 3.6006, (gDx*23,gDy*7,gDz*0)),rgb(0.21875,1,0));
		draw(
			ellipsoid( (-0.33673,-0.3491,0.8745), (0.88912,0.18785,0.41735), (-0.30997,0.91807,0.24714), 1.9292, 2.9784, 3.8402, (gDx*24,gDy*7,gDz*0)),rgb(0.03125,1,0));
		draw(
			ellipsoid( (0.095981,0.24553,0.96463), (-0.81244,0.57923,-0.066597), (-0.5751,-0.7773,0.25507), 0.87738, 1.3011, 3.3191, (gDx*0,gDy*8,gDz*0)),rgb(0,1,0.90625));
		draw(
			ellipsoid( (0.11553,0.041741,0.99243), (0.76599,-0.63984,-0.062255), (0.63239,0.76738,-0.10589), 0.99574, 1.4981, 3.1529, (gDx*1,gDy*8,gDz*0)),rgb(0,1,0.71875));
		draw(
			ellipsoid( (0.095338,-0.17623,0.97972), (-0.74413,0.64111,0.18774), (-0.6612,-0.74694,-0.070019), 1.0218, 1.7501, 3.2634, (gDx*2,gDy*8,gDz*0)),rgb(0,1,0.625));
		draw(
			ellipsoid( (0.11696,-0.38604,0.91504), (-0.71987,0.60178,0.3459), (-0.68418,-0.69917,-0.20751), 1.0867, 1.8306, 3.1744, (gDx*3,gDy*8,gDz*0)),rgb(0,1,0.53125));
		draw(
			ellipsoid( (0.1196,-0.57533,0.80913), (-0.68327,0.54358,0.48751), (-0.72031,-0.61116,-0.32809), 1.1092, 1.9271, 3.0758, (gDx*4,gDy*8,gDz*0)),rgb(0,1,0.4375));
		draw(
			ellipsoid( (-0.062011,0.73023,-0.68039), (0.5915,-0.5222,-0.61436), (-0.80392,-0.44055,-0.39955), 1.1503, 1.9375, 2.8352, (gDx*5,gDy*8,gDz*0)),rgb(0,1,0.34375));
		draw(
			ellipsoid( (-0.010388,-0.86491,0.50181), (-0.5641,0.41943,0.71125), (-0.82564,-0.27568,-0.49225), 1.0926, 1.976, 2.8115, (gDx*6,gDy*8,gDz*0)),rgb(0,1,0.34375));
		draw(
			ellipsoid( (-0.074767,-0.92119,0.38187), (-0.55933,0.35577,0.74872), (-0.82557,-0.15761,-0.54185), 1.0647, 2.0169, 2.7385, (gDx*7,gDy*8,gDz*0)),rgb(0,1,0.4375));
		draw(
			ellipsoid( (-0.081015,-0.94802,0.30773), (-0.47612,0.30805,0.82366), (-0.87564,-0.07979,-0.47633), 1.105, 2.0141, 2.5667, (gDx*8,gDy*8,gDz*0)),rgb(0,1,0.25));
		draw(
			ellipsoid( (-0.032754,-0.96972,0.24202), (-0.33339,0.23888,0.91202), (0.94222,0.050815,0.33112), 1.1862, 1.9935, 2.4074, (gDx*9,gDy*8,gDz*0)),rgb(0,1,0.0625));
		draw(
			ellipsoid( (-0.10418,0.98023,-0.16819), (-0.19648,0.14549,0.96965), (-0.97496,-0.13406,-0.17744), 1.2546, 1.9879, 2.3677, (gDx*10,gDy*8,gDz*0)),rgb(0.125,1,0));
		draw(
			ellipsoid( (-0.26969,0.95958,-0.08049), (-0.099729,0.055305,0.99348), (-0.95777,-0.27596,-0.080782), 1.278, 2.0413, 2.4267, (gDx*11,gDy*8,gDz*0)),rgb(0.125,1,0));
		draw(
			ellipsoid( (0.40025,-0.91638,0.0074717), (0.055593,0.016142,-0.99832), (0.91472,0.39999,0.057405), 1.2804, 2.1526, 2.6093, (gDx*12,gDy*8,gDz*0)),rgb(0,1,0.0625));
		draw(
			ellipsoid( (0.49209,-0.86923,-0.047771), (-0.027431,-0.070331,0.99715), (0.87011,0.48938,0.058453), 1.2822, 2.2741, 2.8429, (gDx*13,gDy*8,gDz*0)),rgb(0,1,0.15625));
		draw(
			ellipsoid( (0.56754,-0.81621,-0.10816), (0.22081,0.27744,-0.93502), (0.79318,0.50678,0.33769), 1.6227, 2.2609, 2.8038, (gDx*14,gDy*8,gDz*0)),rgb(0.3125,1,0));
		draw(
			ellipsoid( (-0.75226,0.47076,0.46096), (0.014469,-0.68766,0.72589), (0.6587,0.55273,0.51049), 1.9567, 2.2727, 2.8687, (gDx*15,gDy*8,gDz*0)),rgb(0.78125,1,0));
		draw(
			ellipsoid( (-0.66816,-0.15059,0.72862), (0.66764,-0.55354,0.49784), (0.32835,0.8191,0.47039), 2.0049, 2.5504, 2.9154, (gDx*16,gDy*8,gDz*0)),rgb(0.78125,1,0));
		draw(
			ellipsoid( (-0.6071,-0.38776,0.69359), (0.79461,-0.30233,0.5265), (0.0055419,0.87077,0.49166), 2.0465, 2.5839, 2.9231, (gDx*17,gDy*8,gDz*0)),rgb(0.78125,1,0));
		draw(
			ellipsoid( (-0.51906,-0.61542,0.59316), (0.84979,-0.29702,0.43547), (-0.091818,0.7301,0.67715), 2.0709, 2.6261, 2.9577, (gDx*18,gDy*8,gDz*0)),rgb(0.78125,1,0));
		draw(
			ellipsoid( (0.42227,0.76692,-0.48324), (0.87863,-0.21518,0.42627), (-0.22293,0.60459,0.76471), 2.0082, 2.6795, 3.1126, (gDx*19,gDy*8,gDz*0)),rgb(0.59375,1,0));
		draw(
			ellipsoid( (-0.37926,-0.80514,0.45597), (0.88413,-0.16999,0.43522), (0.2729,-0.5682,-0.77632), 1.9338, 2.7446, 3.3353, (gDx*20,gDy*8,gDz*0)),rgb(0.3125,1,0));
		draw(
			ellipsoid( (-0.38277,-0.7811,0.49333), (0.88555,-0.15806,0.43683), (0.26323,-0.60407,-0.7522), 1.9415, 2.8198, 3.4698, (gDx*21,gDy*8,gDz*0)),rgb(0.21875,1,0));
		draw(
			ellipsoid( (-0.42135,-0.68994,0.58859), (0.86784,-0.11833,0.48255), (-0.26328,0.71413,0.64862), 2.0138, 2.8613, 3.4563, (gDx*22,gDy*8,gDz*0)),rgb(0.3125,1,0));
		draw(
			ellipsoid( (-0.44406,-0.57941,0.68344), (0.85928,-0.059291,0.50805), (-0.25385,0.81287,0.52421), 2.0395, 2.8985, 3.5298, (gDx*23,gDy*8,gDz*0)),rgb(0.3125,1,0));
		draw(
			ellipsoid( (-0.44822,-0.47019,0.76028), (0.86451,-0.011622,0.50248), (-0.22742,0.88249,0.41169), 2.0179, 2.9344, 3.6915, (gDx*24,gDy*8,gDz*0)),rgb(0.21875,1,0));
		draw(
			ellipsoid( (0.34392,0.26613,0.90049), (0.72316,-0.68679,-0.073219), (-0.59897,-0.67638,0.42866), 0.9117, 1.2671, 3.2761, (gDx*0,gDy*9,gDz*0)),rgb(0,1,0.90625));
		draw(
			ellipsoid( (0.21844,0.12782,0.96744), (0.68244,-0.72865,-0.057823), (0.69754,0.67285,-0.24639), 1.0343, 1.5061, 3.1455, (gDx*1,gDy*9,gDz*0)),rgb(0,1,0.625));
		draw(
			ellipsoid( (0.10193,-0.058771,0.99305), (0.62206,-0.77524,-0.10973), (0.77631,0.62892,-0.04246), 1.0311, 1.7793, 3.4578, (gDx*2,gDy*9,gDz*0)),rgb(0,1,0.71875));
		draw(
			ellipsoid( (0.11636,-0.27229,0.95515), (-0.56545,0.77246,0.28909), (-0.81653,-0.57373,-0.064079), 1.1065, 1.891, 3.2906, (gDx*3,gDy*9,gDz*0)),rgb(0,1,0.53125));
		draw(
			ellipsoid( (0.10574,-0.47797,0.87199), (-0.55405,0.69986,0.45081), (-0.82574,-0.53079,-0.19081), 1.1264, 2.0413, 3.1792, (gDx*4,gDy*9,gDz*0)),rgb(0,1,0.53125));
		draw(
			ellipsoid( (0.038743,-0.63936,0.76793), (-0.44392,0.6775,0.58646), (-0.89523,-0.36362,-0.25757), 1.1758, 2.0055, 2.8645, (gDx*5,gDy*9,gDz*0)),rgb(0,1,0.25));
		draw(
