	import three;
	import settings;

	surface ellipsoid(triple v1,triple v2,triple v3,real l1,real l2, real l3, triple pos=O) {
		transform3 T = identity(4);
		T[0][0] = l1*v1.x;
		T[1][0] = l1*v1.y;
		T[2][0] = l1*v1.z;
		T[0][1] = l2*v2.x;
		T[1][1] = l2*v2.y;
		T[2][1] = l2*v2.z;
		T[0][2] = l3*v3.x;
		T[1][2] = l3*v3.y;
		T[2][2] = l3*v3.z;
		T[0][3] = pos.x;
		T[1][3] = pos.y;
		T[2][3] = pos.z;
		return T*unitsphere;
	}

	size(200);

	real gDx=4;
	real gDy=4;
	real gDz=4;

	currentprojection=perspective( camera=(gDx*12,gDy*12,25),up=Y, target=(gDx*12,gDy*12,gDz*-0.5));
		draw(
			ellipsoid( (0.052523,-0.094216,-0.99417), (0.98669,0.1583,0.037127), (-0.15388,0.98289,-0.10128), 3.6275, 1.2604, 0.9782, (gDx*0,gDy*0,gDz*0)),rgb(0,1,0.90625));
		draw(
			ellipsoid( (0.31713,-0.15414,-0.93577), (-0.94536,0.027396,-0.32489), (-0.075713,-0.98767,0.13702), 3.0772, 1.5555, 1.0393, (gDx*1,gDy*0,gDz*0)),rgb(0,1,0.625));
		draw(
			ellipsoid( (0.69361,-0.22329,-0.68487), (-0.70688,-0.027997,-0.70678), (-0.13864,-0.97435,0.17726), 3.1842, 1.5268, 1.0691, (gDx*2,gDy*0,gDz*0)),rgb(0,1,0.625));
		draw(
			ellipsoid( (-0.86334,0.23653,0.44576), (0.39674,-0.22773,0.88923), (-0.31184,-0.94456,-0.10277), 3.3748, 1.2811, 1.1199, (gDx*3,gDy*0,gDz*0)),rgb(0,1,0.71875));
		draw(
			ellipsoid( (0.93582,-0.1844,-0.30041), (-0.33352,-0.73903,-0.58531), (0.11408,-0.64794,0.7531), 3.2984, 1.1362, 1.3254, (gDx*4,gDy*0,gDz*0)),rgb(0,1,0.625));
		draw(
			ellipsoid( (0.98213,-0.10598,-0.15551), (-0.18619,-0.66744,-0.72101), (0.027375,-0.73708,0.67525), 3.319, 1.057, 1.4109, (gDx*5,gDy*0,gDz*0)),rgb(0,1,0.71875));
		draw(
			ellipsoid( (0.99861,-0.024679,-0.046666), (-0.050725,-0.69343,-0.71873), (0.014622,-0.7201,0.69372), 3.4052, 0.93023, 1.456, (gDx*6,gDy*0,gDz*0)),rgb(0,1,0.8125));
		draw(
			ellipsoid( (0.99878,0.044175,0.02201), (0.047636,-0.74614,-0.66408), (0.012913,-0.66432,0.74733), 3.3694, 0.81374, 1.4231, (gDx*7,gDy*0,gDz*0)),rgb(0,1,1));
		draw(
			ellipsoid( (0.99355,0.091816,0.066586), (0.11342,-0.80137,-0.58732), (0.0005658,-0.59108,0.80661), 3.208, 0.72294, 1.4146, (gDx*8,gDy*0,gDz*0)),rgb(0,1,1));
		draw(
			ellipsoid( (0.98691,0.14136,0.077679), (0.16058,-0.81574,-0.55568), (0.015183,-0.56088,0.82776), 2.9891, 0.71849, 1.398, (gDx*9,gDy*0,gDz*0)),rgb(0,1,1));
		draw(
			ellipsoid( (-0.91379,-0.40563,-0.021362), (-0.35224,0.76514,0.53897), (0.20228,-0.50003,0.84205), 2.6185, 1.0245, 1.5953, (gDx*10,gDy*0,gDz*0)),rgb(0,1,0.34375));
		draw(
			ellipsoid( (-0.57507,-0.81483,0.073111), (-0.78037,0.57317,0.25), (0.24562,-0.086714,0.96548), 2.7228, 1.2468, 1.7126, (gDx*11,gDy*0,gDz*0)),rgb(0,1,0.0625));
		draw(
			ellipsoid( (0.34262,0.93941,0.010528), (0.93873,-0.34278,0.035928), (-0.03736,0.002427,0.9993), 3.7929, 0.97938, 1.8472, (gDx*12,gDy*0,gDz*0)),rgb(0,1,0.90625));
		draw(
			ellipsoid( (0.44866,0.89367,-0.0071837), (0.892,-0.44729,0.06538), (-0.055215,0.035741,0.99783), 4.1914, 1.0897, 1.7694, (gDx*13,gDy*0,gDz*0)),rgb(0,1,0.90625));
		draw(
			ellipsoid( (0.68844,0.72064,-0.08201), (0.72275,-0.67218,0.16068), (-0.060663,0.16989,0.98359), 4.0694, 1.059, 1.8985, (gDx*14,gDy*0,gDz*0)),rgb(0,1,0.90625));
		draw(
			ellipsoid( (0.83236,0.53591,-0.14137), (0.55419,-0.80149,0.22467), (-0.0070971,0.26535,0.96412), 4.2375, 0.99374, 1.9323, (gDx*15,gDy*0,gDz*0)),rgb(0,1,1));
		draw(
			ellipsoid( (0.9202,0.36397,-0.14407), (0.39042,-0.82671,0.40512), (-0.028344,0.42904,0.90284), 4.2444, 1.0513, 1.8902, (gDx*16,gDy*0,gDz*0)),rgb(0,1,0.90625));
		draw(
			ellipsoid( (0.97549,0.17522,-0.13311), (0.21989,-0.75328,0.61985), (-0.008344,0.63392,0.77335), 4.293, 1.0482, 1.8655, (gDx*17,gDy*0,gDz*0)),rgb(0,1,1));
		draw(
			ellipsoid( (0.99562,0.045657,-0.081569), (0.091809,-0.64172,0.76142), (0.01758,0.76558,0.6431), 4.2976, 1.0817, 1.9865, (gDx*18,gDy*0,gDz*0)),rgb(0,1,0.90625));
		draw(
			ellipsoid( (0.99823,-0.05632,0.019135), (-0.046061,-0.52836,0.84777), (0.037636,0.84715,0.53002), 4.0486, 1.1632, 2.1058, (gDx*19,gDy*0,gDz*0)),rgb(0,1,0.8125));
		draw(
			ellipsoid( (0.97487,-0.18245,0.12781), (-0.1954,-0.42489,0.8839), (0.10697,0.88667,0.44986), 3.9767, 1.1528, 2.2324, (gDx*20,gDy*0,gDz*0)),rgb(0,1,0.71875));
		draw(
			ellipsoid( (0.94954,-0.22131,0.22224), (-0.29125,-0.35927,0.88662), (0.11638,0.90661,0.4056), 3.9436, 1.2307, 2.2522, (gDx*21,gDy*0,gDz*0)),rgb(0,1,0.625));
		draw(
			ellipsoid( (0.9162,-0.24664,0.31582), (-0.37989,-0.2838,0.88042), (0.12752,0.92662,0.35371), 3.9588, 1.3111, 2.2538, (gDx*22,gDy*0,gDz*0)),rgb(0,1,0.625));
		draw(
			ellipsoid( (0.83922,-0.29695,0.45555), (-0.52971,-0.25702,0.8083), (0.12294,0.91965,0.37299), 3.6137, 1.6283, 2.3767, (gDx*23,gDy*0,gDz*0)),rgb(0,1,0.15625));
		draw(
			ellipsoid( (0.6531,-0.34947,0.67181), (-0.75186,-0.1934,0.63032), (0.090345,0.91677,0.38906), 3.6307, 1.8362, 2.5078, (gDx*24,gDy*0,gDz*0)),rgb(0.03125,1,0));
		draw(
			ellipsoid( (0.27677,-0.28117,-0.91888), (-0.95948,-0.028241,-0.28035), (-0.052877,-0.95924,0.27759), 3.2982, 1.2578, 1.0621, (gDx*0,gDy*1,gDz*0)),rgb(0,1,0.71875));
		draw(
			ellipsoid( (0.2664,-0.3137,-0.91139), (-0.94726,-0.25993,-0.18742), (0.17811,-0.91325,0.3664), 3.1334, 1.2936, 1.1247, (gDx*1,gDy*1,gDz*0)),rgb(0,1,0.625));
		draw(
			ellipsoid( (0.42479,-0.34246,-0.83802), (-0.88928,-0.33116,-0.31545), (0.16949,-0.87923,0.44522), 2.9228, 1.4739, 1.164, (gDx*2,gDy*1,gDz*0)),rgb(0,1,0.34375));
		draw(
			ellipsoid( (0.66033,-0.33763,-0.67081), (-0.74556,-0.40188,-0.53164), (0.090087,-0.85118,0.51709), 2.8416, 1.5166, 1.2272, (gDx*3,gDy*1,gDz*0)),rgb(0,1,0.25));
		draw(
			ellipsoid( (0.81525,-0.31771,-0.48418), (-0.57791,-0.50008,-0.64493), (0.037224,-0.8056,0.5913), 2.7933, 1.4198, 1.3406, (gDx*4,gDy*1,gDz*0)),rgb(0,1,0.15625));
		draw(
			ellipsoid( (0.90689,-0.28823,-0.30738), (-0.41618,-0.49841,-0.76051), (-0.065997,-0.81762,0.57196), 2.7683, 1.2857, 1.4319, (gDx*5,gDy*1,gDz*0)),rgb(0,1,0.15625));
		draw(
			ellipsoid( (0.97289,-0.17189,-0.15469), (-0.23119,-0.70815,-0.66714), (-0.0051327,-0.68482,0.72869), 2.764, 1.1218, 1.4587, (gDx*6,gDy*1,gDz*0)),rgb(0,1,0.34375));
		draw(
			ellipsoid( (0.99428,-0.099779,-0.038218), (-0.1019,-0.77793,-0.62003), (-0.032135,-0.62038,0.78365), 2.8225, 0.93822, 1.4371, (gDx*7,gDy*1,gDz*0)),rgb(0,1,0.625));
		draw(
			ellipsoid( (0.9993,-0.036351,0.0083701), (-0.023108,-0.77942,-0.62608), (-0.029282,-0.62545,0.77972), 2.7266, 0.91657, 1.4288, (gDx*8,gDy*1,gDz*0)),rgb(0,1,0.625));
		draw(
			ellipsoid( (0.99856,0.037963,0.037855), (0.053308,-0.77808,-0.6259), (-0.0056927,-0.62702,0.77898), 2.6614, 0.91235, 1.4257, (gDx*9,gDy*1,gDz*0)),rgb(0,1,0.53125));
		draw(
			ellipsoid( (0.97486,0.22256,0.010756), (0.18496,-0.78134,-0.59607), (0.12426,-0.58307,0.80286), 2.5843, 1.0639, 1.4635, (gDx*10,gDy*1,gDz*0)),rgb(0,1,0.25));
		draw(
			ellipsoid( (-0.90504,-0.42534,-0.00072966), (-0.39684,0.84379,0.3613), (0.15306,-0.32728,0.93245), 2.7115, 1.1709, 1.4816, (gDx*11,gDy*1,gDz*0)),rgb(0,1,0.25));
		draw(
			ellipsoid( (0.83129,0.55516,-0.027357), (0.55192,-0.83027,-0.07769), (0.065844,-0.049484,0.9966), 3.1235, 1.171, 1.6208, (gDx*12,gDy*1,gDz*0)),rgb(0,1,0.4375));
		draw(
			ellipsoid( (0.78262,0.61977,-0.058227), (0.62217,-0.78184,0.040472), (0.020441,0.067901,0.99748), 3.6387, 1.1233, 1.8288, (gDx*13,gDy*1,gDz*0)),rgb(0,1,0.71875));
		draw(
			ellipsoid( (0.80645,0.58197,-0.10462), (0.59087,-0.79989,0.10507), (0.022533,0.14655,0.98895), 3.8574, 1.1214, 1.9091, (gDx*14,gDy*1,gDz*0)),rgb(0,1,0.71875));
		draw(
			ellipsoid( (0.87619,0.45575,-0.15676), (0.47993,-0.85489,0.19707), (0.0442,0.24791,0.96778), 4.0624, 1.0903, 1.9504, (gDx*15,gDy*1,gDz*0)),rgb(0,1,0.8125));
		draw(
			ellipsoid( (0.93341,0.31225,-0.17678), (0.35622,-0.86555,0.35204), (0.043088,0.39157,0.91914), 4.1553, 1.1083, 1.9377, (gDx*16,gDy*1,gDz*0)),rgb(0,1,0.8125));
		draw(
			ellipsoid( (0.9729,0.15356,-0.17289), (0.2244,-0.8074,0.54566), (0.055802,0.56966,0.81998), 4.2089, 1.1087, 1.9461, (gDx*17,gDy*1,gDz*0)),rgb(0,1,0.90625));
		draw(
			ellipsoid( (0.9917,0.02688,-0.12573), (0.1094,-0.69014,0.71536), (0.067543,0.72318,0.68735), 4.165, 1.1461, 2.0578, (gDx*18,gDy*1,gDz*0)),rgb(0,1,0.8125));
		draw(
			ellipsoid( (0.99536,-0.086382,-0.042492), (-0.095131,-0.81499,-0.57161), (-0.014746,-0.573,0.81943), 3.9681, 2.2051, 1.2188, (gDx*19,gDy*1,gDz*0)),rgb(0,1,0.71875));
		draw(
			ellipsoid( (0.97587,-0.21393,0.043779), (-0.1422,-0.47045,0.87089), (0.16571,0.8561,0.48952), 3.926, 1.2234, 2.3432, (gDx*20,gDy*1,gDz*0)),rgb(0,1,0.71875));
		draw(
			ellipsoid( (0.95626,-0.25449,0.1442), (-0.24183,-0.41052,0.8792), (0.16455,0.87562,0.45411), 3.8443, 1.3314, 2.3652, (gDx*21,gDy*1,gDz*0)),rgb(0,1,0.53125));
		draw(
			ellipsoid( (0.92224,-0.29018,0.25547), (-0.34996,-0.34571,0.87064), (0.16432,0.89235,0.42038), 3.7879, 1.4678, 2.3707, (gDx*22,gDy*1,gDz*0)),rgb(0,1,0.34375));
		draw(
			ellipsoid( (-0.85364,0.35613,-0.38009), (0.48374,0.27153,-0.83202), (0.1931,0.89412,0.40406), 3.607, 1.7103, 2.4623, (gDx*23,gDy*1,gDz*0)),rgb(0,1,0.0625));
		draw(
			ellipsoid( (-0.71333,0.44366,-0.54252), (0.65983,0.16428,-0.73323), (0.23618,0.88101,0.40993), 3.66, 1.8712, 2.557, (gDx*24,gDy*1,gDz*0)),rgb(0.125,1,0));
		draw(
			ellipsoid( (-0.47733,0.40572,0.77945), (0.78898,0.58841,0.17688), (0.38687,-0.6994,0.60097), 3.1354, 1.1866, 1.1507, (gDx*0,gDy*2,gDz*0)),rgb(0,1,0.625));
		draw(
			ellipsoid( (-0.25256,0.44493,0.85922), (0.72322,-0.50311,0.47311), (-0.64278,-0.74089,0.19471), 3.1167, 1.0418, 1.2699, (gDx*1,gDy*2,gDz*0)),rgb(0,1,0.625));
		draw(
			ellipsoid( (-0.18046,0.48428,0.8561), (0.83184,0.5396,-0.1299), (0.52486,-0.68869,0.50022), 3.0223, 1.4128, 1.1013, (gDx*2,gDy*2,gDz*0)),rgb(0,1,0.53125));
		draw(
			ellipsoid( (-0.19293,0.5124,0.8368), (0.92479,0.37999,-0.019464), (0.32795,-0.7701,0.54717), 2.911, 1.6257, 1.162, (gDx*3,gDy*2,gDz*0)),rgb(0,1,0.34375));
		draw(
			ellipsoid( (0.40561,-0.52845,-0.74581), (-0.88484,-0.43161,-0.1754), (0.22921,-0.73107,0.64266), 2.6268, 1.7095, 1.2864, (gDx*4,gDy*2,gDz*0)),rgb(0.03125,1,0));
		draw(
			ellipsoid( (0.64688,-0.5221,-0.55584), (-0.71656,-0.66555,-0.20876), (0.26094,-0.53333,0.80465), 2.4234, 1.6379, 1.3801, (gDx*5,gDy*2,gDz*0)),rgb(0.3125,1,0));
		draw(
			ellipsoid( (-0.82871,0.45171,0.33047), (0.44237,0.89035,-0.10767), (0.34287,-0.056965,0.93766), 2.3434, 1.5586, 1.3694, (gDx*6,gDy*2,gDz*0)),rgb(0.3125,1,0));
		draw(
			ellipsoid( (-0.91144,0.38234,0.15193), (0.29582,0.86567,-0.40387), (0.28594,0.32316,0.90211), 2.3733, 1.5465, 1.2405, (gDx*7,gDy*2,gDz*0)),rgb(0.125,1,0));
		draw(
			ellipsoid( (-0.95254,0.29804,0.062053), (0.22628,0.8295,-0.51062), (0.20366,0.47234,0.85757), 2.4301, 1.507, 1.1269, (gDx*8,gDy*2,gDz*0)),rgb(0,1,0.0625));
		draw(
			ellipsoid( (0.9859,-0.16511,-0.02721), (-0.13368,-0.67931,-0.72157), (-0.10065,-0.71503,0.69181), 2.5196, 1.0835, 1.4623, (gDx*9,gDy*2,gDz*0)),rgb(0,1,0.25));
		draw(
			ellipsoid( (0.99962,-0.0057115,-0.027099), (-0.020267,-0.81774,-0.57523), (0.018875,-0.57556,0.81754), 2.6138, 1.1146, 1.4612, (gDx*10,gDy*2,gDz*0)),rgb(0,1,0.25));
		draw(
			ellipsoid( (0.9895,0.142,-0.02713), (0.1223,-0.92228,-0.36666), (0.077087,-0.35949,0.92996), 2.8686, 1.19, 1.5208, (gDx*11,gDy*2,gDz*0)),rgb(0,1,0.34375));
		draw(
			ellipsoid( (0.96679,0.25525,-0.012673), (0.25079,-0.9571,-0.14516), (0.04918,-0.13716,0.98933), 3.244, 1.1933, 1.6459, (gDx*12,gDy*2,gDz*0)),rgb(0,1,0.4375));
		draw(
			ellipsoid( (0.93097,0.36127,-0.052639), (0.35874,-0.932,-0.051865), (0.067797,-0.029402,0.99727), 3.6573, 1.1747, 1.8148, (gDx*13,gDy*2,gDz*0)),rgb(0,1,0.625));
		draw(
			ellipsoid( (0.9052,0.41171,-0.10542), (0.41583,-0.90923,0.019584), (0.087793,0.061565,0.99423), 3.9318, 1.1351, 1.9258, (gDx*14,gDy*2,gDz*0)),rgb(0,1,0.8125));
		draw(
			ellipsoid( (0.91906,0.35942,-0.16168), (0.38282,-0.91164,0.14954), (0.093644,0.19933,0.97545), 4.0253, 1.1549, 1.973, (gDx*15,gDy*2,gDz*0)),rgb(0,1,0.8125));
		draw(
			ellipsoid( (0.94329,0.25783,-0.2091), (0.31124,-0.90597,0.28697), (0.11545,0.33577,0.93484), 4.1063, 1.1552, 1.9902, (gDx*16,gDy*2,gDz*0)),rgb(0,1,0.8125));
		draw(
			ellipsoid( (0.96623,0.12968,-0.22265), (0.22246,-0.85584,0.46695), (0.13,0.50071,0.8558), 4.1446, 1.1604, 2.0417, (gDx*17,gDy*2,gDz*0)),rgb(0,1,0.8125));
		draw(
			ellipsoid( (0.98321,0.0032611,-0.18245), (0.12588,-0.73596,0.66522), (0.13211,0.67702,0.72401), 4.0584, 1.2058, 2.1346, (gDx*18,gDy*2,gDz*0)),rgb(0,1,0.71875));
		draw(
			ellipsoid( (0.98461,-0.12684,-0.12025), (-0.17385,-0.78153,-0.59916), (0.017985,-0.61084,0.79155), 3.9277, 2.3014, 1.2685, (gDx*19,gDy*2,gDz*0)),rgb(0,1,0.625));
		draw(
			ellipsoid( (0.9644,-0.25785,-0.05875), (-0.25074,-0.82093,-0.51303), (-0.084055,-0.50949,0.85636), 3.9273, 2.4426, 1.2825, (gDx*20,gDy*2,gDz*0)),rgb(0,1,0.625));
		draw(
			ellipsoid( (-0.95167,0.30459,-0.039305), (0.1829,0.4593,-0.86925), (0.24671,0.83443,0.49281), 3.7735, 1.4347, 2.4721, (gDx*21,gDy*2,gDz*0)),rgb(0,1,0.4375));
		draw(
			ellipsoid( (-0.92196,0.35563,-0.15338), (0.29415,0.38535,-0.87463), (0.25194,0.85149,0.45988), 3.6746, 1.6062, 2.5043, (gDx*22,gDy*2,gDz*0)),rgb(0,1,0.15625));
		draw(
			ellipsoid( (-0.85687,0.43497,-0.27671), (0.41832,0.27296,-0.86631), (0.30129,0.85807,0.41585), 3.6035, 1.786, 2.5604, (gDx*23,gDy*2,gDz*0)),rgb(0.03125,1,0));
		draw(
			ellipsoid( (-0.73784,0.53314,-0.41395), (0.55821,0.13719,-0.81828), (0.37947,0.83483,0.39883), 3.721, 1.8845, 2.6189, (gDx*24,gDy*2,gDz*0)),rgb(0.125,1,0));
		draw(
			ellipsoid( (-0.60358,0.54749,0.57961), (0.60214,0.78951,-0.11873), (0.52261,-0.27734,0.8062), 3.0481, 1.3062, 1.0832, (gDx*0,gDy*3,gDz*0)),rgb(0,1,0.625));
		draw(
			ellipsoid( (-0.33599,0.58999,0.73418), (0.84053,0.53955,-0.048929), (0.425,-0.60066,0.67719), 2.8286, 1.3741, 1.0955, (gDx*1,gDy*3,gDz*0)),rgb(0,1,0.4375));
		draw(
			ellipsoid( (-0.39615,0.70251,-0.59122), (0.9137,0.36516,-0.17834), (-0.090602,0.61085,0.78655), 1.0715, 1.4888, 2.9151, (gDx*2,gDy*3,gDz*0)),rgb(0,1,0.4375));
		draw(
			ellipsoid( (-0.33943,0.751,-0.56638), (0.93844,0.22928,-0.25839), (0.064186,0.61921,0.7826), 1.0815, 1.5853, 2.9618, (gDx*3,gDy*3,gDz*0)),rgb(0,1,0.4375));
		draw(
			ellipsoid( (-0.32883,0.73704,-0.59045), (0.94043,0.1984,-0.27608), (0.086338,0.64607,0.75838), 1.1464, 1.6822, 2.8185, (gDx*4,gDy*3,gDz*0)),rgb(0,1,0.34375));
		draw(
			ellipsoid( (-0.33545,0.65608,-0.67604), (0.94164,0.21209,-0.26141), (0.028123,0.72427,0.68894), 1.2548, 1.7431, 2.5404, (gDx*5,gDy*3,gDz*0)),rgb(0.03125,1,0));
		draw(
			ellipsoid( (-0.39349,0.46177,-0.79494), (0.90452,0.34903,-0.24499), (-0.16433,0.81544,0.55502), 1.3236, 1.7513, 2.3209, (gDx*6,gDy*3,gDz*0)),rgb(0.3125,1,0));
		draw(
			ellipsoid( (-0.44525,0.82215,0.35473), (0.77895,0.55102,-0.29936), (0.44158,-0.14303,0.88575), 2.2093, 1.7316, 1.3411, (gDx*7,gDy*3,gDz*0)),rgb(0.5,1,0));
		draw(
			ellipsoid( (-0.66769,0.71816,0.19605), (0.60768,0.67791,-0.41371), (0.43002,0.1571,0.88905), 2.2398, 1.7386, 1.3072, (gDx*8,gDy*3,gDz*0)),rgb(0.40625,1,0));
		draw(
			ellipsoid( (-0.89332,0.42725,0.13942), (0.34215,0.44541,0.82737), (-0.29139,-0.78681,0.54408), 2.3319, 1.303, 1.6776, (gDx*9,gDy*3,gDz*0)),rgb(0.3125,1,0));
		draw(
			ellipsoid( (0.96639,-0.2417,-0.087553), (-0.24692,-0.77795,-0.57777), (-0.071536,-0.57997,0.81149), 2.5719, 1.287, 1.6064, (gDx*10,gDy*3,gDz*0)),rgb(0.03125,1,0));
		draw(
			ellipsoid( (0.99355,-0.10051,-0.052518), (-0.11157,-0.94927,-0.294), (0.020304,-0.29796,0.95436), 2.8695, 1.3045, 1.6293, (gDx*11,gDy*3,gDz*0)),rgb(0,1,0.15625));
		draw(
			ellipsoid( (0.99996,-0.0049323,-0.0080001), (-0.0075274,0.089366,-0.99597), (-0.0056274,-0.99599,-0.089325), 3.2809, 1.7135, 1.2464, (gDx*12,gDy*3,gDz*0)),rgb(0,1,0.4375));
		draw(
			ellipsoid( (0.99331,0.10813,-0.040493), (0.10781,-0.99412,-0.010038), (0.041341,-0.0056047,0.99913), 3.5713, 1.2513, 1.8112, (gDx*13,gDy*3,gDz*0)),rgb(0,1,0.53125));
		draw(
			ellipsoid( (0.97515,0.19806,-0.099295), (0.20328,-0.97807,0.045433), (0.088118,0.064489,0.99402), 3.7915, 1.2386, 1.9256, (gDx*14,gDy*3,gDz*0)),rgb(0,1,0.625));
		draw(
			ellipsoid( (0.95942,0.22175,-0.17418), (0.24656,-0.95945,0.13662), (0.13682,0.17402,0.97519), 3.9519, 1.2043, 2.0078, (gDx*15,gDy*3,gDz*0)),rgb(0,1,0.71875));
		draw(
			ellipsoid( (0.95226,0.19235,-0.23707), (0.24609,-0.94319,0.22322), (0.18067,0.27091,0.9455), 4.0556, 1.1763, 2.0501, (gDx*16,gDy*3,gDz*0)),rgb(0,1,0.71875));
		draw(
			ellipsoid( (-0.95908,-0.094244,0.26697), (-0.19991,0.89315,-0.40288), (0.20048,0.43976,0.87545), 4.0612, 1.1913, 2.1032, (gDx*17,gDy*3,gDz*0)),rgb(0,1,0.71875));
		draw(
			ellipsoid( (0.96889,-0.028522,-0.24586), (0.20873,0.62797,0.74972), (-0.13301,0.77772,-0.61438), 3.9757, 2.1989, 1.2646, (gDx*18,gDy*3,gDz*0)),rgb(0,1,0.625));
		draw(
			ellipsoid( (0.96108,-0.17858,-0.21078), (-0.27219,-0.74254,-0.61201), (0.047219,-0.64556,0.76225), 3.9198, 2.3781, 1.3114, (gDx*19,gDy*3,gDz*0)),rgb(0,1,0.625));
		draw(
			ellipsoid( (0.93843,-0.30309,-0.16576), (-0.34332,-0.76499,-0.5449), (-0.038345,-0.56826,0.82196), 3.8927, 2.5162, 1.3576, (gDx*20,gDy*3,gDz*0)),rgb(0,1,0.53125));
		draw(
			ellipsoid( (0.92551,-0.36829,-0.088229), (-0.35994,-0.783,-0.5073), (-0.11775,-0.50127,0.85724), 3.7414, 2.5701, 1.5346, (gDx*21,gDy*3,gDz*0)),rgb(0,1,0.25));
		draw(
			ellipsoid( (0.89926,-0.43713,0.01586), (-0.3817,-0.80191,-0.45961), (-0.21363,-0.40726,0.88798), 3.6333, 2.6195, 1.7247, (gDx*22,gDy*3,gDz*0)),rgb(0,1,0.0625));
		draw(
			ellipsoid( (-0.83599,0.52978,-0.14302), (0.44214,0.80466,0.39627), (-0.32502,-0.26804,0.90693), 3.622, 2.668, 1.8623, (gDx*23,gDy*3,gDz*0)),rgb(0.125,1,0));
		draw(
			ellipsoid( (-0.7248,0.63388,-0.26993), (0.53363,0.76432,0.362), (-0.43578,-0.11833,0.89224), 3.7784, 2.7177, 1.9167, (gDx*24,gDy*3,gDz*0)),rgb(0.125,1,0));
		draw(
			ellipsoid( (0.6029,-0.70701,-0.36965), (-0.74732,-0.66269,0.04861), (0.27933,-0.24694,0.9279), 3.1929, 1.4357, 0.96008, (gDx*0,gDy*4,gDz*0)),rgb(0,1,0.71875));
		draw(
			ellipsoid( (0.39247,-0.75641,-0.52327), (-0.89442,-0.44651,-0.025405), (0.21443,-0.47799,0.85179), 2.7522, 1.5245, 1.026, (gDx*1,gDy*4,gDz*0)),rgb(0,1,0.4375));
		draw(
			ellipsoid( (-0.28327,0.62392,-0.72834), (0.9586,0.20715,-0.19537), (-0.028984,0.75353,0.65677), 1.0137, 1.5508, 2.7885, (gDx*2,gDy*4,gDz*0)),rgb(0,1,0.4375));
		draw(
			ellipsoid( (-0.20104,-0.6944,-0.69093), (-0.93966,-0.062614,0.33633), (0.27681,-0.71686,0.63991), 2.9394, 1.5596, 1.0547, (gDx*3,gDy*4,gDz*0)),rgb(0,1,0.53125));
		draw(
			ellipsoid( (-0.28648,-0.65681,-0.69752), (-0.91373,-0.031668,0.4051), (0.28816,-0.75339,0.59107), 2.9082, 1.6393, 1.0964, (gDx*4,gDy*4,gDz*0)),rgb(0,1,0.4375));
		draw(
			ellipsoid( (-0.34924,-0.64923,-0.67567), (-0.87952,-0.021611,0.47537), (0.32323,-0.76028,0.56347), 2.815, 1.707, 1.1596, (gDx*5,gDy*4,gDz*0)),rgb(0,1,0.25));
		draw(
			ellipsoid( (-0.30809,-0.73021,-0.60981), (-0.86228,-0.056472,0.50327), (0.40193,-0.68089,0.61225), 2.5958, 1.728, 1.2464, (gDx*6,gDy*4,gDz*0)),rgb(0,1,0.0625));
		draw(
			ellipsoid( (-0.50026,0.49206,-0.71247), (0.84978,0.12107,-0.51305), (0.16619,0.8621,0.47871), 1.3418, 1.7448, 2.3689, (gDx*7,gDy*4,gDz*0)),rgb(0.3125,1,0));
		draw(
			ellipsoid( (-0.59614,0.22045,-0.77203), (0.80209,0.2062,-0.56047), (-0.035634,0.95336,0.29974), 1.3585, 1.7825, 2.239, (gDx*8,gDy*4,gDz*0)),rgb(0.5,1,0));
		draw(
			ellipsoid( (0.54464,-0.010252,0.8386), (0.75418,0.44338,-0.48439), (0.36685,-0.89628,-0.24922), 1.3922, 1.8804, 2.1119, (gDx*9,gDy*4,gDz*0)),rgb(0.59375,1,0));
		draw(
			ellipsoid( (-0.88773,0.40098,0.22616), (0.42782,0.53719,0.72691), (-0.16998,-0.74206,0.64842), 2.3759, 1.5298, 1.6998, (gDx*10,gDy*4,gDz*0)),rgb(0.59375,1,0));
		draw(
			ellipsoid( (0.94575,-0.31028,-0.096388), (-0.32216,-0.934,-0.15446), (0.042102,-0.17713,0.98329), 2.9148, 1.3902, 1.7473, (gDx*11,gDy*4,gDz*0)),rgb(0,1,0.0625));
		draw(
			ellipsoid( (0.96942,-0.24423,-0.02386), (-0.24084,-0.96558,0.098216), (0.047025,0.089466,0.99488), 3.4508, 1.2953, 1.8481, (gDx*12,gDy*4,gDz*0)),rgb(0,1,0.4375));
		draw(
			ellipsoid( (0.98719,-0.15547,-0.035769), (-0.1473,-0.97438,0.16998), (0.06128,0.16253,0.9848), 3.6181, 1.2967, 1.9667, (gDx*13,gDy*4,gDz*0)),rgb(0,1,0.53125));
		draw(
			ellipsoid( (0.99225,-0.06504,-0.10592), (-0.11632,-0.18568,-0.9757), (-0.043793,-0.98046,0.1918), 3.6179, 2.0428, 1.2788, (gDx*14,gDy*4,gDz*0)),rgb(0,1,0.53125));
		draw(
			ellipsoid( (0.9806,0.013966,-0.19554), (0.18821,0.21202,0.95897), (-0.054851,0.97717,-0.20527), 3.6716, 2.1039, 1.2172, (gDx*15,gDy*4,gDz*0)),rgb(0,1,0.625));
		draw(
			ellipsoid( (0.95978,0.047117,-0.27678), (0.25448,0.27044,0.92849), (-0.1186,0.96158,-0.24758), 3.7635, 2.1386, 1.1759, (gDx*16,gDy*4,gDz*0)),rgb(0,1,0.625));
		draw(
			ellipsoid( (0.95197,0.012119,-0.30594), (0.27604,0.39834,0.87471), (-0.13247,0.91716,-0.37586), 3.8606, 2.1438, 1.2257, (gDx*17,gDy*4,gDz*0)),rgb(0,1,0.625));
		draw(
			ellipsoid( (0.95043,-0.082402,-0.29981), (-0.29275,-0.56205,-0.77356), (0.10477,-0.82299,0.55832), 3.8847, 2.2368, 1.3233, (gDx*18,gDy*4,gDz*0)),rgb(0,1,0.53125));
		draw(
			ellipsoid( (0.93077,-0.22401,-0.28894), (-0.36181,-0.6779,-0.63995), (0.052516,-0.70019,0.71202), 3.9186, 2.425, 1.3789, (gDx*19,gDy*4,gDz*0)),rgb(0,1,0.53125));
		draw(
			ellipsoid( (0.89832,-0.34963,-0.26606), (-0.43903,-0.69148,-0.57367), (-0.016595,-0.63215,0.77467), 3.8087, 2.5733, 1.5015, (gDx*20,gDy*4,gDz*0)),rgb(0,1,0.34375));
		draw(
			ellipsoid( (0.87084,-0.44498,-0.20888), (-0.48445,-0.70489,-0.51811), (-0.083307,-0.55238,0.82942), 3.7003, 2.6531, 1.6466, (gDx*21,gDy*4,gDz*0)),rgb(0,1,0.15625));
		draw(
			ellipsoid( (0.84561,-0.52222,-0.11061), (-0.51212,-0.7352,-0.44409), (-0.15059,-0.43217,0.88913), 3.6204, 2.7072, 1.8005, (gDx*22,gDy*4,gDz*0)),rgb(0.03125,1,0));
		draw(
			ellipsoid( (0.77874,-0.62732,0.0066687), (-0.5833,-0.72792,-0.36041), (-0.23095,-0.27678,0.93277), 3.6591, 2.7657, 1.8955, (gDx*23,gDy*4,gDz*0)),rgb(0.125,1,0));
		draw(
			ellipsoid( (-0.66939,0.7332,-0.11973), (0.67465,0.66742,0.31527), (-0.31106,-0.13026,0.94142), 3.8562, 2.8243, 1.9141, (gDx*24,gDy*4,gDz*0)),rgb(0.03125,1,0));
		draw(
			ellipsoid( (0.44779,-0.86247,-0.23584), (-0.88386,-0.46684,0.029037), (0.13514,-0.19545,0.97136), 3.2827, 1.5678, 0.86506, (gDx*0,gDy*5,gDz*0)),rgb(0,1,0.90625));
		draw(
			ellipsoid( (0.22806,-0.89996,-0.37156), (-0.96621,-0.25626,0.027643), (0.12009,-0.3527,0.928), 2.8109, 1.6528, 0.95278, (gDx*1,gDy*5,gDz*0)),rgb(0,1,0.53125));
		draw(
			ellipsoid( (-0.21224,0.51283,-0.83184), (0.97292,0.031167,-0.22902), (0.091522,0.85792,0.50556), 0.96647, 1.6042, 2.8448, (gDx*2,gDy*5,gDz*0)),rgb(0,1,0.53125));
		draw(
			ellipsoid( (0.3107,0.75923,0.57187), (0.92368,-0.09924,-0.37009), (0.22423,-0.64321,0.73212), 2.9452, 1.5998, 1.0145, (gDx*3,gDy*5,gDz*0)),rgb(0,1,0.53125));
		draw(
			ellipsoid( (0.42451,0.65853,0.62139), (0.87405,-0.11895,-0.47106), (0.23629,-0.74309,0.62608), 2.9299, 1.6633, 1.0789, (gDx*4,gDy*5,gDz*0)),rgb(0,1,0.4375));
		draw(
			ellipsoid( (0.51313,0.56387,0.6471), (0.82891,-0.12993,-0.54408), (0.22272,-0.81558,0.53407), 2.8482, 1.7455, 1.1209, (gDx*5,gDy*5,gDz*0)),rgb(0,1,0.34375));
		draw(
			ellipsoid( (0.53203,0.55393,0.6404), (0.81835,-0.14224,-0.55684), (0.21736,-0.82033,0.52898), 2.6663, 1.7926, 1.1748, (gDx*6,gDy*5,gDz*0)),rgb(0,1,0.15625));
		draw(
			ellipsoid( (-0.52654,-0.61325,-0.5888), (-0.79727,0.11574,0.59243), (0.29516,-0.78137,0.54986), 2.4352, 1.8164, 1.2694, (gDx*7,gDy*5,gDz*0)),rgb(0.125,1,0));
		draw(
			ellipsoid( (0.40251,-0.70408,0.58502), (-0.74715,0.11658,0.65435), (0.52892,0.70048,0.47913), 1.3507, 1.8427, 2.2572, (gDx*8,gDy*5,gDz*0)),rgb(0.40625,1,0));
		draw(
			ellipsoid( (0.52244,-0.56071,0.64239), (-0.65043,0.22509,0.72545), (0.55136,0.79683,0.24711), 1.3968, 1.8631, 2.1618, (gDx*9,gDy*5,gDz*0)),rgb(0.59375,1,0));
		draw(
			ellipsoid( (0.30691,-0.46247,0.83182), (-0.89201,0.16498,0.42084), (0.33186,0.87115,0.36189), 1.6163, 2.1113, 1.9283, (gDx*10,gDy*5,gDz*0)),rgb(1,0.9375,0));
		draw(
			ellipsoid( (-0.89672,0.38967,0.20989), (0.29756,0.17972,0.93763), (-0.32764,-0.90325,0.27711), 2.5557, 1.7797, 1.6743, (gDx*11,gDy*5,gDz*0)),rgb(0.59375,1,0));
		draw(
			ellipsoid( (-0.90404,0.41849,0.087088), (0.38686,0.88768,-0.24974), (0.18182,0.19208,0.96439), 3.153, 1.4846, 1.9783, (gDx*12,gDy*5,gDz*0)),rgb(0,1,0.0625));
		draw(
			ellipsoid( (0.91594,-0.39531,-0.069129), (-0.35982,-0.88524,0.29475), (0.17771,0.2451,0.95307), 3.4238, 1.3783, 2.1736, (gDx*13,gDy*5,gDz*0)),rgb(0,1,0.34375));
		draw(
			ellipsoid( (0.93765,-0.32531,-0.12242), (-0.27675,-0.91183,0.30328), (0.21029,0.25049,0.94501), 3.454, 1.338, 2.2648, (gDx*14,gDy*5,gDz*0)),rgb(0,1,0.34375));
		draw(
			ellipsoid( (0.94956,-0.20664,-0.23588), (-0.28134,-0.22907,-0.93187), (-0.13853,-0.95122,0.27565), 3.4725, 2.2512, 1.2518, (gDx*15,gDy*5,gDz*0)),rgb(0,1,0.4375));
		draw(
			ellipsoid( (0.94063,-0.11048,-0.32094), (-0.33858,-0.23861,-0.91018), (-0.023983,-0.96481,0.26185), 3.6572, 2.2282, 1.1224, (gDx*16,gDy*5,gDz*0)),rgb(0,1,0.71875));
		draw(
			ellipsoid( (0.93471,-0.10651,-0.33906), (-0.3542,-0.35756,-0.86411), (0.029196,-0.9278,0.37194), 3.7025, 2.2098, 1.2631, (gDx*17,gDy*5,gDz*0)),rgb(0,1,0.53125));
		draw(
			ellipsoid( (0.92244,-0.16818,-0.34758), (-0.38453,-0.48205,-0.78725), (0.03515,-0.85985,0.50933), 3.7248, 2.2976, 1.4018, (gDx*18,gDy*5,gDz*0)),rgb(0,1,0.4375));
		draw(
			ellipsoid( (0.89055,-0.27781,-0.3602), (-0.45451,-0.57548,-0.67988), (0.018414,-0.76918,0.63877), 3.7478, 2.4492, 1.5172, (gDx*19,gDy*5,gDz*0)),rgb(0,1,0.34375));
		draw(
			ellipsoid( (0.84566,-0.39531,-0.3586), (-0.53319,-0.59562,-0.60079), (-0.023911,-0.69926,0.71446), 3.7156, 2.5961, 1.6464, (gDx*20,gDy*5,gDz*0)),rgb(0,1,0.15625));
		draw(
			ellipsoid( (0.8114,-0.50272,-0.29817), (-0.57881,-0.62011,-0.52956), (-0.081321,-0.60227,0.79414), 3.6288, 2.6858, 1.7551, (gDx*21,gDy*5,gDz*0)),rgb(0.03125,1,0));
		draw(
			ellipsoid( (0.78063,-0.59156,-0.20167), (-0.60896,-0.64729,-0.45845), (-0.14066,-0.48069,0.86553), 3.5681, 2.7575, 1.8602, (gDx*22,gDy*5,gDz*0)),rgb(0.125,1,0));
		draw(
			ellipsoid( (0.70157,-0.70552,-0.10022), (-0.68036,-0.62134,-0.38866), (-0.21194,-0.34085,0.91592), 3.6174, 2.839, 1.9073, (gDx*23,gDy*5,gDz*0)),rgb(0.125,1,0));
		draw(
			ellipsoid( (-0.58869,0.80831,0.0086974), (0.75681,0.54734,0.35729), (-0.28404,-0.21692,0.93395), 3.8004, 2.9146, 1.8924, (gDx*24,gDy*5,gDz*0)),rgb(0.03125,1,0));
		draw(
			ellipsoid( (0.07915,-0.98707,-0.13936), (-0.99339,-0.089755,0.071526), (0.08311,-0.13278,0.98766), 2.9209, 1.6734, 0.88943, (gDx*0,gDy*6,gDz*0)),rgb(0,1,0.71875));
		draw(
			ellipsoid( (0.098309,0.96439,0.24552), (0.99133,-0.073299,-0.10903), (0.087148,-0.25411,0.96324), 2.7905, 1.6774, 0.95223, (gDx*1,gDy*6,gDz*0)),rgb(0,1,0.53125));
		draw(
			ellipsoid( (0.26772,0.89392,0.35948), (0.95431,-0.19464,-0.22672), (0.1327,-0.40376,0.90519), 2.8449, 1.6542, 0.99061, (gDx*2,gDy*6,gDz*0)),rgb(0,1,0.53125));
		draw(
			ellipsoid( (0.42956,0.78071,0.45385), (0.88778,-0.27309,-0.3705), (0.16531,-0.56207,0.8104), 2.9602, 1.6659, 1.0126, (gDx*3,gDy*6,gDz*0)),rgb(0,1,0.53125));
		draw(
			ellipsoid( (0.53109,0.65689,0.5352), (0.82752,-0.26637,-0.49422), (0.18208,-0.70537,0.68505), 2.948, 1.7076, 1.0751, (gDx*4,gDy*6,gDz*0)),rgb(0,1,0.4375));
		draw(
			ellipsoid( (0.61229,0.51684,0.59831), (0.77567,-0.24614,-0.58117), (0.1531,-0.81994,0.5516), 2.8226, 1.7807, 1.1142, (gDx*5,gDy*6,gDz*0)),rgb(0,1,0.34375));
		draw(
			ellipsoid( (0.68359,0.39137,0.61607), (0.72174,-0.23688,-0.65036), (0.1086,-0.88922,0.4444), 2.7428, 1.8717, 1.0995, (gDx*6,gDy*6,gDz*0)),rgb(0,1,0.34375));
		draw(
			ellipsoid( (0.7336,0.37079,0.56951), (0.66801,-0.23944,-0.70458), (0.12489,-0.89732,0.42334), 2.6543, 1.9183, 1.1255, (gDx*7,gDy*6,gDz*0)),rgb(0,1,0.25));
		draw(
			ellipsoid( (0.78546,0.41998,0.45461), (0.57812,-0.23562,-0.78119), (0.22097,-0.87641,0.42787), 2.5143, 1.9089, 1.1809, (gDx*8,gDy*6,gDz*0)),rgb(0,1,0.0625));
		draw(
			ellipsoid( (0.35911,-0.82801,0.43062), (-0.81705,-0.50191,-0.28373), (-0.45107,0.24995,0.85677), 1.2546, 2.4396, 1.9, (gDx*9,gDy*6,gDz*0)),rgb(0.125,1,0));
		draw(
			ellipsoid( (0.41981,-0.78829,0.44983), (-0.8339,-0.53066,-0.15168), (-0.35828,0.31144,0.88014), 1.3872, 2.3732, 1.936, (gDx*10,gDy*6,gDz*0)),rgb(0.40625,1,0));
		draw(
			ellipsoid( (0.42712,-0.74213,0.51653), (-0.82775,-0.55082,-0.10692), (-0.36386,0.38189,0.84957), 1.5976, 2.2615, 1.9996, (gDx*11,gDy*6,gDz*0)),rgb(0.78125,1,0));
		draw(
			ellipsoid( (-0.14596,-0.72234,0.67596), (-0.96923,-0.032496,-0.24401), (-0.19822,0.69077,0.69537), 1.8178, 2.1299, 2.2245, (gDx*12,gDy*6,gDz*0)),rgb(1,0.75,0));
		draw(
			ellipsoid( (0.58461,0.66922,-0.45867), (0.62136,-0.73283,-0.27725), (0.52167,0.12292,0.84425), 1.7083, 2.625, 2.2732, (gDx*13,gDy*6,gDz*0)),rgb(0.59375,1,0));
		draw(
			ellipsoid( (0.46448,0.7542,-0.46415), (0.78431,-0.59372,-0.17986), (0.41123,0.2805,0.8673), 1.5722, 2.8792, 2.437, (gDx*14,gDy*6,gDz*0)),rgb(0.21875,1,0));
		draw(
			ellipsoid( (0.30544,0.84087,-0.44682), (0.86112,-0.44421,-0.2473), (0.40643,0.30923,0.85976), 1.5318, 2.9773, 2.4347, (gDx*15,gDy*6,gDz*0)),rgb(0.125,1,0));
		draw(
			ellipsoid( (0.89463,-0.32187,-0.3099), (-0.41368,-0.3346,-0.84671), (-0.16884,-0.88569,0.43249), 3.167, 2.4198, 1.4635, (gDx*16,gDy*6,gDz*0)),rgb(0,1,0.0625));
		draw(
			ellipsoid( (0.88157,-0.29798,-0.36612), (-0.45919,-0.36145,-0.81148), (-0.10947,-0.88349,0.45547), 3.3026, 2.3933, 1.5157, (gDx*17,gDy*6,gDz*0)),rgb(0,1,0.0625));
		draw(
			ellipsoid( (0.86996,-0.2874,-0.40071), (-0.48932,-0.40244,-0.77369), (-0.061101,-0.86916,0.49074), 3.4633, 2.4108, 1.5748, (gDx*18,gDy*6,gDz*0)),rgb(0,1,0.15625));
		draw(
			ellipsoid( (0.82666,-0.34287,-0.44618), (-0.56042,-0.43026,-0.70767), (-0.050666,-0.83505,0.54783), 3.5651, 2.4832, 1.6438, (gDx*19,gDy*6,gDz*0)),rgb(0,1,0.0625));
		draw(
			ellipsoid( (0.78338,-0.44345,-0.4355), (-0.61669,-0.46725,-0.63353), (-0.077452,-0.76487,0.63951), 3.5666, 2.6032, 1.7641, (gDx*20,gDy*6,gDz*0)),rgb(0.03125,1,0));
		draw(
			ellipsoid( (0.72661,-0.56366,-0.39284), (-0.67582,-0.48344,-0.55637), (-0.12369,-0.66975,0.73221), 3.5194, 2.7066, 1.8561, (gDx*21,gDy*6,gDz*0)),rgb(0.125,1,0));
		draw(
			ellipsoid( (0.67578,-0.67125,-0.30453), (-0.71621,-0.5003,-0.48656), (-0.17425,-0.54692,0.81885), 3.4852, 2.7885, 1.9233, (gDx*22,gDy*6,gDz*0)),rgb(0.21875,1,0));
		draw(
			ellipsoid( (0.58145,-0.78406,-0.2172), (-0.78068,-0.46253,-0.42024), (-0.22903,-0.41391,0.88104), 3.5526, 2.8744, 1.9381, (gDx*23,gDy*6,gDz*0)),rgb(0.21875,1,0));
		draw(
			ellipsoid( (-0.46357,0.87459,0.14211), (0.83936,0.38207,0.38665), (-0.28387,-0.29852,0.91121), 3.7322, 2.9534, 1.9013, (gDx*24,gDy*6,gDz*0)),rgb(0.03125,1,0));
		draw(
			ellipsoid( (0.41395,0.90901,-0.048316), (0.90014,-0.41666,-0.127), (0.13558,-0.0090827,0.99072), 2.8286, 1.6098, 0.89587, (gDx*0,gDy*7,gDz*0)),rgb(0,1,0.625));
		draw(
			ellipsoid( (0.47231,0.87877,0.068461), (0.87075,-0.45313,-0.19096), (0.13679,-0.14981,0.97921), 2.7622, 1.6574, 0.98821, (gDx*1,gDy*7,gDz*0)),rgb(0,1,0.53125));
		draw(
			ellipsoid( (0.50893,0.83583,0.20588), (0.84874,-0.44732,-0.28204), (0.14364,-0.31828,0.93705), 2.827, 1.7146, 1.0363, (gDx*2,gDy*7,gDz*0)),rgb(0,1,0.4375));
		draw(
			ellipsoid( (0.56222,0.75531,0.33676), (0.81162,-0.42581,-0.39995), (0.1587,-0.49818,0.85243), 2.9259, 1.7379, 1.074, (gDx*3,gDy*7,gDz*0)),rgb(0,1,0.4375));
		draw(
			ellipsoid( (0.62574,0.64466,0.43916), (0.76448,-0.39496,-0.50949), (0.155,-0.65454,0.73997), 2.9131, 1.7879, 1.1029, (gDx*4,gDy*7,gDz*0)),rgb(0,1,0.4375));
		draw(
			ellipsoid( (0.71596,0.48853,0.49873), (0.68926,-0.38111,-0.61617), (0.11095,-0.78491,0.60959), 2.757, 1.8457, 1.1327, (gDx*5,gDy*7,gDz*0)),rgb(0,1,0.25));
		draw(
			ellipsoid( (0.77518,0.323,0.54293), (0.62936,-0.32029,-0.70804), (0.0548,-0.89056,0.45156), 2.7315, 1.9167, 1.0905, (gDx*6,gDy*7,gDz*0)),rgb(0,1,0.34375));
		draw(
			ellipsoid( (0.80403,0.25321,0.53798), (0.59373,-0.29336,-0.74928), (0.031898,-0.92186,0.38621), 2.6472, 1.9545, 1.1019, (gDx*7,gDy*7,gDz*0)),rgb(0,1,0.25));
		draw(
			ellipsoid( (0.86995,0.22628,0.43816), (0.48913,-0.28285,-0.82508), (0.062764,-0.93209,0.35674), 2.5467, 1.9423, 1.1274, (gDx*8,gDy*7,gDz*0)),rgb(0,1,0.15625));
		draw(
			ellipsoid( (0.90233,0.30579,0.30379), (0.38503,-0.25492,-0.887), (0.19379,-0.91733,0.34776), 2.4871, 1.902, 1.1953, (gDx*9,gDy*7,gDz*0)),rgb(0,1,0.0625));
		draw(
			ellipsoid( (-0.88845,-0.42166,-0.18125), (-0.35418,0.88104,-0.31357), (-0.29191,0.2144,0.93211), 2.4751, 1.2468, 1.8718, (gDx*10,gDy*7,gDz*0)),rgb(0.03125,1,0));
		draw(
			ellipsoid( (0.52065,-0.83024,0.19905), (-0.82319,-0.55001,-0.1409), (-0.22646,0.090493,0.96981), 1.2696, 2.4803, 1.9281, (gDx*11,gDy*7,gDz*0)),rgb(0.125,1,0));
		draw(
			ellipsoid( (0.64119,-0.75717,0.12476), (-0.71648,-0.64892,-0.25606), (-0.27484,-0.074799,0.95858), 1.379, 2.5266, 2.0675, (gDx*12,gDy*7,gDz*0)),rgb(0.21875,1,0));
		draw(
			ellipsoid( (-0.50712,-0.67477,-0.53621), (-0.78064,0.62328,-0.046051), (-0.36528,-0.39523,0.84283), 2.5531, 1.6564, 2.1119, (gDx*13,gDy*7,gDz*0)),rgb(0.59375,1,0));
		draw(
			ellipsoid( (-0.25536,-0.69837,-0.66863), (-0.88331,-0.11269,0.45505), (0.39314,-0.70681,0.5881), 2.6327, 1.8302, 2.1738, (gDx*14,gDy*7,gDz*0)),rgb(0.78125,1,0));
		draw(
			ellipsoid( (-0.54698,-0.54763,0.63318), (-0.83657,0.38561,-0.38917), (0.031039,0.74257,0.66905), 1.8262, 2.4556, 2.6659, (gDx*15,gDy*7,gDz*0)),rgb(0.6875,1,0));
		draw(
			ellipsoid( (0.39804,0.6961,-0.5975), (0.70538,0.18419,0.68448), (-0.58652,0.69392,0.4177), 1.8107, 2.5796, 2.8628, (gDx*16,gDy*7,gDz*0)),rgb(0.5,1,0));
		draw(
			ellipsoid( (0.29303,0.78151,-0.55079), (0.68824,-0.5723,-0.44587), (0.66367,0.24842,0.70557), 1.8227, 2.993, 2.5674, (gDx*17,gDy*7,gDz*0)),rgb(0.40625,1,0));
		draw(
			ellipsoid( (0.74487,-0.46843,-0.47512), (-0.63446,-0.27694,-0.72164), (-0.20646,-0.83898,0.50348), 3.1806, 2.5569, 1.8025, (gDx*18,gDy*7,gDz*0)),rgb(0.3125,1,0));
		draw(
			ellipsoid( (0.72165,-0.46668,-0.5113), (-0.66808,-0.27602,-0.691), (-0.18135,-0.84025,0.51097), 3.2727, 2.6119, 1.8235, (gDx*19,gDy*7,gDz*0)),rgb(0.21875,1,0));
		draw(
			ellipsoid( (0.65313,-0.5389,-0.53198), (-0.73187,-0.26889,-0.62615), (-0.19439,-0.7983,0.57003), 3.3298, 2.6966, 1.874, (gDx*20,gDy*7,gDz*0)),rgb(0.3125,1,0));
		draw(
			ellipsoid( (0.58181,-0.63835,-0.50399), (-0.77793,-0.25597,-0.57385), (-0.23731,-0.72594,0.64552), 3.3653, 2.7703, 1.9368, (gDx*21,gDy*7,gDz*0)),rgb(0.3125,1,0));
		draw(
			ellipsoid( (-0.53555,0.72885,0.42656), (0.79665,0.26842,0.54157), (-0.28023,-0.62986,0.7244), 3.3706, 2.8234, 1.994, (gDx*22,gDy*7,gDz*0)),rgb(0.40625,1,0));
		draw(
			ellipsoid( (0.32207,0.52084,-0.79057), (0.82429,0.25645,0.50476), (-0.46564,0.81422,0.34672), 2.0151, 2.8786, 3.4363, (gDx*23,gDy*7,gDz*0)),rgb(0.40625,1,0));
		draw(
			ellipsoid( (0.359,0.41643,-0.83528), (0.85007,0.22362,0.47685), (-0.38536,0.88124,0.27371), 1.9998, 2.9341, 3.5691, (gDx*24,gDy*7,gDz*0)),rgb(0.21875,1,0));
		draw(
			ellipsoid( (0.60048,0.763,-0.23928), (0.78523,-0.61919,-0.0038744), (0.15111,0.18556,0.97094), 3.12, 1.3604, 0.94649, (gDx*0,gDy*8,gDz*0)),rgb(0,1,0.71875));
		draw(
			ellipsoid( (0.65553,0.74775,-0.10559), (0.73871,-0.66397,-0.11597), (0.15683,0.0019782,0.98762), 2.9895, 1.5211, 1.0334, (gDx*1,gDy*8,gDz*0)),rgb(0,1,0.53125));
		draw(
			ellipsoid( (0.68689,0.72493,0.05155), (0.71526,-0.66176,-0.22466), (0.12875,-0.19119,0.97307), 3.0158, 1.7085, 1.0659, (gDx*2,gDy*8,gDz*0)),rgb(0,1,0.53125));
		draw(
			ellipsoid( (0.70206,0.685,0.19464), (0.69783,-0.6073,-0.37977), (0.14194,-0.40245,0.90437), 2.952, 1.7818, 1.122, (gDx*3,gDy*8,gDz*0)),rgb(0,1,0.4375));
		draw(
			ellipsoid( (0.7395,0.59806,0.30898), (0.65901,-0.54955,-0.51352), (0.13732,-0.58336,0.80052), 2.8915, 1.8678, 1.1424, (gDx*4,gDy*8,gDz*0)),rgb(0,1,0.34375));
		draw(
			ellipsoid( (0.81695,0.44055,0.37216), (0.5703,-0.52126,-0.63486), (0.085701,-0.73089,0.67709), 2.7278, 1.8907, 1.1652, (gDx*5,gDy*8,gDz*0)),rgb(0,1,0.25));
		draw(
			ellipsoid( (0.85132,0.27794,0.44497), (0.52446,-0.42842,-0.7358), (0.013877,-0.85977,0.51049), 2.6846, 1.9339, 1.122, (gDx*6,gDy*8,gDz*0)),rgb(0,1,0.25));
		draw(
			ellipsoid( (0.86211,0.1634,0.47966), (0.50428,-0.36944,-0.78052), (-0.049671,-0.91478,0.4009), 2.5987, 1.9624, 1.1148, (gDx*7,gDy*8,gDz*0)),rgb(0,1,0.25));
		draw(
			ellipsoid( (0.89524,0.08077,0.43821), (-0.43968,0.31981,0.83929), (0.072353,0.94403,-0.32182), 2.5044, 1.966, 1.1412, (gDx*8,gDy*8,gDz*0)),rgb(0,1,0.15625));
		draw(
			ellipsoid( (0.94449,0.065788,0.3219), (0.32796,-0.24734,-0.91174), (-0.019637,-0.96669,0.25519), 2.4105, 1.9623, 1.2149, (gDx*9,gDy*8,gDz*0)),rgb(0.03125,1,0));
		draw(
			ellipsoid( (0.97615,0.12075,0.18042), (0.088321,-0.98005,0.17805), (-0.19832,0.15787,0.96734), 2.3789, 1.2772, 1.9655, (gDx*10,gDy*8,gDz*0)),rgb(0.125,1,0));
		draw(
			ellipsoid( (-0.24264,0.96514,-0.098156), (0.95795,0.25434,0.13285), (-0.15318,0.061794,0.98626), 1.3007, 2.4341, 2.0283, (gDx*11,gDy*8,gDz*0)),rgb(0.125,1,0));
		draw(
			ellipsoid( (-0.37166,0.92803,-0.024917), (0.92253,0.3722,0.10205), (-0.10398,-0.014943,0.99447), 1.3121, 2.5947, 2.1293, (gDx*12,gDy*8,gDz*0)),rgb(0.03125,1,0));
		draw(
			ellipsoid( (-0.45993,0.88746,0.029633), (0.88211,0.45283,0.12972), (-0.10171,-0.085802,0.99111), 1.3719, 2.7605, 2.22, (gDx*13,gDy*8,gDz*0)),rgb(0.03125,1,0));
		draw(
			ellipsoid( (0.52681,-0.8456,-0.08625), (-0.81491,-0.47361,-0.3341), (-0.24167,-0.24629,0.93858), 1.6714, 2.7827, 2.2329, (gDx*14,gDy*8,gDz*0)),rgb(0.40625,1,0));
		draw(
			ellipsoid( (0.71164,0.49611,0.49744), (0.69672,-0.58937,-0.40893), (-0.090304,-0.63758,0.76507), 2.8261, 2.0258, 2.229, (gDx*15,gDy*8,gDz*0)),rgb(0.875,1,0));
		draw(
			ellipsoid( (0.53928,0.28677,-0.79179), (-0.69955,0.67601,-0.23162), (-0.46884,-0.67881,-0.56517), 2.09, 2.4822, 2.786, (gDx*16,gDy*8,gDz*0)),rgb(0.96875,1,0));
		draw(
			ellipsoid( (-0.46494,-0.50219,0.72914), (-0.88429,0.30365,-0.35473), (0.043263,0.80969,0.58525), 2.078, 2.5743, 2.8175, (gDx*17,gDy*8,gDz*0)),rgb(0.96875,1,0));
		draw(
			ellipsoid( (-0.41268,-0.66411,0.62342), (-0.89758,0.17998,-0.40244), (-0.15506,0.72564,0.67037), 2.0582, 2.641, 2.9023, (gDx*18,gDy*8,gDz*0)),rgb(0.78125,1,0));
		draw(
			ellipsoid( (0.3756,0.75796,-0.53331), (0.87649,-0.10352,0.47016), (-0.30115,0.64403,0.70323), 2.0053, 2.712, 3.0519, (gDx*19,gDy*8,gDz*0)),rgb(0.59375,1,0));
		draw(
			ellipsoid( (0.36103,0.7704,-0.52549), (0.87181,-0.078785,0.48347), (-0.33106,0.63267,0.70009), 1.9714, 2.7686, 3.1896, (gDx*20,gDy*8,gDz*0)),rgb(0.5,1,0));
		draw(
			ellipsoid( (0.37567,0.73888,-0.5594), (0.87598,-0.086044,0.47461), (-0.30255,0.66832,0.67957), 1.9894, 2.8259, 3.2702, (gDx*21,gDy*8,gDz*0)),rgb(0.40625,1,0));
		draw(
			ellipsoid( (0.40802,0.67507,-0.61466), (0.86818,-0.078591,0.48999), (-0.28247,0.73356,0.61814), 2.0274, 2.8561, 3.3063, (gDx*22,gDy*8,gDz*0)),rgb(0.40625,1,0));
		draw(
			ellipsoid( (-0.43443,-0.60403,0.66815), (-0.86086,0.06026,-0.50526), (-0.26493,0.79468,0.54617), 2.0478, 2.8845, 3.3667, (gDx*23,gDy*8,gDz*0)),rgb(0.40625,1,0));
		draw(
			ellipsoid( (-0.45405,-0.53309,0.7139), (-0.85681,0.041474,-0.51397), (-0.24438,0.84504,0.47558), 2.0509, 2.9128, 3.4578, (gDx*24,gDy*8,gDz*0)),rgb(0.40625,1,0));
		draw(
			ellipsoid( (-0.6368,-0.65574,0.40558), (-0.6913,0.71853,0.076311), (0.34146,0.23178,0.91087), 3.1035, 1.3192, 0.96991, (gDx*0,gDy*9,gDz*0)),rgb(0,1,0.71875));
		draw(
			ellipsoid( (0.72327,0.64542,-0.2456), (0.64595,-0.75807,-0.0899), (0.24421,0.093624,0.96519), 2.9713, 1.4972, 1.0683, (gDx*1,gDy*9,gDz*0)),rgb(0,1,0.53125));
		draw(
			ellipsoid( (0.79178,0.60768,-0.061763), (0.59493,-0.79015,-0.14739), (0.13837,-0.079952,0.98715), 3.123, 1.6952, 1.0742, (gDx*2,gDy*9,gDz*0)),rgb(0,1,0.53125));
		draw(
			ellipsoid( (0.83281,0.55179,0.044187), (0.53455,-0.78092,-0.32315), (0.1438,-0.29274,0.94532), 3.019, 1.7937, 1.1352, (gDx*3,gDy*9,gDz*0)),rgb(0,1,0.4375));
		draw(
			ellipsoid( (0.84989,0.50129,0.16247), (0.51089,-0.70829,-0.48716), (0.12913,-0.49703,0.85807), 2.9333, 1.9066, 1.1639, (gDx*4,gDy*9,gDz*0)),rgb(0,1,0.34375));
		draw(
