	import three;
	import settings;

	surface ellipsoid(triple v1,triple v2,triple v3,real l1,real l2, real l3, triple pos=O) {
		transform3 T = identity(4);
		T[0][0] = l1*v1.x;
		T[1][0] = l1*v1.y;
		T[2][0] = l1*v1.z;
		T[0][1] = l2*v2.x;
		T[1][1] = l2*v2.y;
		T[2][1] = l2*v2.z;
		T[0][2] = l3*v3.x;
		T[1][2] = l3*v3.y;
		T[2][2] = l3*v3.z;
		T[0][3] = pos.x;
		T[1][3] = pos.y;
		T[2][3] = pos.z;
		return T*unitsphere;
	}

	size(200);

	real gDx=4;
	real gDy=4;
	real gDz=4;

	currentprojection=perspective( camera=(gDx*12,gDy*12,25),up=Y, target=(gDx*12,gDy*12,gDz*0));
		draw(
			ellipsoid( (0.29752,-0.95466,0.010551), (0.95436,0.29709,-0.03063), (0.026107,0.019182,0.99948), 0.91273, 1.1921, 3.4017, (gDx*0,gDy*0,gDz*0)),rgb(0,1,0.90625));
		draw(
			ellipsoid( (-0.0074515,0.9975,-0.070284), (-0.96474,-0.025663,-0.26194), (-0.26309,0.065854,0.96252), 1.0421, 1.6334, 3.4132, (gDx*1,gDy*0,gDz*0)),rgb(0,1,0.71875));
		draw(
			ellipsoid( (0.041387,0.9625,-0.26811), (-0.64625,-0.17886,-0.74187), (-0.762,0.20397,0.61462), 0.93367, 1.4329, 3.5605, (gDx*2,gDy*0,gDz*0)),rgb(0,1,0.90625));
		draw(
			ellipsoid( (0.32755,0.92229,0.20517), (-0.305,0.30873,-0.90092), (-0.89425,0.23252,0.38242), 1.025, 1.1482, 3.4737, (gDx*3,gDy*0,gDz*0)),rgb(0,1,0.90625));
		draw(
			ellipsoid( (-0.35785,-0.66735,-0.65313), (0.077095,-0.71818,0.69158), (-0.93059,0.19713,0.30845), 1.1477, 1.2945, 3.299, (gDx*4,gDy*0,gDz*0)),rgb(0,1,0.625));
		draw(
			ellipsoid( (-0.1012,-0.58929,-0.80156), (0.0062122,-0.80605,0.59181), (-0.99485,0.054915,0.085237), 1.062, 1.494, 3.4106, (gDx*5,gDy*0,gDz*0)),rgb(0,1,0.71875));
		draw(
			ellipsoid( (0.022252,0.62912,0.77699), (-0.024989,0.77729,-0.62865), (-0.99944,-0.0054274,0.033017), 0.96193, 1.5691, 3.606, (gDx*6,gDy*0,gDz*0)),rgb(0,1,0.90625));
		draw(
			ellipsoid( (-0.082565,0.59523,0.7993), (-0.052063,0.79837,-0.59992), (-0.99522,-0.091146,-0.034928), 0.86078, 1.3923, 3.6814, (gDx*7,gDy*0,gDz*0)),rgb(0,1,1));
		draw(
			ellipsoid( (-0.1375,0.81496,0.56296), (0.020051,0.57054,-0.82103), (-0.9903,-0.10161,-0.094791), 0.71961, 1.4435, 2.9977, (gDx*8,gDy*0,gDz*0)),rgb(0,1,1));
		draw(
			ellipsoid( (-0.14113,0.815,0.56202), (0.0023513,0.56797,-0.82304), (-0.98999,-0.11484,-0.082076), 0.71041, 1.3942, 2.8504, (gDx*9,gDy*0,gDz*0)),rgb(0,1,0.90625));
		draw(
			ellipsoid( (-0.4025,0.73856,0.54085), (0.24103,-0.48447,0.84095), (-0.88312,-0.46884,-0.016987), 0.98988, 1.6811, 2.9225, (gDx*10,gDy*0,gDz*0)),rgb(0,1,0.53125));
		draw(
			ellipsoid( (-0.78451,0.59128,0.18692), (0.18098,-0.070006,0.98099), (-0.59312,-0.80342,0.052087), 1.3048, 2.1252, 2.7322, (gDx*11,gDy*0,gDz*0)),rgb(0,1,0.0625));
		draw(
			ellipsoid( (-0.97183,0.21622,-0.093806), (-0.10371,-0.034919,0.99399), (-0.21165,-0.97572,-0.056361), 0.6158, 1.9083, 4.1341, (gDx*12,gDy*0,gDz*0)),rgb(0,0.625,1));
		draw(
			ellipsoid( (-0.92459,0.33511,0.1812), (0.16844,-0.067025,0.98343), (-0.3417,-0.93979,-0.0055235), 1.1434, 1.5191, 5.0411, (gDx*13,gDy*0,gDz*0)),rgb(0,0.90625,1));
		draw(
			ellipsoid( (0.67507,-0.7297,0.10869), (-0.010601,0.13772,0.99041), (-0.73768,-0.66975,0.085235), 0.99508, 1.9662, 4.1596, (gDx*14,gDy*0,gDz*0)),rgb(0,1,1));
		draw(
			ellipsoid( (0.54645,-0.81545,0.19087), (0.035788,0.25043,0.96747), (-0.83673,-0.52184,0.16603), 0.96266, 1.966, 4.321, (gDx*15,gDy*0,gDz*0)),rgb(0,1,1));
		draw(
			ellipsoid( (-0.41014,0.84342,-0.34704), (0.0034124,0.38193,0.92418), (-0.91202,-0.37786,0.15952), 1.0395, 1.947, 4.3736, (gDx*16,gDy*0,gDz*0)),rgb(0,1,1));
		draw(
			ellipsoid( (0.158,-0.71778,0.67811), (0.016283,0.68853,0.72502), (-0.98731,-0.10351,0.12047), 0.90894, 1.7322, 4.3581, (gDx*17,gDy*0,gDz*0)),rgb(0,0.90625,1));
		draw(
			ellipsoid( (0.10015,-0.65409,0.74976), (0.015146,0.75446,0.65617), (-0.99486,-0.05436,0.085467), 0.93136, 1.8797, 4.5224, (gDx*18,gDy*0,gDz*0)),rgb(0,0.90625,1));
		draw(
			ellipsoid( (-0.062865,-0.48893,0.87006), (0.082592,0.86624,0.49275), (-0.9946,0.10284,-0.014075), 1.1924, 2.1422, 4.1957, (gDx*19,gDy*0,gDz*0)),rgb(0,1,0.8125));
		draw(
			ellipsoid( (-0.29207,-0.38843,0.87397), (0.10085,0.89621,0.43201), (-0.95107,0.21431,-0.22258), 1.0365, 2.2015, 3.5893, (gDx*20,gDy*0,gDz*0)),rgb(0,1,0.8125));
		draw(
			ellipsoid( (-0.3454,-0.31196,0.88509), (0.14134,0.91508,0.37769), (-0.92775,0.25555,-0.27197), 1.1935, 2.2627, 3.7861, (gDx*21,gDy*0,gDz*0)),rgb(0,1,0.625));
		draw(
			ellipsoid( (-0.33131,-0.14169,0.93282), (0.1328,0.97182,0.19478), (-0.93413,0.18841,-0.30315), 1.1039, 2.1161, 4.1947, (gDx*22,gDy*0,gDz*0)),rgb(0,1,0.90625));
		draw(
			ellipsoid( (-0.5938,-0.21363,0.77573), (0.043968,0.95405,0.2964), (-0.80341,0.21011,-0.55713), 1.4827, 2.5607, 3.6336, (gDx*23,gDy*0,gDz*0)),rgb(0,1,0.34375));
		draw(
			ellipsoid( (-0.87272,-0.21802,0.43684), (-0.042959,0.92557,0.37613), (0.48633,-0.30949,0.81713), 1.8411, 2.5979, 3.3405, (gDx*24,gDy*0,gDz*0)),rgb(0.21875,1,0));
		draw(
			ellipsoid( (-0.13161,-0.9431,0.30534), (0.94199,-0.023034,0.33486), (-0.30878,0.3317,0.89142), 0.92728, 1.3402, 3.7144, (gDx*0,gDy*1,gDz*0)),rgb(0,1,1));
		draw(
			ellipsoid( (0.96465,0.26345,0.006912), (-0.2412,0.89315,-0.37961), (-0.10618,0.36453,0.92512), 1.0493, 1.2223, 3.5992, (gDx*1,gDy*1,gDz*0)),rgb(0,1,0.90625));
		draw(
			ellipsoid( (-0.54666,0.67057,-0.50151), (0.76935,0.63865,0.015332), (-0.33057,0.37745,0.86502), 1.139, 1.53, 3.2174, (gDx*2,gDy*1,gDz*0)),rgb(0,1,0.53125));
		draw(
			ellipsoid( (-0.64024,-0.53029,-0.55578), (0.10433,-0.77683,0.62101), (-0.76106,0.33961,0.55268), 1.1674, 1.2294, 3.3978, (gDx*3,gDy*1,gDz*0)),rgb(0,1,0.71875));
		draw(
			ellipsoid( (-0.58315,-0.50604,-0.63551), (-0.022409,-0.77197,0.63526), (-0.81206,0.38469,0.43883), 1.1046, 1.3736, 3.2434, (gDx*4,gDy*1,gDz*0)),rgb(0,1,0.625));
		draw(
			ellipsoid( (-0.54239,-0.50551,-0.67103), (-0.12243,-0.74264,0.65841), (-0.83116,0.43926,0.34091), 1.0994, 1.4237, 2.9893, (gDx*5,gDy*1,gDz*0)),rgb(0,1,0.53125));
		draw(
			ellipsoid( (-0.19635,-0.79941,-0.5678), (0.090113,-0.59133,0.80138), (-0.97638,0.10619,0.18815), 0.894, 1.6614, 3.1562, (gDx*6,gDy*1,gDz*0)),rgb(0,1,0.8125));
		draw(
			ellipsoid( (0.084274,0.92031,0.38201), (0.014534,-0.38447,0.92302), (-0.99634,0.072234,0.045777), 0.62519, 1.4598, 3.1508, (gDx*7,gDy*1,gDz*0)),rgb(0,0.8125,1));
		draw(
			ellipsoid( (-0.014822,0.8869,0.46172), (-0.032865,-0.46195,0.8863), (-0.99935,0.0020379,-0.035995), 0.76453, 1.4359, 2.8118, (gDx*8,gDy*1,gDz*0)),rgb(0,1,0.8125));
		draw(
			ellipsoid( (-0.031657,0.86226,0.50548), (-0.02467,-0.50625,0.86203), (-0.99919,-0.014819,-0.037299), 0.78086, 1.4012, 2.8216, (gDx*9,gDy*1,gDz*0)),rgb(0,1,0.8125));
		draw(
			ellipsoid( (-0.22178,0.68416,0.6948), (-0.1723,0.67383,-0.71851), (-0.95975,-0.27906,-0.031561), 0.95808, 1.4659, 2.7491, (gDx*10,gDy*1,gDz*0)),rgb(0,1,0.53125));
		draw(
			ellipsoid( (0.47245,-0.88121,0.016293), (0.085618,0.027488,-0.99595), (0.87719,0.47193,0.088434), 0.94703, 1.2822, 2.825, (gDx*11,gDy*1,gDz*0)),rgb(0,1,0.625));
		draw(
			ellipsoid( (-0.53394,0.83832,-0.11014), (-0.088134,0.074372,0.99333), (-0.84092,-0.54008,-0.034174), 0.96036, 1.4767, 3.4586, (gDx*12,gDy*1,gDz*0)),rgb(0,1,0.8125));
		draw(
			ellipsoid( (0.67244,-0.73243,0.10668), (-0.010854,0.13436,0.99087), (-0.74007,-0.66746,0.082397), 0.99792, 1.9657, 4.1506, (gDx*13,gDy*1,gDz*0)),rgb(0,1,1));
		draw(
			ellipsoid( (0.67244,-0.73242,0.10669), (-0.010838,0.13438,0.99087), (-0.74007,-0.66746,0.082426), 0.99788, 1.9657, 4.1507, (gDx*14,gDy*1,gDz*0)),rgb(0,1,1));
		draw(
			ellipsoid( (-0.52528,0.82444,-0.21066), (0.008967,0.25291,0.96745), (-0.85088,-0.50629,0.14024), 1.0319, 1.9992, 4.1264, (gDx*15,gDy*1,gDz*0)),rgb(0,1,0.90625));
		draw(
			ellipsoid( (-0.41011,0.84348,-0.34692), (0.0035718,0.38186,0.92421), (-0.91203,-0.37779,0.15962), 1.0401, 1.9468, 4.3725, (gDx*16,gDy*1,gDz*0)),rgb(0,1,1));
		draw(
			ellipsoid( (0.19203,-0.73007,0.65584), (0.049413,0.67462,0.73651), (-0.98014,-0.10903,0.16563), 1.0174, 1.8962, 4.1889, (gDx*17,gDy*1,gDz*0)),rgb(0,1,1));
		draw(
			ellipsoid( (0.11766,-0.65875,0.74311), (0.078109,0.75213,0.65437), (-0.98998,-0.018952,0.13995), 1.048, 2.0383, 4.482, (gDx*18,gDy*1,gDz*0)),rgb(0,1,1));
		draw(
			ellipsoid( (-0.048793,-0.57134,0.81926), (0.12388,0.81044,0.57257), (-0.9911,0.12942,0.031231), 1.2881, 2.2975, 4.2051, (gDx*19,gDy*1,gDz*0)),rgb(0,1,0.71875));
		draw(
			ellipsoid( (-0.1285,-0.43609,0.89068), (0.20763,0.86639,0.45415), (-0.96973,0.24329,-0.020786), 1.202, 2.4895, 4.1969, (gDx*20,gDy*1,gDz*0)),rgb(0,1,0.8125));
		draw(
			ellipsoid( (-0.23917,-0.38688,0.89058), (0.18597,0.88196,0.43308), (-0.953,0.2692,-0.13899), 1.266, 2.4468, 4.0796, (gDx*21,gDy*1,gDz*0)),rgb(0,1,0.71875));
		draw(
			ellipsoid( (-0.4274,-0.41855,0.80134), (0.067271,0.8692,0.48987), (-0.90156,0.26328,-0.34334), 1.5278, 2.244, 4.0151, (gDx*22,gDy*1,gDz*0)),rgb(0,1,0.4375));
		draw(
			ellipsoid( (0.49861,0.38765,-0.77532), (-0.065193,-0.87513,-0.47948), (-0.86437,0.28962,-0.41107), 1.6525, 2.322, 3.8668, (gDx*23,gDy*1,gDz*0)),rgb(0,1,0.25));
		draw(
			ellipsoid( (-0.64563,-0.11116,0.75552), (-0.26363,-0.89608,-0.35712), (0.71671,-0.42974,0.54923), 1.8121, 2.5785, 3.7738, (gDx*24,gDy*1,gDz*0)),rgb(0,1,0.0625));
		draw(
			ellipsoid( (-0.83029,-0.18843,-0.52452), (0.057468,0.90715,-0.41686), (-0.55436,0.37625,0.74237), 1.0596, 1.2279, 3.3446, (gDx*0,gDy*2,gDz*0)),rgb(0,1,0.8125));
		draw(
			ellipsoid( (-0.93069,0.1976,-0.30784), (-0.31023,-0.87228,0.37801), (-0.19383,0.44731,0.87312), 0.68963, 1.3605, 3.4083, (gDx*1,gDy*2,gDz*0)),rgb(0,0.90625,1));
		draw(
			ellipsoid( (-0.76507,0.53572,-0.35732), (-0.64209,-0.67679,0.36011), (-0.048911,0.50494,0.86177), 1.026, 1.4282, 3.2006, (gDx*2,gDy*2,gDz*0)),rgb(0,1,0.71875));
		draw(
			ellipsoid( (-0.37374,0.80224,-0.46554), (0.92753,0.32224,-0.18934), (0.0018855,0.50256,0.86454), 1.0676, 1.7061, 3.4228, (gDx*3,gDy*2,gDz*0)),rgb(0,1,0.71875));
		draw(
			ellipsoid( (-0.12894,0.77146,-0.62308), (0.84652,0.41289,0.33604), (-0.51651,0.48412,0.70629), 1.3378, 1.76, 3.3037, (gDx*4,gDy*2,gDz*0)),rgb(0,1,0.34375));
		draw(
			ellipsoid( (-0.65948,-0.059281,-0.74939), (0.455,0.76206,-0.46069), (-0.59839,0.64478,0.47559), 1.3103, 1.5622, 2.7388, (gDx*5,gDy*2,gDz*0)),rgb(0,1,0.0625));
		draw(
			ellipsoid( (0.51017,0.23709,0.82675), (-0.44895,-0.74649,0.49111), (0.7336,-0.62172,-0.2744), 1.2667, 1.5329, 2.666, (gDx*6,gDy*2,gDz*0)),rgb(0,1,0.0625));
		draw(
			ellipsoid( (0.24609,0.21372,0.94539), (0.55577,0.76799,-0.31829), (-0.79408,0.60375,0.070217), 1.1647, 1.5752, 2.7205, (gDx*7,gDy*2,gDz*0)),rgb(0,1,0.25));
		draw(
			ellipsoid( (0.090508,0.14167,0.98577), (0.49287,0.85374,-0.16795), (-0.86538,0.50106,0.0074469), 0.93928, 1.5063, 2.6847, (gDx*8,gDy*2,gDz*0)),rgb(0,1,0.53125));
		draw(
			ellipsoid( (0.10509,0.83778,0.5358), (-0.069639,-0.53126,0.84434), (-0.99202,0.12604,-0.0025131), 0.88332, 1.3585, 2.7898, (gDx*9,gDy*2,gDz*0)),rgb(0,1,0.625));
		draw(
			ellipsoid( (-0.002468,0.89979,0.43632), (0.047584,-0.43572,0.89882), (-0.99886,-0.02298,0.04174), 0.89334, 1.4269, 2.6629, (gDx*10,gDy*2,gDz*0)),rgb(0,1,0.625));
		draw(
			ellipsoid( (-0.11155,0.92022,0.37516), (0.058782,-0.37074,0.92687), (-0.99202,-0.12545,0.012735), 1.1658, 1.4119, 3.1865, (gDx*11,gDy*2,gDz*0)),rgb(0,1,0.53125));
		draw(
			ellipsoid( (0.18299,-0.98268,-0.029101), (0.054348,0.039667,-0.99773), (0.98161,0.18099,0.060665), 1.1325, 1.616, 3.5934, (gDx*12,gDy*2,gDz*0)),rgb(0,1,0.71875));
		draw(
			ellipsoid( (-0.40392,0.90893,0.10342), (0.075498,-0.079548,0.99397), (-0.91167,-0.40929,0.036491), 1.2053, 1.9856, 4.416, (gDx*13,gDy*2,gDz*0)),rgb(0,1,0.8125));
		draw(
			ellipsoid( (0.46049,-0.88309,-0.090002), (0.13539,-0.030334,0.99033), (-0.87728,-0.46822,0.10559), 1.0833, 2.017, 4.3242, (gDx*14,gDy*2,gDz*0)),rgb(0,1,0.90625));
		draw(
			ellipsoid( (0.41023,-0.91104,0.041475), (0.15457,0.11428,0.98135), (-0.89879,-0.39617,0.18769), 1.1437, 2.0645, 4.4003, (gDx*15,gDy*2,gDz*0)),rgb(0,1,0.90625));
		draw(
			ellipsoid( (0.30351,-0.94879,0.087616), (0.22348,0.16027,0.96144), (-0.92625,-0.27223,0.26068), 1.1584, 2.078, 4.369, (gDx*16,gDy*2,gDz*0)),rgb(0,1,0.90625));
		draw(
			ellipsoid( (0.20963,-0.91039,0.35672), (0.2583,0.40343,0.8778), (-0.94305,-0.091874,0.31972), 1.1096, 2.2158, 4.335, (gDx*17,gDy*2,gDz*0)),rgb(0,1,0.90625));
		draw(
			ellipsoid( (0.16677,-0.76713,0.61944), (0.20207,0.6415,0.74003), (-0.96507,0.0017573,0.262), 1.0754, 2.1857, 4.2313, (gDx*18,gDy*2,gDz*0)),rgb(0,1,0.90625));
		draw(
			ellipsoid( (0.01099,-0.51176,0.85906), (0.27729,0.82698,0.4891), (-0.96072,0.23283,0.151), 1.2955, 2.5239, 4.0451, (gDx*19,gDy*2,gDz*0)),rgb(0,1,0.625));
		draw(
			ellipsoid( (-0.054208,-0.43334,0.8996), (0.31803,0.84652,0.42693), (-0.94653,0.30924,0.091926), 1.2026, 2.5242, 4.1053, (gDx*20,gDy*2,gDz*0)),rgb(0,1,0.71875));
		draw(
			ellipsoid( (-0.18135,-0.43363,0.88265), (0.27545,0.83921,0.46888), (-0.94405,0.32816,-0.032747), 1.3529, 2.3954, 3.9205, (gDx*21,gDy*2,gDz*0)),rgb(0,1,0.53125));
		draw(
			ellipsoid( (-0.41476,-0.43674,0.79827), (0.13912,0.83653,0.52996), (-0.89923,0.33086,-0.2862), 1.6023, 2.3524, 3.9165, (gDx*22,gDy*2,gDz*0)),rgb(0,1,0.25));
		draw(
			ellipsoid( (-0.47087,-0.39486,0.7889), (0.12155,0.85667,0.50134), (-0.87379,0.33196,-0.35539), 1.681, 2.4059, 3.9086, (gDx*23,gDy*2,gDz*0)),rgb(0,1,0.25));
		draw(
			ellipsoid( (-0.63898,-0.12109,0.75963), (-0.29526,-0.87328,-0.38756), (0.7103,-0.47193,0.52226), 1.7605, 2.5654, 3.7273, (gDx*24,gDy*2,gDz*0)),rgb(0,1,0.0625));
		draw(
			ellipsoid( (-0.53531,0.23508,-0.81128), (0.48939,0.86916,-0.071063), (-0.68843,0.43507,0.58032), 1.0212, 1.3618, 3.1745, (gDx*0,gDy*3,gDz*0)),rgb(0,1,0.71875));
		draw(
			ellipsoid( (-0.4792,0.63015,-0.61097), (0.79264,0.60965,0.0070971), (-0.37695,0.48088,0.79162), 0.99409, 1.2739, 3.1457, (gDx*1,gDy*3,gDz*0)),rgb(0,1,0.71875));
		draw(
			ellipsoid( (-0.43584,0.75113,-0.49582), (0.89845,0.3306,-0.28893), (0.053106,0.5714,0.81895), 1.0382, 1.5956, 3.2895, (gDx*2,gDy*3,gDz*0)),rgb(0,1,0.625));
		draw(
			ellipsoid( (-0.32335,0.79837,-0.50798), (0.92453,0.15212,-0.34943), (0.2017,0.58263,0.78731), 1.0369, 1.5854, 3.3318, (gDx*3,gDy*3,gDz*0)),rgb(0,1,0.71875));
		draw(
			ellipsoid( (-0.32789,0.78175,-0.53043), (0.92316,0.14587,-0.35568), (0.20067,0.60629,0.76951), 1.0738, 1.6693, 3.1564, (gDx*4,gDy*3,gDz*0)),rgb(0,1,0.53125));
		draw(
			ellipsoid( (-0.37194,0.64163,-0.67079), (0.90533,0.091125,-0.41483), (0.20504,0.76158,0.61478), 1.2091, 1.7497, 2.8545, (gDx*5,gDy*3,gDz*0)),rgb(0,1,0.25));
		draw(
			ellipsoid( (-0.59688,0.30961,-0.74018), (0.79458,0.356,-0.49184), (0.11123,-0.8817,-0.4585), 1.0461, 1.7457, 2.7944, (gDx*6,gDy*3,gDz*0)),rgb(0,1,0.4375));
		draw(
			ellipsoid( (-0.62893,-0.13161,-0.76624), (0.64829,0.45524,-0.61031), (0.42914,-0.88059,-0.20099), 1.191, 1.6952, 2.5825, (gDx*7,gDy*3,gDz*0)),rgb(0,1,0.0625));
		draw(
			ellipsoid( (-0.63453,-0.22289,-0.74006), (0.61389,0.43642,-0.65778), (0.46959,-0.8717,-0.14009), 1.2256, 1.7624, 2.6945, (gDx*8,gDy*3,gDz*0)),rgb(0,1,0.15625));
		draw(
			ellipsoid( (0.38735,0.66531,0.63822), (-0.28383,-0.57259,0.76915), (-0.87716,0.47907,0.032953), 1.1898, 1.8337, 2.7447, (gDx*9,gDy*3,gDz*0)),rgb(0,1,0.15625));
		draw(
			ellipsoid( (0.32131,0.85014,0.41717), (-0.094085,-0.40969,0.90736), (-0.94229,0.33079,0.05165), 1.148, 1.7638, 2.8411, (gDx*10,gDy*3,gDz*0)),rgb(0,1,0.34375));
		draw(
			ellipsoid( (0.22887,0.91215,0.34001), (-0.032143,-0.34201,0.93915), (-0.97293,0.22588,0.048958), 1.2406, 1.716, 2.9476, (gDx*11,gDy*3,gDz*0)),rgb(0,1,0.25));
		draw(
			ellipsoid( (0.02612,0.99342,0.11148), (-0.023907,-0.11086,0.99355), (-0.99937,0.028616,-0.020854), 1.1091, 1.6603, 3.4918, (gDx*12,gDy*3,gDz*0)),rgb(0,1,0.625));
		draw(
			ellipsoid( (-0.10527,0.99307,0.052179), (0.017687,-0.050592,0.99856), (-0.99429,-0.10604,0.012239), 1.1943, 1.6392, 4.0601, (gDx*13,gDy*3,gDz*0)),rgb(0,1,0.8125));
		draw(
			ellipsoid( (0.27549,-0.94675,-0.16664), (0.14098,-0.13169,0.98122), (-0.95091,-0.29381,0.097197), 1.2466, 1.8863, 4.1539, (gDx*14,gDy*3,gDz*0)),rgb(0,1,0.71875));
		draw(
			ellipsoid( (0.32867,-0.94365,0.038783), (0.18042,0.10304,0.97818), (-0.92705,-0.31451,0.20412), 1.2014, 2.0232, 4.3533, (gDx*15,gDy*3,gDz*0)),rgb(0,1,0.8125));
		draw(
			ellipsoid( (0.30347,-0.94881,0.087589), (0.22351,0.16024,0.96144), (-0.92626,-0.27219,0.2607), 1.1584, 2.0781, 4.3689, (gDx*16,gDy*3,gDz*0)),rgb(0,1,0.90625));
		draw(
			ellipsoid( (0.20962,-0.9104,0.35668), (0.25834,0.40339,0.8778), (-0.94304,-0.091858,0.31976), 1.1096, 2.2158, 4.3349, (gDx*17,gDy*3,gDz*0)),rgb(0,1,0.90625));
		draw(
			ellipsoid( (0.1804,-0.7876,0.58918), (0.24105,0.61615,0.74984), (-0.9536,0.0067456,0.301), 1.1373, 2.2016, 4.1897, (gDx*18,gDy*3,gDz*0)),rgb(0,1,0.8125));
		draw(
			ellipsoid( (0.026496,-0.5404,0.84099), (0.38754,0.78105,0.48967), (-0.92147,0.31294,0.23012), 1.197, 2.5181, 3.9626, (gDx*19,gDy*3,gDz*0)),rgb(0,1,0.71875));
		draw(
			ellipsoid( (-0.016638,-0.53414,0.84523), (0.39451,0.77326,0.49642), (-0.91874,0.34172,0.19786), 1.1721, 2.5216, 3.9691, (gDx*20,gDy*3,gDz*0)),rgb(0,1,0.71875));
		draw(
			ellipsoid( (-0.088876,-0.43802,0.89456), (0.36533,0.82119,0.43839), (-0.92662,0.36577,0.08704), 1.3719, 2.4733, 3.7764, (gDx*21,gDy*3,gDz*0)),rgb(0,1,0.4375));
		draw(
			ellipsoid( (-0.16125,-0.33537,0.92818), (0.41421,0.83065,0.37209), (-0.89578,0.44446,0.0049663), 1.8163, 2.6656, 3.7397, (gDx*22,gDy*3,gDz*0)),rgb(0.03125,1,0));
		draw(
			ellipsoid( (-0.29912,-0.14773,0.94271), (-0.46201,-0.842,-0.27854), (0.83491,-0.51885,0.1836), 2.0474, 2.654, 3.8506, (gDx*23,gDy*3,gDz*0)),rgb(0.125,1,0));
		draw(
			ellipsoid( (-0.28119,0.067203,0.9573), (-0.62479,-0.76999,-0.12947), (0.72841,-0.63451,0.2585), 2.02, 2.6891, 3.8656, (gDx*24,gDy*3,gDz*0)),rgb(0.125,1,0));
		draw(
			ellipsoid( (0.13269,-0.30272,0.9438), (0.7157,0.68801,0.12005), (-0.68568,0.65955,0.30795), 0.91023, 1.4933, 3.379, (gDx*0,gDy*4,gDz*0)),rgb(0,1,0.8125));
		draw(
			ellipsoid( (0.21827,-0.34361,0.9134), (0.79778,0.60188,0.03578), (-0.56205,0.72088,0.4055), 0.88964, 1.3298, 3.132, (gDx*1,gDy*4,gDz*0)),rgb(0,1,0.8125));
		draw(
			ellipsoid( (-0.33077,0.5732,-0.74969), (0.9322,0.32217,-0.16496), (-0.14697,0.75342,0.6409), 0.78312, 1.5764, 2.797, (gDx*2,gDy*4,gDz*0)),rgb(0,1,0.8125));
		draw(
			ellipsoid( (-0.12918,0.77903,-0.61354), (0.94911,-0.082086,-0.30406), (0.28723,0.62159,0.72878), 1.0888, 1.4331, 3.1952, (gDx*3,gDy*4,gDz*0)),rgb(0,1,0.625));
		draw(
			ellipsoid( (-0.26435,0.8024,-0.53505), (0.91053,0.024779,-0.41271), (0.3179,0.59627,0.73716), 1.0826, 1.5894, 3.1545, (gDx*4,gDy*4,gDz*0)),rgb(0,1,0.53125));
		draw(
			ellipsoid( (-0.41573,0.79406,-0.44344), (-0.80483,-0.094115,0.586), (0.42359,0.60051,0.67821), 1.1396, 1.7138, 3.1224, (gDx*5,gDy*4,gDz*0)),rgb(0,1,0.4375));
		draw(
			ellipsoid( (-0.5782,0.67282,-0.46151), (-0.72342,-0.16121,0.67132), (0.37728,0.72203,0.57995), 1.0099, 1.7496, 3.1189, (gDx*6,gDy*4,gDz*0)),rgb(0,1,0.625));
		draw(
			ellipsoid( (-0.62844,0.29685,-0.71898), (0.77037,0.10962,-0.6281), (-0.10764,-0.94861,-0.29758), 1.167, 1.6776, 2.8857, (gDx*7,gDy*4,gDz*0)),rgb(0,1,0.34375));
		draw(
			ellipsoid( (-0.74537,0.065957,-0.66338), (0.66624,0.10878,-0.73776), (0.023503,-0.99188,-0.12503), 1.0808, 1.7475, 2.6905, (gDx*8,gDy*4,gDz*0)),rgb(0,1,0.34375));
		draw(
			ellipsoid( (-0.73569,0.056278,-0.67498), (-0.6767,-0.018287,0.73603), (-0.029079,-0.99825,-0.051537), 1.0585, 1.8094, 2.6526, (gDx*9,gDy*4,gDz*0)),rgb(0,1,0.34375));
		draw(
			ellipsoid( (0.45568,0.8199,0.34657), (-0.075988,-0.35209,0.93288), (-0.88689,0.45143,0.098138), 1.2472, 1.8211, 2.7434, (gDx*10,gDy*4,gDz*0)),rgb(0,1,0.15625));
		draw(
			ellipsoid( (0.41614,0.85322,0.31439), (-0.025232,-0.33478,0.94196), (-0.90895,0.39992,0.11779), 1.2197, 1.836, 2.9434, (gDx*11,gDy*4,gDz*0)),rgb(0,1,0.25));
		draw(
			ellipsoid( (0.2857,0.92971,-0.23241), (0.068559,0.22207,0.97262), (-0.95586,0.29381,0.00029532), 1.124, 1.9134, 4.0914, (gDx*12,gDy*4,gDz*0)),rgb(0,1,0.8125));
		draw(
			ellipsoid( (0.17606,0.94354,-0.28061), (0.066005,0.2731,0.95972), (-0.98216,0.18749,0.014196), 1.2086, 2.0665, 4.182, (gDx*13,gDy*4,gDz*0)),rgb(0,1,0.71875));
		draw(
			ellipsoid( (0.11134,0.93163,-0.34592), (0.10295,0.3354,0.93643), (-0.98844,0.13988,0.058567), 1.263, 2.0585, 3.9666, (gDx*14,gDy*4,gDz*0)),rgb(0,1,0.625));
		draw(
			ellipsoid( (-0.095468,0.98275,-0.15841), (-0.25934,-0.1782,-0.9492), (-0.96105,-0.049534,0.27188), 1.0859, 2.0469, 3.7537, (gDx*15,gDy*4,gDz*0)),rgb(0,1,0.71875));
		draw(
			ellipsoid( (-0.13279,0.97762,-0.16317), (-0.31434,-0.19767,-0.9285), (-0.93998,-0.072004,0.33355), 1.0946, 2.07, 3.8945, (gDx*16,gDy*4,gDz*0)),rgb(0,1,0.8125));
		draw(
			ellipsoid( (-0.16695,0.93061,-0.32571), (-0.30146,-0.3627,-0.8818), (-0.93875,-0.049026,0.34109), 1.1888, 2.0786, 3.9981, (gDx*17,gDy*4,gDz*0)),rgb(0,1,0.71875));
		draw(
			ellipsoid( (0.1528,-0.87993,0.44987), (0.30947,0.47492,0.82382), (-0.93855,0.013341,0.34488), 1.2326, 2.1142, 4.1438, (gDx*18,gDy*4,gDz*0)),rgb(0,1,0.71875));
		draw(
			ellipsoid( (0.037237,-0.61795,0.78533), (0.39389,0.73133,0.55678), (-0.9184,0.2886,0.27063), 1.1853, 2.5741, 4.2223, (gDx*19,gDy*4,gDz*0)),rgb(0,1,0.8125));
		draw(
			ellipsoid( (-0.034506,-0.64183,0.76607), (0.59302,0.60385,0.53262), (-0.80445,0.47268,0.35978), 1.5272, 2.7373, 3.9, (gDx*20,gDy*4,gDz*0)),rgb(0,1,0.34375));
		draw(
			ellipsoid( (-0.092893,-0.57672,0.81165), (0.62876,0.59809,0.49694), (-0.77203,0.55649,0.30706), 1.6321, 2.7297, 3.7788, (gDx*21,gDy*4,gDz*0)),rgb(0,1,0.25));
		draw(
			ellipsoid( (-0.10757,-0.40607,0.90749), (0.6863,0.63009,0.3633), (-0.71932,0.66189,0.21091), 1.8093, 2.8084, 3.6047, (gDx*22,gDy*4,gDz*0)),rgb(0.03125,1,0));
		draw(
			ellipsoid( (-0.18838,-0.1514,0.97035), (0.65475,0.71707,0.239), (-0.73199,0.68036,-0.035952), 2.0076, 2.8084, 3.8818, (gDx*23,gDy*4,gDz*0)),rgb(0.125,1,0));
		draw(
			ellipsoid( (-0.14386,0.032328,0.98907), (-0.72406,-0.68473,-0.082936), (0.67456,-0.72808,0.12191), 1.9761, 2.7813, 3.9438, (gDx*24,gDy*4,gDz*0)),rgb(0.03125,1,0));
		draw(
			ellipsoid( (0.060031,-0.21671,0.97439), (0.86806,0.49326,0.056224), (-0.49281,0.84245,0.21773), 0.86336, 1.5365, 3.6577, (gDx*0,gDy*5,gDz*0)),rgb(0,1,1));
		draw(
			ellipsoid( (0.18607,-0.24938,0.95036), (-0.88941,-0.45378,0.055069), (0.41752,-0.85551,-0.30623), 0.88919, 1.4888, 3.3785, (gDx*1,gDy*5,gDz*0)),rgb(0,1,0.90625));
		draw(
			ellipsoid( (0.35461,-0.49842,0.79109), (-0.93463,-0.16487,0.31508), (-0.026614,-0.85111,-0.52431), 0.77406, 1.5844, 3.1821, (gDx*2,gDy*5,gDz*0)),rgb(0,1,0.90625));
		draw(
			ellipsoid( (0.22657,-0.59548,0.77076), (-0.91773,0.13455,0.37373), (-0.32626,-0.79202,-0.51601), 0.83416, 1.5901, 3.2356, (gDx*3,gDy*5,gDz*0)),rgb(0,1,0.90625));
		draw(
			ellipsoid( (-0.28452,0.79163,-0.54071), (0.84829,-0.054857,-0.52668), (0.4466,0.60853,0.65593), 1.0663, 1.667, 3.1186, (gDx*4,gDy*5,gDz*0)),rgb(0,1,0.53125));
		draw(
			ellipsoid( (-0.20211,0.89055,-0.40751), (-0.76677,0.11498,0.63154), (0.60927,0.44011,0.65961), 1.0971, 1.7871, 3.0275, (gDx*5,gDy*5,gDz*0)),rgb(0,1,0.4375));
		draw(
			ellipsoid( (-0.18963,0.88538,-0.42444), (-0.76764,0.13584,0.62631), (0.61218,0.44458,0.6539), 1.0907, 1.8013, 2.9972, (gDx*6,gDy*5,gDz*0)),rgb(0,1,0.4375));
		draw(
			ellipsoid( (-0.31673,0.77975,-0.54006), (-0.71471,0.17813,0.67635), (0.62359,0.60021,0.50088), 1.1815, 1.7014, 2.5022, (gDx*7,gDy*5,gDz*0)),rgb(0,1,0.0625));
		draw(
			ellipsoid( (-0.33083,0.77032,-0.54513), (-0.71426,0.17313,0.67813), (0.61675,0.61371,0.49293), 1.1684, 1.6936, 2.4559, (gDx*8,gDy*5,gDz*0)),rgb(0,1,0.0625));
		draw(
			ellipsoid( (-0.78034,0.46995,-0.41257), (-0.47707,-0.020813,0.87862), (-0.40432,-0.88245,-0.24044), 1.0956, 1.7444, 2.7554, (gDx*9,gDy*5,gDz*0)),rgb(0,1,0.34375));
		draw(
			ellipsoid( (-0.75302,0.08164,-0.65291), (0.65218,0.22426,-0.72413), (0.087304,-0.9711,-0.22212), 1.6482, 2.026, 2.3117, (gDx*10,gDy*5,gDz*0)),rgb(0.875,1,0));
		draw(
			ellipsoid( (-0.5396,-0.61299,-0.57712), (-0.18904,-0.57977,0.79255), (-0.82042,0.53676,0.19696), 1.3259, 1.7249, 2.7628, (gDx*11,gDy*5,gDz*0)),rgb(0,1,0.0625));
		draw(
			ellipsoid( (0.42435,0.87405,-0.23657), (0.15847,0.18554,0.96977), (-0.89152,0.44901,0.059777), 1.2777, 2.0583, 4.0682, (gDx*12,gDy*5,gDz*0)),rgb(0,1,0.625));
		draw(
			ellipsoid( (0.39671,0.87077,-0.29049), (0.18779,0.23278,0.95423), (-0.89853,0.4331,0.07118), 1.2315, 2.2931, 4.0888, (gDx*13,gDy*5,gDz*0)),rgb(0,1,0.71875));
		draw(
			ellipsoid( (0.33477,0.8831,-0.32874), (0.23129,0.26119,0.93717), (-0.91347,0.38977,0.11682), 1.2626, 2.3866, 3.927, (gDx*14,gDy*5,gDz*0)),rgb(0,1,0.625));
		draw(
			ellipsoid( (0.2343,0.92666,-0.29395), (0.31594,0.21338,0.92448), (-0.9194,0.30947,0.24277), 1.2088, 2.3536, 3.6238, (gDx*15,gDy*5,gDz*0)),rgb(0,1,0.625));
		draw(
			ellipsoid( (0.03446,0.99028,-0.13472), (-0.41734,-0.10823,-0.90228), (-0.90809,0.087319,0.40956), 0.5013, 2.3446, 4.0677, (gDx*16,gDy*5,gDz*0)),rgb(0,0.4375,1));
		draw(
			ellipsoid( (-0.099587,0.92687,-0.36192), (-0.32753,-0.374,-0.86767), (-0.93958,0.032132,0.34082), 1.2291, 2.0842, 3.8792, (gDx*17,gDy*5,gDz*0)),rgb(0,1,0.625));
		draw(
			ellipsoid( (0.092531,-0.90948,0.40531), (0.33607,0.4117,0.84709), (-0.93728,0.057831,0.34375), 1.2936, 2.1364, 3.9466, (gDx*18,gDy*5,gDz*0)),rgb(0,1,0.625));
		draw(
			ellipsoid( (0.017665,-0.7747,0.63208), (0.4962,0.55563,0.66713), (-0.86803,0.30185,0.39422), 1.5665, 2.5122, 3.9873, (gDx*19,gDy*5,gDz*0)),rgb(0,1,0.34375));
		draw(
			ellipsoid( (-0.022009,-0.76964,0.6381), (0.6342,0.48265,0.60402), (-0.77286,0.41798,0.47748), 1.7957, 2.7096, 3.9855, (gDx*20,gDy*5,gDz*0)),rgb(0,1,0.15625));
		draw(
			ellipsoid( (-0.078731,-0.5676,0.81953), (0.65514,0.59017,0.47169), (-0.75139,0.57404,0.32539), 1.7164, 2.7651, 3.7433, (gDx*21,gDy*5,gDz*0)),rgb(0,1,0.15625));
		draw(
			ellipsoid( (-0.10758,-0.40611,0.90747), (0.68646,0.62992,0.36328), (-0.71916,0.66203,0.21101), 1.8093, 2.8084, 3.6047, (gDx*22,gDy*5,gDz*0)),rgb(0.03125,1,0));
		draw(
			ellipsoid( (-0.18199,-0.29193,0.93897), (0.74295,0.58471,0.32579), (-0.64413,0.7569,0.11048), 1.8642, 2.8428, 3.7382, (gDx*23,gDy*5,gDz*0)),rgb(0.03125,1,0));
		draw(
			ellipsoid( (-0.20994,-0.20964,0.95497), (0.79151,0.53695,0.29188), (-0.57396,0.81715,0.053202), 1.8572, 2.9608, 3.803, (gDx*24,gDy*5,gDz*0)),rgb(0.03125,1,0));
		draw(
			ellipsoid( (-0.11346,-0.17308,0.97835), (0.99276,0.019434,0.11857), (-0.039535,0.98472,0.16962), 1.0241, 1.4704, 3.1017, (gDx*0,gDy*6,gDz*0)),rgb(0,1,0.625));
		draw(
			ellipsoid( (-0.028644,-0.20232,0.9789), (0.99951,-0.018045,0.025518), (0.012501,0.97915,0.20274), 0.97139, 1.4445, 3.1289, (gDx*1,gDy*6,gDz*0)),rgb(0,1,0.71875));
		draw(
			ellipsoid( (0.081333,-0.33225,0.93968), (-0.99077,0.075662,0.11251), (-0.10848,-0.94015,-0.32303), 0.99814, 1.506, 3.1073, (gDx*2,gDy*6,gDz*0)),rgb(0,1,0.625));
		draw(
			ellipsoid( (0.13413,-0.54236,0.82937), (-0.88215,0.31594,0.34927), (-0.45147,-0.77847,-0.43607), 0.85572, 1.6932, 3.2028, (gDx*3,gDy*6,gDz*0)),rgb(0,1,0.8125));
		draw(
			ellipsoid( (-0.18957,0.67795,-0.71024), (0.81074,-0.29996,-0.50272), (-0.55386,-0.67113,-0.49278), 0.97352, 1.7386, 3.1983, (gDx*4,gDy*6,gDz*0)),rgb(0,1,0.71875));
		draw(
			ellipsoid( (-0.175,0.89819,-0.40328), (-0.76556,0.13343,0.62937), (0.61911,0.41887,0.66427), 1.1159, 1.7579, 2.9945, (gDx*5,gDy*6,gDz*0)),rgb(0,1,0.4375));
		draw(
			ellipsoid( (-0.048548,0.93383,-0.3544), (-0.69984,0.22136,0.67914), (0.71265,0.281,0.64278), 1.0461, 1.9225, 2.8766, (gDx*6,gDy*6,gDz*0)),rgb(0,1,0.4375));
		draw(
			ellipsoid( (-0.032203,0.9273,-0.37293), (-0.62336,0.27303,0.73272), (0.78127,0.25607,0.56925), 1.0804, 2.0062, 2.8585, (gDx*7,gDy*6,gDz*0)),rgb(0,1,0.4375));
		draw(
			ellipsoid( (0.12967,-0.87633,0.46393), (-0.4928,0.34905,0.79707), (0.86043,0.33198,0.38659), 1.0138, 1.8929, 2.7352, (gDx*8,gDy*6,gDz*0)),rgb(0,1,0.4375));
		draw(
			ellipsoid( (-0.50233,0.76978,-0.39383), (-0.40104,0.1961,0.89483), (-0.76605,-0.60744,-0.21021), 1.1617, 1.9927, 2.8974, (gDx*9,gDy*6,gDz*0)),rgb(0,1,0.34375));
		draw(
			ellipsoid( (-0.51399,0.76199,-0.39395), (-0.37815,0.21094,0.90139), (-0.76995,-0.61227,-0.17972), 1.2106, 2.0313, 2.853, (gDx*10,gDy*6,gDz*0)),rgb(0,1,0.25));
		draw(
			ellipsoid( (-0.66049,0.65014,-0.37559), (-0.32408,0.20437,0.92369), (-0.67729,-0.73181,-0.075713), 1.3705, 2.0401, 2.586, (gDx*11,gDy*6,gDz*0)),rgb(0.125,1,0));
		draw(
			ellipsoid( (-0.86766,-0.052011,0.49442), (-0.46636,0.42971,-0.77321), (0.17224,0.90147,0.3971), 1.695, 2.212, 2.4484, (gDx*12,gDy*6,gDz*0)),rgb(0.78125,1,0));
		draw(
			ellipsoid( (0.87285,0.45949,-0.16433), (0.1983,-0.026282,0.97979), (-0.44588,0.8878,0.11406), 1.3995, 2.1831, 3.4932, (gDx*13,gDy*6,gDz*0)),rgb(0,1,0.34375));
		draw(
			ellipsoid( (0.49951,0.70741,-0.50006), (0.38123,0.33883,0.86015), (-0.77792,0.62029,0.10044), 1.3151, 2.6396, 3.6836, (gDx*14,gDy*6,gDz*0)),rgb(0,1,0.53125));
		draw(
			ellipsoid( (0.36685,0.80098,-0.47314), (0.33385,0.36136,0.87061), (-0.86831,0.47733,0.13484), 1.3001, 2.5714, 3.4813, (gDx*15,gDy*6,gDz*0)),rgb(0,1,0.4375));
		draw(
			ellipsoid( (0.21042,0.83982,-0.50042), (0.43024,0.38009,0.81879), (-0.87785,0.38759,0.28135), 1.2256, 2.606, 3.4754, (gDx*16,gDy*6,gDz*0)),rgb(0,1,0.53125));
		draw(
			ellipsoid( (-0.13765,-0.82476,0.54847), (0.54304,0.40025,0.73817), (-0.82835,0.39945,0.39279), 1.4903, 2.1772, 3.2597, (gDx*17,gDy*6,gDz*0)),rgb(0,1,0.0625));
		draw(
			ellipsoid( (-0.028959,-0.9204,0.3899), (0.4118,0.34444,0.84367), (-0.91082,0.18499,0.36905), 1.5349, 2.2596, 3.7281, (gDx*18,gDy*6,gDz*0)),rgb(0,1,0.25));
		draw(
			ellipsoid( (-0.027262,-0.89921,0.43666), (0.55146,0.35081,0.75685), (-0.83376,0.26143,0.48632), 1.538, 2.348, 3.7752, (gDx*19,gDy*6,gDz*0)),rgb(0,1,0.25));
		draw(
			ellipsoid( (-0.033114,-0.78681,0.61631), (0.63091,0.4618,0.62345), (-0.77515,0.40948,0.48111), 1.8056, 2.6535, 3.9582, (gDx*20,gDy*6,gDz*0)),rgb(0,1,0.0625));
		draw(
			ellipsoid( (-0.077439,-0.62888,0.77364), (0.73878,0.48486,0.46809), (-0.66948,0.6078,0.42706), 1.7932, 2.7385, 3.693, (gDx*21,gDy*6,gDz*0)),rgb(0.03125,1,0));
		draw(
			ellipsoid( (-0.16595,-0.43911,0.88297), (0.8392,0.40735,0.3603), (-0.51789,0.80078,0.3009), 1.7986, 2.7999, 3.5166, (gDx*22,gDy*6,gDz*0)),rgb(0.125,1,0));
		draw(
			ellipsoid( (-0.19173,-0.36072,0.91275), (0.85518,0.39493,0.33571), (-0.48157,0.84493,0.23277), 1.7824, 2.8773, 3.5367, (gDx*23,gDy*6,gDz*0)),rgb(0.03125,1,0));
		draw(
			ellipsoid( (-0.2267,-0.25046,0.94121), (0.89352,0.33109,0.30332), (-0.3876,0.90975,0.14873), 1.8607, 2.9918, 3.7364, (gDx*24,gDy*6,gDz*0)),rgb(0.03125,1,0));
		draw(
			ellipsoid( (0.088853,-0.045004,0.99503), (-0.85132,0.51516,0.099321), (-0.51707,-0.85591,0.0074607), 0.85372, 1.5305, 2.925, (gDx*0,gDy*7,gDz*0)),rgb(0,1,0.71875));
		draw(
			ellipsoid( (0.091899,-0.074295,0.99299), (-0.854,0.50696,0.11697), (-0.5121,-0.85876,-0.016859), 0.86245, 1.5471, 2.9123, (gDx*1,gDy*7,gDz*0)),rgb(0,1,0.71875));
		draw(
			ellipsoid( (0.13866,-0.34096,0.92979), (-0.87088,0.40504,0.27841), (-0.47153,-0.84834,-0.24077), 1.0177, 1.6292, 2.8834, (gDx*2,gDy*7,gDz*0)),rgb(0,1,0.53125));
		draw(
			ellipsoid( (0.21437,-0.57022,0.79303), (-0.83372,0.31618,0.45271), (-0.50889,-0.75821,-0.40762), 1.03, 1.6331, 3.2295, (gDx*3,gDy*7,gDz*0)),rgb(0,1,0.625));
		draw(
			ellipsoid( (-0.18956,0.67792,-0.71028), (0.81072,-0.30001,-0.50271), (-0.55389,-0.67113,-0.49273), 0.97353, 1.7387, 3.1983, (gDx*4,gDy*7,gDz*0)),rgb(0,1,0.71875));
		draw(
			ellipsoid( (-0.13112,0.77143,-0.62266), (0.65865,-0.40164,-0.63629), (-0.74094,-0.49355,-0.45544), 1.0521, 1.8097, 2.9028, (gDx*5,gDy*7,gDz*0)),rgb(0,1,0.4375));
		draw(
			ellipsoid( (-0.017675,0.93803,-0.3461), (-0.56946,0.27508,0.77462), (0.82183,0.21078,0.52931), 0.97495, 1.9543, 2.7978, (gDx*6,gDy*7,gDz*0)),rgb(0,1,0.53125));
		draw(
			ellipsoid( (0.047718,0.95251,-0.30075), (-0.59261,0.26938,0.75911), (0.80408,0.14201,0.57732), 1.0324, 1.9892, 2.7333, (gDx*7,gDy*7,gDz*0)),rgb(0,1,0.4375));
		draw(
			ellipsoid( (0.050146,0.95248,-0.30044), (-0.42004,0.29303,0.85889), (0.90612,0.083126,0.41478), 1.0161, 1.9087, 2.6473, (gDx*8,gDy*7,gDz*0)),rgb(0,1,0.4375));
		draw(
			ellipsoid( (-0.19089,0.86422,-0.46548), (0.27941,-0.40675,-0.86976), (-0.941,-0.2961,-0.16383), 1.1269, 1.7713, 2.7566, (gDx*9,gDy*7,gDz*0)),rgb(0,1,0.25));
		draw(
			ellipsoid( (-0.2955,0.81102,-0.50491), (0.31453,-0.41645,-0.85302), (-0.90208,-0.41088,-0.13203), 1.1576, 1.7245, 2.7239, (gDx*10,gDy*7,gDz*0)),rgb(0,1,0.25));
		draw(
			ellipsoid( (-0.59918,0.79345,-0.10687), (-0.11404,0.047539,0.99234), (-0.79245,-0.60678,-0.062002), 1.0286, 1.8298, 2.51, (gDx*11,gDy*7,gDz*0)),rgb(0,1,0.34375));
		draw(
			ellipsoid( (0.70165,-0.71084,0.048965), (0.17149,0.10177,-0.97991), (0.69158,0.69595,0.19331), 1.1073, 2.1625, 2.8408, (gDx*12,gDy*7,gDz*0)),rgb(0,1,0.4375));
		draw(
			ellipsoid( (0.78866,-0.60987,0.077873), (0.18055,0.10866,-0.97754), (0.58772,0.78501,0.19581), 1.2375, 2.3795, 2.9762, (gDx*13,gDy*7,gDz*0)),rgb(0,1,0.34375));
		draw(
			ellipsoid( (0.97868,0.047096,-0.1999), (0.20463,-0.14099,0.96863), (-0.017434,0.98889,0.14762), 0.95121, 2.445, 3.3683, (gDx*14,gDy*7,gDz*0)),rgb(0,1,0.8125));
		draw(
			ellipsoid( (0.63604,0.43138,-0.63981), (0.6194,0.20907,0.75672), (-0.4602,0.87761,0.13422), 1.4219, 2.5948, 2.9516, (gDx*15,gDy*7,gDz*0)),rgb(0,1,0.0625));
		draw(
			ellipsoid( (-0.50065,-0.65269,0.56863), (0.59291,0.22006,0.77462), (0.63072,-0.72496,-0.27681), 1.5961, 2.6764, 3.5382, (gDx*16,gDy*7,gDz*0)),rgb(0,1,0.15625));
		draw(
			ellipsoid( (-0.555,-0.6685,0.49506), (0.61513,0.070821,0.78524), (-0.55999,0.74033,0.37191), 1.8267, 2.3849, 3.4961, (gDx*17,gDy*7,gDz*0)),rgb(0.125,1,0));
		draw(
			ellipsoid( (-0.15711,-0.93432,0.31993), (0.47404,0.21285,0.85439), (-0.86637,0.2859,0.40947), 1.5883, 2.433, 3.5838, (gDx*18,gDy*7,gDz*0)),rgb(0,1,0.15625));
		draw(
			ellipsoid( (-0.15354,-0.93503,0.31961), (0.48647,0.21,0.84808), (-0.8601,0.28569,0.42262), 1.6031, 2.4602, 3.6014, (gDx*19,gDy*7,gDz*0)),rgb(0,1,0.15625));
		draw(
			ellipsoid( (-0.12505,-0.87325,0.47096), (0.68856,0.26537,0.67488), (-0.71431,0.40868,0.5681), 1.7278, 2.7136, 3.5537, (gDx*20,gDy*7,gDz*0)),rgb(0.03125,1,0));
		draw(
			ellipsoid( (-0.17666,-0.72009,0.67101), (0.84219,0.24225,0.4817), (-0.50942,0.65022,0.56366), 1.8144, 2.7928, 3.6331, (gDx*21,gDy*7,gDz*0)),rgb(0.03125,1,0));
		draw(
			ellipsoid( (-0.20088,-0.59046,0.78166), (0.86289,0.27109,0.42653), (-0.46375,0.76017,0.45505), 1.8741, 2.8029, 3.5397, (gDx*22,gDy*7,gDz*0)),rgb(0.125,1,0));
		draw(
			ellipsoid( (-0.21637,-0.46577,0.85805), (0.91403,0.21224,0.34569), (-0.34312,0.85908,0.3798), 1.8339, 2.9175, 3.4273, (gDx*23,gDy*7,gDz*0)),rgb(0.125,1,0));
		draw(
			ellipsoid( (-0.25438,-0.32886,0.90947), (0.91884,0.2112,0.33337), (-0.30171,0.92046,0.24844), 1.9766, 3.0364, 3.6264, (gDx*24,gDy*7,gDz*0)),rgb(0.21875,1,0));
		draw(
			ellipsoid( (-0.10816,0.36977,0.92281), (-0.79431,0.52604,-0.30389), (-0.59781,-0.76586,0.23681), 0.96981, 1.2922, 3.2537, (gDx*0,gDy*8,gDz*0)),rgb(0,1,0.8125));
		draw(
			ellipsoid( (0.076037,0.1059,0.99147), (-0.73167,0.68146,-0.016677), (-0.67741,-0.72415,0.1293), 0.94266, 1.4625, 3.3037, (gDx*1,gDy*8,gDz*0)),rgb(0,1,0.8125));
		draw(
			ellipsoid( (0.033404,-0.027862,0.99905), (-0.6971,0.71567,0.043267), (-0.71619,-0.69789,0.0044832), 1.0272, 1.7847, 3.3584, (gDx*2,gDy*8,gDz*0)),rgb(0,1,0.71875));
		draw(
			ellipsoid( (0.16071,-0.45685,0.8749), (-0.79778,0.4618,0.38768), (-0.58114,-0.76028,-0.29025), 1.1749, 1.6317, 3.1064, (gDx*3,gDy*8,gDz*0)),rgb(0,1,0.4375));
		draw(
			ellipsoid( (0.17422,-0.58745,0.79029), (-0.74713,0.44393,0.4947), (-0.64144,-0.67663,-0.36156), 1.1533, 1.8611, 3.0819, (gDx*4,gDy*8,gDz*0)),rgb(0,1,0.4375));
		draw(
			ellipsoid( (-0.12566,0.72642,-0.67567), (0.63397,-0.46506,-0.6179), (-0.76308,-0.50599,-0.40209), 1.0633, 1.8635, 2.858, (gDx*5,gDy*8,gDz*0)),rgb(0,1,0.4375));
		draw(
			ellipsoid( (0.0094638,-0.92783,0.37289), (-0.55077,0.3064,0.77638), (-0.8346,-0.21272,-0.50812), 0.95716, 1.9754, 2.7847, (gDx*6,gDy*8,gDz*0)),rgb(0,1,0.53125));
		draw(
			ellipsoid( (0.071274,0.94913,-0.30671), (-0.57885,0.28977,0.76221), (0.81231,0.12321,0.57006), 1.0198, 1.9857, 2.69, (gDx*7,gDy*8,gDz*0)),rgb(0,1,0.4375));
		draw(
			ellipsoid( (0.088154,0.95536,-0.28197), (-0.51737,0.28581,0.80662), (0.85121,0.074775,0.51947), 1.0295, 1.9497, 2.6234, (gDx*8,gDy*8,gDz*0)),rgb(0,1,0.34375));
		draw(
			ellipsoid( (-0.073438,0.95951,-0.27194), (-0.14678,0.25931,0.95458), (-0.98644,-0.11002,-0.1218), 1.2448, 1.8777, 2.5411, (gDx*9,gDy*8,gDz*0)),rgb(0.03125,1,0));
		draw(
			ellipsoid( (-0.15342,0.95965,-0.23565), (-0.033824,0.23324,0.97183), (-0.98758,-0.15707,0.0033248), 1.2934, 1.8269, 2.5507, (gDx*10,gDy*8,gDz*0)),rgb(0.125,1,0));
		draw(
			ellipsoid( (-0.37843,0.90382,-0.19974), (-0.093762,0.17725,0.97969), (-0.92087,-0.38947,-0.017669), 1.1461, 1.969, 2.4193, (gDx*11,gDy*8,gDz*0)),rgb(0,1,0.0625));
		draw(
			ellipsoid( (0.48538,-0.87269,0.053017), (-0.063751,0.025151,0.99765), (0.87198,0.48762,0.043427), 1.1893, 2.2212, 3.0163, (gDx*12,gDy*8,gDz*0)),rgb(0,1,0.34375));
		draw(
			ellipsoid( (0.51811,-0.85507,0.020352), (0.036838,-0.0014642,-0.99932), (0.85452,0.51851,0.03074), 1.2211, 2.2648, 3.1934, (gDx*13,gDy*8,gDz*0)),rgb(0,1,0.4375));
		draw(
			ellipsoid( (0.53088,-0.84745,-0.00060333), (0.0493,0.031595,-0.99828), (0.84601,0.52994,0.058552), 1.2744, 2.2887, 3.2276, (gDx*14,gDy*8,gDz*0)),rgb(0,1,0.34375));
		draw(
			ellipsoid( (-0.70198,0.61697,0.35578), (-0.059414,-0.54854,0.83401), (0.70971,0.56432,0.42172), 1.6803, 2.506, 3.3272, (gDx*15,gDy*8,gDz*0)),rgb(0.03125,1,0));
		draw(
			ellipsoid( (-0.64452,-0.22719,0.73005), (0.76415,-0.15911,0.62511), (-0.02586,0.96076,0.27616), 1.947, 2.4416, 3.2383, (gDx*16,gDy*8,gDz*0)),rgb(0.40625,1,0));
		draw(
			ellipsoid( (-0.6237,-0.30999,0.71757), (0.76913,-0.079618,0.63412), (-0.13944,0.9474,0.28808), 1.9403, 2.3038, 3.3379, (gDx*17,gDy*8,gDz*0)),rgb(0.3125,1,0));
		draw(
			ellipsoid( (-0.76895,-0.48986,0.41079), (0.63288,-0.49242,0.59748), (-0.090402,0.71941,0.68868), 1.797, 2.3335, 3.1221, (gDx*18,gDy*8,gDz*0)),rgb(0.3125,1,0));
		draw(
			ellipsoid( (-0.46393,-0.82059,0.33376), (0.85824,-0.32297,0.3989), (0.21954,-0.47151,-0.8541), 1.8754, 2.798, 3.3117, (gDx*19,gDy*8,gDz*0)),rgb(0.3125,1,0));
		draw(
			ellipsoid( (0.43135,0.82412,-0.36711), (0.85753,-0.24808,0.45067), (-0.28033,0.5092,0.81372), 1.8489, 2.8253, 3.3941, (gDx*20,gDy*8,gDz*0)),rgb(0.21875,1,0));
		draw(
			ellipsoid( (0.43587,0.77665,-0.45478), (0.8914,-0.30279,0.33723), (-0.12421,0.55238,0.82429), 1.8947, 2.9134, 3.4945, (gDx*21,gDy*8,gDz*0)),rgb(0.21875,1,0));
		draw(
			ellipsoid( (-0.53779,-0.69595,0.47584), (0.84184,-0.41275,0.34776), (0.045623,-0.58761,-0.80786), 1.9869, 2.8635, 3.4923, (gDx*22,gDy*8,gDz*0)),rgb(0.3125,1,0));
		draw(
			ellipsoid( (0.50183,0.64519,-0.57611), (0.86076,-0.30687,0.40611), (-0.085225,0.69969,0.70935), 2.0261, 2.9078, 3.5725, (gDx*23,gDy*8,gDz*0)),rgb(0.3125,1,0));
		draw(
			ellipsoid( (-0.44355,-0.47271,0.76145), (0.86635,-0.0084927,0.49937), (-0.22959,0.88118,0.4133), 2.0214, 2.9454, 3.6135, (gDx*24,gDy*8,gDz*0)),rgb(0.21875,1,0));
		draw(
			ellipsoid( (0.45976,0.19312,0.86679), (0.62748,-0.76133,-0.1632), (-0.6284,-0.61893,0.47121), 0.88412, 1.2761, 3.2424, (gDx*0,gDy*9,gDz*0)),rgb(0,1,0.90625));
		draw(
			ellipsoid( (0.16337,0.21979,0.96177), (-0.66394,0.74556,-0.057602), (-0.72972,-0.62915,0.26773), 0.99555, 1.4435, 3.0939, (gDx*1,gDy*9,gDz*0)),rgb(0,1,0.625));
		draw(
			ellipsoid( (0.050969,0.017989,0.99854), (-0.58027,0.81429,0.01495), (-0.81283,-0.58019,0.051941), 0.99571, 1.7997, 3.5349, (gDx*2,gDy*9,gDz*0)),rgb(0,1,0.8125));
		draw(
			ellipsoid( (0.099315,-0.15494,0.98292), (-0.49575,0.84878,0.18388), (-0.86277,-0.50554,0.0074866), 1.0317, 1.8476, 3.3692, (gDx*3,gDy*9,gDz*0)),rgb(0,1,0.71875));
		draw(
			ellipsoid( (0.12125,-0.48121,0.86818), (-0.58568,0.67147,0.45398), (-0.80142,-0.56352,-0.20042), 1.1722, 2.0388, 3.1119, (gDx*4,gDy*9,gDz*0)),rgb(0,1,0.4375));
		draw(
