	import three;
	import settings;

	surface ellipsoid(triple v1,triple v2,triple v3,real l1,real l2, real l3, triple pos=O) {
		transform3 T = identity(4);
		T[0][0] = l1*v1.x;
		T[1][0] = l1*v1.y;
		T[2][0] = l1*v1.z;
		T[0][1] = l2*v2.x;
		T[1][1] = l2*v2.y;
		T[2][1] = l2*v2.z;
		T[0][2] = l3*v3.x;
		T[1][2] = l3*v3.y;
		T[2][2] = l3*v3.z;
		T[0][3] = pos.x;
		T[1][3] = pos.y;
		T[2][3] = pos.z;
		return T*unitsphere;
	}

	size(200);

	real gDx=4;
	real gDy=4;
	real gDz=4;

	currentprojection=perspective( camera=(gDx*12,gDy*12,25),up=Y, target=(gDx*12,gDy*12,gDz*-0.5));
		draw(
			ellipsoid( (-0.048135,-0.0043755,-0.99883), (-0.92544,-0.37606,0.046245), (0.37582,-0.92659,-0.014052), 3.4609, 1.1611, 0.88335, (gDx*0,gDy*0,gDz*0)),rgb(0,1,1));
		draw(
			ellipsoid( (0.27697,-0.04849,-0.95965), (-0.96081,-0.025465,-0.27602), (0.011054,-0.9985,0.053644), 3.5158, 1.6832, 1.0358, (gDx*1,gDy*0,gDz*0)),rgb(0,1,0.71875));
		draw(
			ellipsoid( (0.77075,-0.20196,-0.60428), (-0.63607,-0.18923,-0.74807), (-0.036733,-0.96094,0.27431), 3.7218, 1.414, 0.90041, (gDx*2,gDy*0,gDz*0)),rgb(0,1,1));
		draw(
			ellipsoid( (-0.90132,0.23209,0.36574), (0.3417,0.89987,0.27105), (0.26621,-0.36928,0.89037), 3.5687, 0.98118, 1.1071, (gDx*3,gDy*0,gDz*0)),rgb(0,1,1));
		draw(
			ellipsoid( (0.93706,-0.18518,-0.29602), (-0.34278,-0.64926,-0.67894), (0.066468,-0.73768,0.67187), 3.3364, 1.1445, 1.3016, (gDx*4,gDy*0,gDz*0)),rgb(0,1,0.71875));
		draw(
			ellipsoid( (0.9964,-0.044128,-0.072385), (-0.084527,-0.58245,-0.80846), (0.0064852,-0.81167,0.58409), 3.4889, 1.0498, 1.5063, (gDx*5,gDy*0,gDz*0)),rgb(0,1,0.71875));
		draw(
			ellipsoid( (0.99956,0.015041,-0.025439), (0.027505,-0.78834,0.61462), (0.01081,0.61506,0.78841), 3.7202, 1.6024, 0.95126, (gDx*6,gDy*0,gDz*0)),rgb(0,1,0.90625));
		draw(
			ellipsoid( (0.99277,0.11252,0.041907), (0.095531,-0.52876,-0.84338), (0.072741,-0.84128,0.53568), 3.8426, 0.84988, 1.3959, (gDx*7,gDy*0,gDz*0)),rgb(0,0.90625,1));
		draw(
			ellipsoid( (0.98753,0.10746,0.11507), (0.15377,-0.81521,-0.55838), (-0.033799,-0.56911,0.82157), 3.0739, 0.6983, 1.4829, (gDx*8,gDy*0,gDz*0)),rgb(0,1,1));
		draw(
			ellipsoid( (0.98869,0.12575,0.081758), (0.14992,-0.81187,-0.56426), (0.0045803,-0.57013,0.82154), 2.8016, 0.67536, 1.3531, (gDx*9,gDy*0,gDz*0)),rgb(0,1,1));
		draw(
			ellipsoid( (-0.86897,-0.49461,-0.015656), (-0.42731,0.73403,0.52783), (0.24958,-0.46536,0.8492), 3.0306, 0.97609, 1.7079, (gDx*10,gDy*0,gDz*0)),rgb(0,1,0.625));
		draw(
			ellipsoid( (0.79961,-0.57326,-0.17887), (-0.57224,-0.8177,0.062567), (0.18213,-0.052327,0.98188), 1.321, 2.7763, 2.2301, (gDx*11,gDy*0,gDz*0)),rgb(0,1,0.0625));
		draw(
			ellipsoid( (0.19771,0.97814,0.064507), (0.97427,-0.20334,0.097208), (-0.1082,-0.043629,0.99317), 4.2854, 0.561, 1.9375, (gDx*12,gDy*0,gDz*0)),rgb(0,0.53125,1));
		draw(
			ellipsoid( (0.32564,0.94549,0.0043871), (0.91176,-0.31278,-0.26621), (0.25032,-0.090686,0.96391), 5.3341, 1.1386, 1.49, (gDx*13,gDy*0,gDz*0)),rgb(0,0.8125,1));
		draw(
			ellipsoid( (0.72444,0.68294,-0.093692), (0.68928,-0.71595,0.11091), (-0.0086638,0.14493,0.9894), 4.2547, 0.96192, 1.9867, (gDx*14,gDy*0,gDz*0)),rgb(0,1,1));
		draw(
			ellipsoid( (0.83109,0.52528,-0.18268), (0.55351,-0.81316,0.18), (0.053996,0.25071,0.96656), 4.4552, 0.91441, 1.9601, (gDx*15,gDy*0,gDz*0)),rgb(0,0.90625,1));
		draw(
			ellipsoid( (0.91111,0.38057,-0.15827), (0.41217,-0.84073,0.35113), (-0.00056447,0.38515,0.92285), 4.5107, 0.99649, 1.9681, (gDx*16,gDy*0,gDz*0)),rgb(0,0.90625,1));
		draw(
			ellipsoid( (0.98821,0.097524,-0.11806), (0.15202,-0.71744,0.67983), (0.018401,0.68976,0.72381), 4.415, 0.86045, 1.6708, (gDx*17,gDy*0,gDz*0)),rgb(0,0.8125,1));
		draw(
			ellipsoid( (0.99555,0.05498,-0.076473), (0.093857,-0.64694,0.75674), (0.0078681,0.76056,0.64923), 4.6334, 0.88526, 1.8491, (gDx*18,gDy*0,gDz*0)),rgb(0,0.8125,1));
		draw(
			ellipsoid( (0.99423,-0.10521,0.020907), (-0.067652,-0.46376,0.88337), (0.083244,0.87969,0.46821), 4.2668, 1.1785, 2.1145, (gDx*19,gDy*0,gDz*0)),rgb(0,1,0.8125));
		draw(
			ellipsoid( (0.94516,-0.21551,0.24543), (-0.31339,-0.38664,0.86735), (0.092027,0.8967,0.43297), 3.5049, 0.97082, 2.1713, (gDx*20,gDy*0,gDz*0)),rgb(0,1,0.8125));
		draw(
			ellipsoid( (0.91415,-0.27793,0.29509), (-0.3755,-0.30635,0.87473), (0.15271,0.91044,0.38441), 3.7501, 1.2052, 2.2805, (gDx*21,gDy*0,gDz*0)),rgb(0,1,0.625));
		draw(
			ellipsoid( (0.93987,-0.16919,0.29669), (-0.31514,-0.094701,0.94431), (0.13167,0.98102,0.14233), 4.3628, 1.0174, 2.0705, (gDx*22,gDy*0,gDz*0)),rgb(0,1,1));
		draw(
			ellipsoid( (-0.61325,-0.1946,0.76554), (-0.78966,0.17447,-0.58821), (0.0191,0.96524,0.26066), 1.4298, 3.6559, 2.6231, (gDx*23,gDy*0,gDz*0)),rgb(0,1,0.34375));
		draw(
			ellipsoid( (-0.90955,-0.20778,0.35994), (-0.40699,0.26991,-0.87264), (-0.084169,0.9402,0.33006), 1.8231, 3.375, 2.6077, (gDx*24,gDy*0,gDz*0)),rgb(0.21875,1,0));
		draw(
			ellipsoid( (0.32112,-0.33703,-0.88504), (-0.93946,0.0046171,-0.34263), (-0.11956,-0.94148,0.31515), 3.8672, 1.3675, 0.88488, (gDx*0,gDy*1,gDz*0)),rgb(0,0.90625,1));
		draw(
			ellipsoid( (0.071909,-0.37039,-0.92609), (-0.95628,-0.28948,0.041522), (0.28346,-0.88262,0.37501), 3.7346, 0.98866, 1.2524, (gDx*1,gDy*1,gDz*0)),rgb(0,1,1));
		draw(
			ellipsoid( (-0.33355,0.37589,0.86455), (0.74176,0.67064,-0.0054105), (0.58184,-0.63948,0.50252), 3.3027, 1.5734, 1.1258, (gDx*2,gDy*1,gDz*0)),rgb(0,1,0.625));
		draw(
			ellipsoid( (0.75543,-0.34435,-0.55744), (-0.65347,-0.45821,-0.60251), (0.047947,-0.81943,0.57117), 3.5633, 1.1196, 1.2207, (gDx*3,gDy*1,gDz*0)),rgb(0,1,0.8125));
		draw(
			ellipsoid( (0.80565,-0.40003,-0.43693), (-0.59138,-0.50006,-0.63262), (-0.034574,-0.76806,0.63944), 3.3517, 1.0505, 1.3843, (gDx*4,gDy*1,gDz*0)),rgb(0,1,0.71875));
		draw(
			ellipsoid( (0.81764,-0.47365,-0.3273), (-0.5568,-0.50596,-0.65877), (-0.14643,-0.72087,0.67742), 3.043, 1.0524, 1.4157, (gDx*5,gDy*1,gDz*0)),rgb(0,1,0.625));
		draw(
			ellipsoid( (0.9739,-0.098192,-0.20464), (-0.19887,-0.80374,-0.56076), (0.10942,-0.58682,0.80229), 3.2374, 0.85563, 1.7195, (gDx*6,gDy*1,gDz*0)),rgb(0,1,0.90625));
		draw(
			ellipsoid( (0.99578,-0.076278,-0.05111), (-0.08943,-0.93185,-0.35165), (0.020803,-0.35474,0.93473), 3.23, 0.55382, 1.4772, (gDx*7,gDy*1,gDz*0)),rgb(0,0.71875,1));
		draw(
			ellipsoid( (0.99929,-0.0093232,0.036527), (-0.03705,-0.42177,0.90595), (-0.0069595,0.90666,0.42181), 2.8075, 1.4706, 0.74166, (gDx*8,gDy*1,gDz*0)),rgb(0,1,0.90625));
		draw(
			ellipsoid( (0.99934,0.010751,0.034826), (0.026856,-0.86319,-0.50416), (-0.024641,-0.50476,0.86291), 2.8532, 0.76443, 1.3833, (gDx*9,gDy*1,gDz*0)),rgb(0,1,0.8125));
		draw(
			ellipsoid( (0.95738,0.2867,0.034999), (0.21779,-0.63699,-0.73946), (0.18971,-0.71557,0.67229), 2.7921, 0.93419, 1.4796, (gDx*10,gDy*1,gDz*0)),rgb(0,1,0.625));
		draw(
			ellipsoid( (0.87167,0.47773,0.10935), (0.47294,-0.87847,0.067883), (-0.12849,0.0074533,0.99168), 2.824, 0.88432, 1.2286, (gDx*11,gDy*1,gDz*0)),rgb(0,1,0.71875));
		draw(
			ellipsoid( (0.84188,0.53826,0.039074), (0.53044,-0.83863,0.12381), (-0.099412,0.083509,0.99154), 3.6193, 0.91591, 1.4577, (gDx*12,gDy*1,gDz*0)),rgb(0,1,0.90625));
		draw(
			ellipsoid( (0.73168,0.67704,-0.079107), (0.68155,-0.72469,0.10155), (-0.011424,0.12822,0.99168), 4.2305, 0.96799, 1.9919, (gDx*13,gDy*1,gDz*0)),rgb(0,1,1));
		draw(
			ellipsoid( (0.73159,0.67695,-0.080728), (0.68165,-0.72433,0.1034), (-0.011523,0.13067,0.99136), 4.2313, 0.96898, 1.9913, (gDx*14,gDy*1,gDz*0)),rgb(0,1,1));
		draw(
			ellipsoid( (0.85014,0.50984,-0.13167), (0.52654,-0.82089,0.22111), (-0.0046392,0.2573,0.96632), 4.095, 1.0301, 2.0152, (gDx*15,gDy*1,gDz*0)),rgb(0,1,0.90625));
		draw(
			ellipsoid( (0.91091,0.37969,-0.16147), (0.41259,-0.84044,0.35133), (0.0023119,0.38666,0.92222), 4.3951, 1.0427, 1.9445, (gDx*16,gDy*1,gDz*0)),rgb(0,1,1));
		draw(
			ellipsoid( (0.97907,0.10371,-0.17512), (0.19559,-0.71746,0.66858), (0.056301,0.68884,0.72272), 4.1672, 1.0051, 1.9006, (gDx*17,gDy*1,gDz*0)),rgb(0,1,1));
		draw(
			ellipsoid( (0.9895,0.0054939,-0.1444), (0.11399,-0.64391,0.75656), (0.088827,0.76508,0.63778), 4.6041, 1.0382, 2.0642, (gDx*18,gDy*1,gDz*0)),rgb(0,1,1));
		draw(
			ellipsoid( (0.99142,-0.12789,-0.027179), (-0.11776,-0.78307,-0.61069), (-0.056821,-0.60865,0.7914), 4.3034, 2.3119, 1.3308, (gDx*19,gDy*1,gDz*0)),rgb(0,1,0.71875));
		draw(
			ellipsoid( (0.96856,-0.248,0.019642), (-0.21385,-0.87033,-0.4436), (-0.12711,-0.42546,0.89601), 4.3588, 2.5429, 1.1771, (gDx*20,gDy*1,gDz*0)),rgb(0,1,0.8125));
		draw(
			ellipsoid( (0.95282,-0.26721,0.14399), (-0.24134,-0.37921,0.89328), (0.18409,0.88589,0.42581), 4.2064, 1.2397, 2.485, (gDx*21,gDy*1,gDz*0)),rgb(0,1,0.71875));
		draw(
			ellipsoid( (0.8962,-0.24782,0.36797), (-0.44302,-0.45588,0.77196), (0.023559,0.85485,0.51835), 4.1135, 1.5189, 2.1885, (gDx*22,gDy*1,gDz*0)),rgb(0,1,0.4375));
		draw(
			ellipsoid( (0.86418,-0.27053,0.42427), (-0.50284,-0.43327,0.74795), (0.018521,0.8597,0.51046), 3.9481, 1.64, 2.261, (gDx*23,gDy*1,gDz*0)),rgb(0,1,0.25));
		draw(
			ellipsoid( (-0.71083,0.40809,-0.57287), (0.64698,0.059841,-0.76016), (0.27593,0.91098,0.30656), 3.9101, 1.8455, 2.6168, (gDx*24,gDy*1,gDz*0)),rgb(0,1,0.0625));
		draw(
			ellipsoid( (0.56945,-0.36972,-0.73419), (-0.82192,-0.24181,-0.51572), (-0.013138,-0.89712,0.44158), 3.4261, 1.0312, 1.2406, (gDx*0,gDy*2,gDz*0)),rgb(0,1,0.8125));
		draw(
			ellipsoid( (-0.1866,0.44956,0.87354), (0.93681,-0.18641,0.29605), (-0.29593,-0.87358,0.38637), 3.4853, 0.60656, 1.392, (gDx*1,gDy*2,gDz*0)),rgb(0,0.71875,1));
		draw(
			ellipsoid( (-0.83567,0.46058,-0.29919), (0.54844,0.72897,-0.40965), (-0.02942,0.50642,0.86178), 0.99118, 1.4196, 3.2159, (gDx*2,gDy*2,gDz*0)),rgb(0,1,0.71875));
		draw(
			ellipsoid( (-0.37838,0.8106,-0.44694), (0.92536,0.31915,-0.20457), (0.023183,0.49098,0.87086), 1.0389, 1.7353, 3.6236, (gDx*3,gDy*2,gDz*0)),rgb(0,1,0.8125));
		draw(
			ellipsoid( (0.52545,-0.47702,-0.70452), (-0.84242,-0.40781,-0.35217), (0.11931,-0.77855,0.61613), 3.5281, 1.7773, 1.346, (gDx*4,gDy*2,gDz*0)),rgb(0,1,0.4375));
		draw(
			ellipsoid( (-0.56752,0.67655,0.46926), (0.70906,0.11189,0.69621), (-0.41852,-0.72784,0.54322), 2.812, 1.2663, 1.5736, (gDx*5,gDy*2,gDz*0)),rgb(0,1,0.15625));
		draw(
			ellipsoid( (-0.7251,0.6364,0.2631), (0.54497,0.29673,0.78419), (-0.42099,-0.712,0.56198), 2.7484, 1.2468, 1.516, (gDx*6,gDy*2,gDz*0)),rgb(0,1,0.15625));
		draw(
			ellipsoid( (0.78329,-0.61961,-0.050283), (-0.57703,-0.75478,0.31199), (0.23127,0.21537,0.94875), 2.8342, 1.575, 1.1547, (gDx*7,gDy*2,gDz*0)),rgb(0,1,0.34375));
		draw(
			ellipsoid( (0.85065,-0.52573,0.00083743), (-0.52178,-0.84407,0.12362), (0.064282,0.10559,0.99233), 2.7845, 1.5036, 0.87211, (gDx*8,gDy*2,gDz*0)),rgb(0,1,0.625));
		draw(
			ellipsoid( (0.98958,-0.14385,0.0054925), (-0.12046,-0.84833,-0.51558), (-0.078826,-0.50954,0.85683), 2.872, 0.84457, 1.3278, (gDx*9,gDy*2,gDz*0)),rgb(0,1,0.71875));
		draw(
			ellipsoid( (0.99785,0.031979,-0.057239), (0.06528,-0.40304,0.91285), (-0.0061224,0.91462,0.40426), 2.6417, 1.4194, 0.8306, (gDx*10,gDy*2,gDz*0)),rgb(0,1,0.625));
		draw(
			ellipsoid( (0.99201,0.12525,-0.014866), (0.10627,-0.89349,-0.43633), (0.067932,-0.43126,0.89967), 3.296, 1.1703, 1.3833, (gDx*11,gDy*2,gDz*0)),rgb(0,1,0.625));
		draw(
			ellipsoid( (0.98147,0.17408,0.080075), (0.17481,-0.9846,-0.0020425), (-0.078487,-0.016002,0.99679), 3.7376, 1.104, 1.6281, (gDx*12,gDy*2,gDz*0)),rgb(0,1,0.8125));
		draw(
			ellipsoid( (0.91258,0.40816,-0.024508), (0.40293,-0.90784,-0.11606), (0.069619,-0.096035,0.99294), 4.662, 1.2096, 2.0305, (gDx*13,gDy*2,gDz*0)),rgb(0,1,0.90625));
		draw(
			ellipsoid( (-0.86604,-0.4884,0.10693), (-0.4772,0.87128,0.11463), (0.14915,-0.048249,0.98764), 4.4289, 1.0271, 2.0418, (gDx*14,gDy*2,gDz*0)),rgb(0,1,1));
		draw(
			ellipsoid( (-0.89529,-0.40116,0.19371), (-0.41416,0.9097,-0.030209), (0.1641,0.10727,0.98059), 4.5081, 1.1367, 2.0867, (gDx*15,gDy*2,gDz*0)),rgb(0,1,0.90625));
		draw(
			ellipsoid( (-0.92113,-0.27432,0.27616), (-0.30004,0.95235,-0.054766), (0.24798,0.1333,0.95955), 4.4622, 1.1478, 2.1008, (gDx*16,gDy*2,gDz*0)),rgb(0,1,0.90625));
		draw(
			ellipsoid( (-0.93538,-0.087084,0.34275), (-0.28433,-0.39115,-0.87531), (-0.21029,0.9162,-0.34111), 4.4395, 2.2819, 1.0795, (gDx*17,gDy*2,gDz*0)),rgb(0,1,1));
		draw(
			ellipsoid( (-0.96137,0.0099503,0.27507), (-0.17062,0.76264,-0.62392), (0.21598,0.64675,0.73148), 4.2838, 1.0258, 2.2146, (gDx*18,gDy*2,gDz*0)),rgb(0,1,1));
		draw(
			ellipsoid( (0.95346,-0.25101,-0.16707), (-0.30055,-0.8357,-0.45965), (0.024246,-0.48847,0.87225), 4.0752, 2.5931, 1.3372, (gDx*19,gDy*2,gDz*0)),rgb(0,1,0.625));
		draw(
			ellipsoid( (0.93809,-0.33113,-0.1017), (-0.34373,-0.85345,-0.39177), (-0.042927,-0.40247,0.91443), 4.219, 2.5593, 1.1597, (gDx*20,gDy*2,gDz*0)),rgb(0,1,0.8125));
		draw(
			ellipsoid( (0.94117,-0.33621,0.034119), (-0.28272,-0.83869,-0.46548), (-0.18511,-0.42845,0.8844), 3.9687, 2.3573, 1.3415, (gDx*21,gDy*2,gDz*0)),rgb(0,1,0.53125));
		draw(
			ellipsoid( (0.89483,-0.33784,0.2918), (-0.42827,-0.46524,0.77469), (0.12596,0.81818,0.56099), 3.9822, 1.5952, 2.339, (gDx*22,gDy*2,gDz*0)),rgb(0,1,0.34375));
		draw(
			ellipsoid( (0.87595,-0.33206,0.34992), (-0.47111,-0.43287,0.76855), (0.10373,0.83807,0.53561), 3.9913, 1.6594, 2.3938, (gDx*23,gDy*2,gDz*0)),rgb(0,1,0.25));
		draw(
			ellipsoid( (-0.67455,0.50924,-0.53447), (0.66611,0.10775,-0.73803), (0.31825,0.85385,0.41189), 3.7293, 1.6642, 2.5618, (gDx*24,gDy*2,gDz*0)),rgb(0,1,0.15625));
		draw(
			ellipsoid( (-0.71097,0.41652,0.5666), (0.53232,-0.20771,0.82066), (-0.45951,-0.88508,0.074046), 3.2488, 0.9963, 1.374, (gDx*0,gDy*3,gDz*0)),rgb(0,1,0.71875));
		draw(
			ellipsoid( (-0.38195,0.46505,0.79865), (0.80498,0.59193,0.04029), (0.45401,-0.65829,0.60045), 3.2529, 1.2489, 0.9706, (gDx*1,gDy*3,gDz*0)),rgb(0,1,0.8125));
		draw(
			ellipsoid( (-0.43739,0.76019,-0.48041), (0.89577,0.32122,-0.30727), (0.079268,0.56474,0.82145), 1.0307, 1.6241, 3.4219, (gDx*2,gDy*3,gDz*0)),rgb(0,1,0.71875));
		draw(
			ellipsoid( (-0.23315,-0.57081,-0.78729), (-0.91913,-0.13502,0.37009), (0.31755,-0.80991,0.49317), 3.5019, 1.5545, 1.008, (gDx*3,gDy*3,gDz*0)),rgb(0,1,0.8125));
		draw(
			ellipsoid( (-0.19483,-0.60279,-0.77375), (-0.92038,-0.16033,0.35665), (0.33904,-0.78162,0.52356), 3.2089, 1.6785, 1.0547, (gDx*4,gDy*3,gDz*0)),rgb(0,1,0.625));
		draw(
			ellipsoid( (-0.22617,-0.77629,-0.5884), (-0.89791,-0.068023,0.43489), (0.37763,-0.62669,0.68166), 2.9422, 1.7472, 1.2007, (gDx*5,gDy*3,gDz*0)),rgb(0,1,0.34375));
		draw(
			ellipsoid( (-0.61792,0.29311,-0.72957), (0.77945,0.35005,-0.51953), (-0.10311,0.88969,0.44476), 0.97298, 1.7459, 2.9415, (gDx*6,gDy*3,gDz*0)),rgb(0,1,0.625));
		draw(
			ellipsoid( (-0.42482,0.88431,0.19372), (0.66137,0.15705,0.73343), (-0.61816,-0.43969,0.65157), 2.6344, 1.1522, 1.6844, (gDx*7,gDy*3,gDz*0)),rgb(0,1,0.15625));
		draw(
			ellipsoid( (-0.46573,0.87645,0.12215), (0.67492,0.26253,0.68961), (-0.57234,-0.40362,0.71381), 2.8444, 1.2115, 1.7917, (gDx*8,gDy*3,gDz*0)),rgb(0,1,0.25));
		draw(
			ellipsoid( (-0.8622,0.50656,0.004114), (0.39736,0.67126,0.62571), (-0.3142,-0.54112,0.78004), 2.8772, 1.1602, 1.8819, (gDx*9,gDy*3,gDz*0)),rgb(0,1,0.34375));
		draw(
			ellipsoid( (0.93801,-0.34451,-0.038048), (-0.33027,-0.8551,-0.39967), (-0.10515,-0.38746,0.91587), 2.9103, 1.1017, 1.7896, (gDx*10,gDy*3,gDz*0)),rgb(0,1,0.4375));
		draw(
			ellipsoid( (0.97299,-0.22695,-0.042215), (-0.22789,-0.91523,-0.33229), (-0.036777,-0.33294,0.94223), 2.9987, 1.2322, 1.7254, (gDx*11,gDy*3,gDz*0)),rgb(0,1,0.25));
		draw(
			ellipsoid( (0.99892,-0.036568,0.028768), (-0.032833,-0.9921,-0.12104), (-0.032967,-0.11997,0.99223), 3.532, 1.0575, 1.6514, (gDx*12,gDy*3,gDz*0)),rgb(0,1,0.71875));
		draw(
			ellipsoid( (0.99466,0.10264,-0.010795), (0.10189,-0.99325,-0.05541), (0.016409,-0.054014,0.99841), 4.218, 1.163, 1.5867, (gDx*13,gDy*3,gDz*0)),rgb(0,1,0.90625));
		draw(
			ellipsoid( (0.94889,0.30166,-0.092802), (0.27401,-0.93331,-0.23207), (0.15662,-0.19478,0.96826), 4.2423, 1.2329, 1.8765, (gDx*14,gDy*3,gDz*0)),rgb(0,1,0.8125));
		draw(
			ellipsoid( (-0.92216,-0.32669,0.20711), (-0.33729,0.94124,-0.017125), (0.18934,0.085647,0.97817), 4.4747, 1.1998, 2.0281, (gDx*15,gDy*3,gDz*0)),rgb(0,1,0.8125));
		draw(
			ellipsoid( (-0.92114,-0.27426,0.27617), (-0.29997,0.95238,-0.054712), (0.24802,0.13324,0.95955), 4.4621, 1.1479, 2.1008, (gDx*16,gDy*3,gDz*0)),rgb(0,1,0.90625));
		draw(
			ellipsoid( (-0.93536,-0.087066,0.34281), (-0.28439,-0.3911,-0.87531), (-0.21028,0.91622,-0.34106), 4.4393, 2.2819, 1.0796, (gDx*17,gDy*3,gDz*0)),rgb(0,1,1));
		draw(
			ellipsoid( (0.94656,-0.011883,-0.32231), (0.25864,0.62499,0.73654), (-0.19268,0.78055,-0.59466), 4.231, 2.2295, 1.1125, (gDx*18,gDy*3,gDz*0)),rgb(0,1,0.90625));
		draw(
			ellipsoid( (0.8983,-0.35444,-0.25965), (-0.43755,-0.7754,-0.45531), (0.039955,-0.52262,0.85163), 3.9436, 2.5266, 1.1527, (gDx*19,gDy*3,gDz*0)),rgb(0,1,0.8125));
		draw(
			ellipsoid( (0.9079,-0.36129,-0.21257), (-0.41887,-0.76236,-0.4933), (-0.016172,-0.53691,0.84348), 3.9984, 2.5036, 1.0883, (gDx*20,gDy*3,gDz*0)),rgb(0,1,0.8125));
		draw(
			ellipsoid( (0.92843,-0.3603,-0.090529), (-0.3638,-0.83239,-0.41806), (-0.075272,-0.42107,0.9039), 3.7777, 2.4239, 1.3241, (gDx*21,gDy*3,gDz*0)),rgb(0,1,0.53125));
		draw(
			ellipsoid( (0.90415,-0.42686,-0.017501), (-0.40776,-0.85002,-0.33345), (-0.12746,-0.30862,0.94261), 3.793, 2.6757, 1.835, (gDx*22,gDy*3,gDz*0)),rgb(0.03125,1,0));
		draw(
			ellipsoid( (-0.841,0.50219,-0.20131), (0.45338,0.85718,0.2443), (-0.29524,-0.11418,0.94858), 3.9345, 2.644, 2.1045, (gDx*23,gDy*3,gDz*0)),rgb(0.21875,1,0));
		draw(
			ellipsoid( (-0.70185,0.65083,-0.28954), (0.66641,0.74349,0.055835), (-0.25161,0.15376,0.95554), 3.9384, 2.699, 2.014, (gDx*24,gDy*3,gDz*0)),rgb(0.125,1,0));
		draw(
			ellipsoid( (0.7148,-0.6368,-0.28905), (-0.69023,-0.70888,-0.14518), (0.11245,-0.30329,0.94624), 3.4953, 1.5025, 0.89513, (gDx*0,gDy*4,gDz*0)),rgb(0,1,0.90625));
		draw(
			ellipsoid( (0.57398,-0.71318,-0.40239), (-0.78623,-0.61733,-0.027369), (0.22889,-0.33208,0.91506), 3.2069, 1.2746, 0.86601, (gDx*1,gDy*4,gDz*0)),rgb(0,1,0.90625));
		draw(
			ellipsoid( (-0.34118,0.5694,-0.74792), (-0.92203,-0.35754,0.14841), (0.18291,-0.74024,-0.64699), 0.73589, 1.5682, 2.8038, (gDx*2,gDy*4,gDz*0)),rgb(0,1,0.90625));
		draw(
			ellipsoid( (0.30563,0.60434,0.73577), (0.95093,-0.23289,-0.20371), (-0.048246,-0.76192,0.64587), 3.2804, 1.3558, 1.0975, (gDx*3,gDy*4,gDz*0)),rgb(0,1,0.625));
		draw(
			ellipsoid( (0.31573,0.57929,0.75149), (0.91684,0.017714,-0.39885), (0.24436,-0.81493,0.52553), 3.2103, 1.5584, 1.0753, (gDx*4,gDy*4,gDz*0)),rgb(0,1,0.625));
		draw(
			ellipsoid( (-0.45074,-0.58526,-0.67402), (-0.77041,-0.12634,0.6249), (0.45089,-0.80094,0.39394), 3.228, 1.7301, 1.1365, (gDx*5,gDy*4,gDz*0)),rgb(0,1,0.53125));
		draw(
			ellipsoid( (-0.38649,-0.72658,-0.56807), (-0.6974,-0.17283,0.69553), (0.60354,-0.66499,0.43992), 3.2909, 1.7611, 0.94074, (gDx*6,gDy*4,gDz*0)),rgb(0,1,0.8125));
		draw(
			ellipsoid( (-0.63284,0.29505,-0.71586), (0.76554,0.099854,-0.6356), (0.11605,0.95025,0.28906), 1.1304, 1.655, 3.0816, (gDx*7,gDy*4,gDz*0)),rgb(0,1,0.4375));
		draw(
			ellipsoid( (-0.7683,0.052736,-0.63792), (-0.63924,-0.11477,0.7604), (0.033112,-0.99199,-0.12189), 1.0295, 1.7225, 2.8219, (gDx*8,gDy*4,gDz*0)),rgb(0,1,0.4375));
		draw(
			ellipsoid( (-0.74608,0.048836,-0.66407), (0.66334,-0.032279,-0.74763), (0.057947,0.99829,0.0083119), 0.98335, 1.8186, 2.7858, (gDx*9,gDy*4,gDz*0)),rgb(0,1,0.53125));
		draw(
			ellipsoid( (0.87217,-0.48289,-0.078267), (-0.48055,-0.81577,-0.32185), (-0.091572,-0.31832,0.94355), 2.7797, 1.2057, 1.8485, (gDx*10,gDy*4,gDz*0)),rgb(0,1,0.15625));
		draw(
			ellipsoid( (0.90555,-0.40732,-0.11859), (-0.42357,-0.8524,-0.3066), (-0.023796,-0.32787,0.94442), 3.027, 1.1689, 1.8793, (gDx*11,gDy*4,gDz*0)),rgb(0,1,0.34375));
		draw(
			ellipsoid( (0.95371,-0.3006,0.0092424), (-0.29368,-0.92426,0.24394), (0.064785,0.23536,0.96975), 4.3002, 1.0625, 1.9168, (gDx*12,gDy*4,gDz*0)),rgb(0,1,0.90625));
		draw(
			ellipsoid( (0.98312,-0.18286,-0.0055328), (-0.17375,-0.94277,0.2846), (0.057256,0.27883,0.95863), 4.3713, 1.1757, 2.0962, (gDx*13,gDy*4,gDz*0)),rgb(0,1,0.8125));
		draw(
			ellipsoid( (0.98882,-0.13716,-0.058574), (-0.10503,-0.91921,0.37951), (0.1059,0.36911,0.92333), 4.0506, 1.2479, 2.0553, (gDx*14,gDy*4,gDz*0)),rgb(0,1,0.71875));
		draw(
			ellipsoid( (0.96062,0.048981,-0.27353), (0.2622,0.16614,0.9506), (-0.092004,0.98489,-0.14675), 3.7528, 2.019, 1.0424, (gDx*15,gDy*4,gDz*0)),rgb(0,1,0.8125));
		draw(
			ellipsoid( (0.93094,0.080855,-0.3561), (0.33759,0.18115,0.9237), (-0.13919,0.98013,-0.14135), 3.9307, 2.0604, 1.0816, (gDx*16,gDy*4,gDz*0)),rgb(0,1,0.8125));
		draw(
			ellipsoid( (0.93327,0.059467,-0.35423), (0.31341,0.34693,0.88397), (-0.17546,0.936,-0.30514), 4.0126, 2.0605, 1.1832, (gDx*17,gDy*4,gDz*0)),rgb(0,1,0.71875));
		draw(
			ellipsoid( (0.93352,-0.0035526,-0.3585), (0.31919,0.4636,0.82656), (-0.16326,0.88604,-0.43391), 4.2327, 2.0956, 1.2197, (gDx*18,gDy*4,gDz*0)),rgb(0,1,0.8125));
		draw(
			ellipsoid( (0.91692,-0.29241,-0.27157), (-0.39726,-0.73354,-0.55146), (0.037958,-0.61353,0.78876), 4.4146, 2.6239, 1.0975, (gDx*19,gDy*4,gDz*0)),rgb(0,1,0.90625));
		draw(
			ellipsoid( (0.76669,-0.50593,-0.39525), (-0.64032,-0.55789,-0.52796), (-0.04661,-0.65787,0.75169), 3.9518, 2.7826, 1.5241, (gDx*20,gDy*4,gDz*0)),rgb(0,1,0.4375));
		draw(
			ellipsoid( (0.75377,-0.57237,-0.32285), (-0.64901,-0.57135,-0.50234), (-0.10307,-0.58818,0.80214), 3.8338, 2.7278, 1.5967, (gDx*21,gDy*4,gDz*0)),rgb(0,1,0.25));
		draw(
			ellipsoid( (0.71142,-0.6663,-0.22345), (-0.69795,-0.63271,-0.33547), (-0.082148,-0.39462,0.91517), 3.6314, 2.8177, 1.7964, (gDx*22,gDy*4,gDz*0)),rgb(0.03125,1,0));
		draw(
			ellipsoid( (0.72203,-0.69084,0.037491), (-0.67257,-0.71358,-0.1961), (-0.16223,-0.11637,0.97987), 3.9998, 2.8274, 2.0366, (gDx*23,gDy*4,gDz*0)),rgb(0.125,1,0));
		draw(
			ellipsoid( (0.64388,-0.75166,0.1429), (-0.76068,-0.64898,0.013823), (-0.082348,0.1176,0.98964), 4.0729, 2.8012, 1.948, (gDx*24,gDy*4,gDz*0)),rgb(0,1,0.0625));
		draw(
			ellipsoid( (0.50497,-0.83987,-0.19905), (-0.86224,-0.50134,-0.072067), (0.039267,-0.20802,0.97734), 3.8684, 1.5282, 0.84178, (gDx*0,gDy*5,gDz*0)),rgb(0,0.90625,1));
		draw(
			ellipsoid( (0.42316,-0.85432,-0.30178), (-0.88237,-0.46422,0.076904), (0.2058,-0.23374,0.95027), 3.517, 1.4653, 0.87559, (gDx*1,gDy*5,gDz*0)),rgb(0,1,0.90625));
		draw(
			ellipsoid( (-0.38404,0.49414,-0.77996), (0.92298,0.18261,-0.33877), (0.024972,0.84999,0.52621), 0.7303, 1.5791, 3.3278, (gDx*2,gDy*5,gDz*0)),rgb(0,0.90625,1));
		draw(
			ellipsoid( (0.32376,0.79725,0.50948), (0.91665,-0.13092,-0.37764), (0.23437,-0.58928,0.77319), 3.3407, 1.5686, 0.78994, (gDx*3,gDy*5,gDz*0)),rgb(0,1,1));
		draw(
			ellipsoid( (-0.45474,-0.59711,-0.66081), (-0.83545,0.02889,0.54881), (0.30861,-0.80164,0.51199), 3.1796, 1.6638, 1.0599, (gDx*4,gDy*5,gDz*0)),rgb(0,1,0.625));
		draw(
			ellipsoid( (0.62003,0.41472,0.666), (0.75175,-0.07107,-0.65561), (0.22456,-0.90717,0.35584), 3.1569, 1.7956, 1.0809, (gDx*5,gDy*5,gDz*0)),rgb(0,1,0.53125));
		draw(
			ellipsoid( (0.6261,0.43462,0.64738), (0.76107,-0.16001,-0.62862), (0.16962,-0.88629,0.43096), 3.0769, 1.8249, 1.0596, (gDx*6,gDy*5,gDz*0)),rgb(0,1,0.53125));
		draw(
			ellipsoid( (-0.63489,-0.59952,-0.48734), (-0.70366,0.18823,0.68515), (0.31903,-0.77791,0.54136), 2.5616, 1.6803, 1.1709, (gDx*7,gDy*5,gDz*0)),rgb(0,1,0.0625));
		draw(
			ellipsoid( (-0.61922,-0.61994,-0.48191), (-0.70696,0.17305,0.68576), (0.34174,-0.76532,0.54543), 2.4602, 1.6566, 1.1289, (gDx*8,gDy*5,gDz*0)),rgb(0,1,0.0625));
		draw(
			ellipsoid( (-0.39917,-0.88718,-0.23148), (-0.80471,0.45999,-0.37531), (-0.43945,-0.036466,0.89753), 2.9191, 1.0132, 1.7223, (gDx*9,gDy*5,gDz*0)),rgb(0,1,0.53125));
		draw(
			ellipsoid( (-0.82074,0.042298,-0.56973), (-0.56798,-0.16771,0.80577), (0.061464,-0.98493,-0.16167), 1.633, 2.037, 2.446, (gDx*10,gDy*5,gDz*0)),rgb(0.6875,1,0));
		draw(
			ellipsoid( (-0.79962,0.57051,0.18743), (0.54837,0.56652,0.6151), (-0.24474,-0.59462,0.76585), 2.8285, 1.2402, 1.7171, (gDx*11,gDy*5,gDz*0)),rgb(0,1,0.15625));
		draw(
			ellipsoid( (-0.88297,0.46605,0.056246), (0.44414,0.86817,-0.2214), (0.15202,0.17051,0.97356), 4.3184, 1.2506, 2.0444, (gDx*12,gDy*5,gDz*0)),rgb(0,1,0.8125));
		draw(
			ellipsoid( (-0.89202,0.44691,0.067636), (0.41191,0.86536,-0.28545), (0.1861,0.22677,0.956), 4.2913, 1.1843, 2.3591, (gDx*13,gDy*5,gDz*0)),rgb(0,1,0.8125));
		draw(
			ellipsoid( (-0.90933,0.39657,0.12588), (0.33881,0.88138,-0.3292), (0.2415,0.2567,0.93583), 4.0398, 1.2446, 2.4352, (gDx*14,gDy*5,gDz*0)),rgb(0,1,0.71875));
		draw(
			ellipsoid( (-0.91065,0.31551,0.26679), (0.23724,0.92791,-0.28759), (0.33829,0.1986,0.91985), 3.6738, 1.1946, 2.3542, (gDx*15,gDy*5,gDz*0)),rgb(0,1,0.625));
		draw(
			ellipsoid( (0.9007,-0.086026,-0.42585), (-0.43305,-0.099197,-0.89589), (-0.034827,-0.99134,0.1266), 4.1698, 2.3683, 0.43254, (gDx*16,gDy*5,gDz*0)),rgb(0,0.34375,1));
		draw(
			ellipsoid( (0.94105,-0.025063,-0.33735), (0.32261,0.36651,0.87269), (-0.10177,0.93008,-0.35299), 3.892, 2.0536, 1.2214, (gDx*17,gDy*5,gDz*0)),rgb(0,1,0.625));
		draw(
			ellipsoid( (0.93962,-0.051096,-0.33839), (-0.33013,-0.39587,-0.85691), (0.090174,-0.91688,0.38884), 3.9854, 2.1128, 1.2892, (gDx*18,gDy*5,gDz*0)),rgb(0,1,0.625));
		draw(
			ellipsoid( (0.86154,-0.31545,-0.39778), (-0.50735,-0.56338,-0.65208), (0.018401,-0.76361,0.64542), 4.0737, 2.556, 1.5705, (gDx*19,gDy*5,gDz*0)),rgb(0,1,0.34375));
		draw(
			ellipsoid( (0.73803,-0.42984,-0.52014), (-0.67467,-0.45706,-0.57958), (-0.011394,-0.77868,0.62732), 4.1402, 2.8029, 1.8608, (gDx*20,gDy*5,gDz*0)),rgb(0,1,0.15625));
		draw(
			ellipsoid( (0.7332,-0.59669,-0.32616), (-0.67607,-0.58801,-0.44405), (-0.073178,-0.54608,0.83453), 3.779, 2.7913, 1.7136, (gDx*21,gDy*5,gDz*0)),rgb(0,1,0.15625));
		draw(
			ellipsoid( (0.7038,-0.67316,-0.22699), (-0.70506,-0.62278,-0.33917), (-0.086948,-0.39875,0.91293), 3.6314, 2.8162, 1.7915, (gDx*22,gDy*5,gDz*0)),rgb(0.03125,1,0));
		draw(
			ellipsoid( (0.63973,-0.76049,-0.11135), (-0.74838,-0.58332,-0.31569), (-0.17512,-0.28529,0.94231), 3.8185, 2.8246, 1.8425, (gDx*23,gDy*5,gDz*0)),rgb(0.03125,1,0));
		draw(
			ellipsoid( (0.5603,-0.82751,-0.036025), (-0.80162,-0.5308,-0.27506), (-0.20849,-0.18299,0.96075), 3.9046, 2.9906, 1.8211, (gDx*24,gDy*5,gDz*0)),rgb(0,1,0.0625));
		draw(
			ellipsoid( (0.052551,-0.98633,-0.15621), (-0.9742,-0.016254,-0.22511), (-0.21949,-0.16401,0.96173), 3.1714, 1.4463, 1.048, (gDx*0,gDy*6,gDz*0)),rgb(0,1,0.625));
		draw(
			ellipsoid( (0.015953,0.97959,0.20036), (0.99803,-0.027764,0.056276), (-0.06069,-0.19907,0.9781), 3.2406, 1.3947, 0.95865, (gDx*1,gDy*6,gDz*0)),rgb(0,1,0.8125));
		draw(
			ellipsoid( (0.079583,0.94653,0.31265), (0.9954,-0.058647,-0.075822), (0.053432,-0.31725,0.94684), 3.2193, 1.4643, 0.99951, (gDx*2,gDy*6,gDz*0)),rgb(0,1,0.71875));
		draw(
			ellipsoid( (0.46528,0.77645,0.42502), (0.87784,-0.34312,-0.33415), (0.11361,-0.52858,0.84125), 3.2777, 1.7191, 0.79771, (gDx*3,gDy*6,gDz*0)),rgb(0,1,1));
		draw(
			ellipsoid( (0.54826,0.67262,0.49699), (0.8138,-0.29214,-0.50239), (0.19273,-0.67988,0.70754), 3.288, 1.737, 0.94083, (gDx*4,gDy*6,gDz*0)),rgb(0,1,0.8125));
		draw(
			ellipsoid( (0.60801,0.37583,0.69933), (0.77489,-0.08917,-0.62578), (0.17283,-0.92239,0.34545), 3.0565, 1.7147, 1.1256, (gDx*5,gDy*6,gDz*0)),rgb(0,1,0.4375));
		draw(
			ellipsoid( (0.6908,0.25935,0.67493), (0.72208,-0.19935,-0.66246), (0.037266,-0.94499,0.32498), 2.9492, 1.9074, 1.0274, (gDx*6,gDy*6,gDz*0)),rgb(0,1,0.53125));
		draw(
			ellipsoid( (0.79646,0.23272,0.55812), (0.60452,-0.28432,-0.74412), (0.014485,-0.93006,0.36713), 2.9808, 2.0799, 1.0979, (gDx*7,gDy*6,gDz*0)),rgb(0,1,0.4375));
		draw(
			ellipsoid( (0.87961,0.32402,0.34827), (0.45813,-0.37995,-0.80359), (0.12806,-0.8664,0.48265), 2.8263, 1.8812, 0.95683, (gDx*8,gDy*6,gDz*0)),rgb(0,1,0.53125));
		draw(
			ellipsoid( (-0.75988,-0.61579,-0.20832), (-0.51912,0.76769,-0.37571), (-0.39128,0.17735,0.90302), 3.0644, 1.1094, 2.0199, (gDx*9,gDy*6,gDz*0)),rgb(0,1,0.4375));
		draw(
			ellipsoid( (0.53124,-0.75786,0.37873), (-0.76364,-0.62193,-0.17336), (-0.36693,0.19712,0.90912), 1.1817, 2.9897, 2.0888, (gDx*10,gDy*6,gDz*0)),rgb(0,1,0.34375));
		draw(
			ellipsoid( (0.69024,-0.61449,0.38206), (-0.6486,-0.7595,-0.049774), (-0.32076,0.21345,0.9228), 1.3452, 2.6737, 2.0801, (gDx*11,gDy*6,gDz*0)),rgb(0.03125,1,0));
		draw(
			ellipsoid( (-0.86755,-0.032277,0.49631), (0.48057,-0.31147,0.81978), (-0.12812,-0.94971,-0.28573), 1.6271, 2.2795, 2.5183, (gDx*12,gDy*6,gDz*0)),rgb(0.59375,1,0));
		draw(
			ellipsoid( (0.43092,-0.89812,-0.087661), (-0.89066,-0.43892,0.11859), (0.14499,-0.026972,0.98907), 3.7915, 1.3041, 2.1727, (gDx*13,gDy*6,gDz*0)),rgb(0,1,0.53125));
		draw(
			ellipsoid( (0.50605,0.69424,-0.51181), (0.77594,-0.62555,-0.081314), (0.37661,0.35598,0.85524), 1.2706, 3.8914, 2.7076, (gDx*14,gDy*6,gDz*0)),rgb(0,1,0.625));
		draw(
			ellipsoid( (0.37146,0.7993,-0.47237), (0.87076,-0.47646,-0.12148), (0.32217,0.36619,0.87299), 1.2715, 3.5742, 2.5914, (gDx*15,gDy*6,gDz*0)),rgb(0,1,0.53125));
		draw(
			ellipsoid( (0.19313,0.83919,-0.50839), (0.88405,-0.37361,-0.28086), (0.42563,0.3952,0.81404), 1.1588, 3.5697, 2.6815, (gDx*16,gDy*6,gDz*0)),rgb(0,1,0.71875));
		draw(
			ellipsoid( (0.80481,-0.43633,-0.40236), (-0.57632,-0.41242,-0.70553), (-0.1419,-0.7997,0.58338), 3.2162, 2.1007, 1.4875, (gDx*17,gDy*6,gDz*0)),rgb(0,1,0.0625));
		draw(
			ellipsoid( (0.92929,-0.14675,-0.33894), (-0.36889,-0.32299,-0.87155), (-0.018429,-0.93495,0.35429), 3.8276, 2.199, 1.5198, (gDx*18,gDy*6,gDz*0)),rgb(0,1,0.34375));
		draw(
			ellipsoid( (0.80163,-0.25217,-0.54203), (-0.59779,-0.32994,-0.7306), (-0.0054007,-0.90969,0.41524), 3.8542, 2.2858, 1.4763, (gDx*19,gDy*6,gDz*0)),rgb(0,1,0.34375));
		draw(
			ellipsoid( (0.765,-0.39741,-0.5068), (-0.64372,-0.44724,-0.62097), (-0.020118,-0.80128,0.59795), 4.1013, 2.6252, 1.8487, (gDx*20,gDy*6,gDz*0)),rgb(0,1,0.15625));
		draw(
			ellipsoid( (0.64434,-0.62213,-0.44472), (-0.76268,-0.48014,-0.43335), (-0.056069,-0.61841,0.78386), 3.7466, 2.7247, 1.7863, (gDx*21,gDy*6,gDz*0)),rgb(0,1,0.0625));
		draw(
			ellipsoid( (0.44105,-0.84105,-0.31321), (-0.88144,-0.34024,-0.32757), (-0.16893,-0.42055,0.8914), 3.5284, 2.7665, 1.7455, (gDx*22,gDy*6,gDz*0)),rgb(0.03125,1,0));
		draw(
			ellipsoid( (0.41817,-0.87422,-0.24673), (-0.88858,-0.33728,-0.31092), (-0.1886,-0.34926,0.91785), 3.5337, 2.8592, 1.7087, (gDx*23,gDy*6,gDz*0)),rgb(0,1,0.0625));
		draw(
			ellipsoid( (0.2288,0.21612,-0.94918), (0.9227,0.26263,0.28222), (-0.31028,0.94038,0.13933), 1.824, 3.0171, 3.8421, (gDx*24,gDy*6,gDz*0)),rgb(0,1,0.0625));
		draw(
			ellipsoid( (0.52964,0.84802,-0.018556), (0.84423,-0.52913,-0.085414), (0.082252,-0.029573,0.99617), 2.9736, 1.5142, 0.82106, (gDx*0,gDy*7,gDz*0)),rgb(0,1,0.8125));
		draw(
			ellipsoid( (0.51462,0.85707,0.02438), (0.85288,-0.50876,-0.1173), (0.088134,-0.081159,0.9928), 2.9471, 1.5414, 0.83309, (gDx*1,gDy*7,gDz*0)),rgb(0,1,0.8125));
		draw(
			ellipsoid( (0.46707,0.84688,0.25424), (0.87259,-0.39497,-0.28738), (0.14296,-0.35607,0.92346), 2.9013, 1.6178, 1.014, (gDx*2,gDy*7,gDz*0)),rgb(0,1,0.53125));
		draw(
			ellipsoid( (0.49859,0.75821,0.42015), (0.83211,-0.28281,-0.47709), (0.24292,-0.58748,0.77192), 3.3271, 1.6084, 1.0308, (gDx*3,gDy*7,gDz*0)),rgb(0,1,0.71875));
		draw(
			ellipsoid( (0.54832,0.67263,0.49691), (0.81376,-0.29221,-0.5024), (0.19273,-0.67984,0.70758), 3.2879, 1.7371, 0.94089, (gDx*4,gDy*7,gDz*0)),rgb(0,1,0.8125));
		draw(
			ellipsoid( (0.74983,0.48963,0.445), (0.6486,-0.41112,-0.64054), (0.13068,-0.76892,0.62585), 2.9279, 1.7957, 1.0277, (gDx*5,gDy*7,gDz*0)),rgb(0,1,0.53125));
		draw(
			ellipsoid( (0.83052,0.19049,0.52341), (0.55652,-0.24513,-0.79385), (0.02292,-0.95059,0.30959), 2.8461, 1.9481, 0.93389, (gDx*6,gDy*7,gDz*0)),rgb(0,1,0.625));
		draw(
			ellipsoid( (0.76369,0.12552,0.63326), (0.6429,-0.23712,-0.72832), (-0.058742,-0.96334,0.26179), 2.8184, 2.0232, 1.0331, (gDx*7,gDy*7,gDz*0)),rgb(0,1,0.4375));
		draw(
			ellipsoid( (0.93583,0.03581,0.35062), (-0.34597,0.28313,0.89451), (0.067237,0.95841,-0.27735), 2.685, 1.8587, 0.97531, (gDx*8,gDy*7,gDz*0)),rgb(0,1,0.4375));
		draw(
			ellipsoid( (0.9458,0.2851,0.15548), (0.27405,-0.44386,-0.85316), (0.17422,-0.84953,0.49793), 2.8634, 1.7339, 1.085, (gDx*9,gDy*7,gDz*0)),rgb(0,1,0.4375));
		draw(
			ellipsoid( (-0.90188,-0.41283,-0.12719), (-0.33288,0.47651,0.81371), (0.27532,-0.77621,0.56718), 2.8095, 1.6788, 1.1172, (gDx*10,gDy*7,gDz*0)),rgb(0,1,0.34375));
		draw(
			ellipsoid( (-0.61406,0.78557,-0.07625), (0.7858,0.61755,0.034008), (-0.073804,0.039034,0.99651), 0.94084, 2.5, 1.7826, (gDx*11,gDy*7,gDz*0)),rgb(0,1,0.4375));
		draw(
			ellipsoid( (0.71214,-0.70094,0.039267), (-0.68302,-0.70469,-0.1921), (-0.16232,-0.10998,0.98059), 1.0381, 2.9298, 2.1799, (gDx*12,gDy*7,gDz*0)),rgb(0,1,0.53125));
		draw(
			ellipsoid( (0.79782,-0.59641,0.088145), (-0.57952,-0.79897,-0.16063), (-0.16623,-0.077076,0.98307), 1.1882, 3.1254, 2.4438, (gDx*13,gDy*7,gDz*0)),rgb(0,1,0.4375));
		draw(
			ellipsoid( (-0.98098,-0.04722,0.18828), (-0.19181,0.087114,-0.97756), (-0.029759,0.99508,0.094515), 0.84553, 2.4759, 3.5971, (gDx*14,gDy*7,gDz*0)),rgb(0,1,1));
		draw(
			ellipsoid( (0.64306,0.40675,-0.64887), (0.59865,0.26141,0.75716), (-0.47759,0.87534,0.075393), 1.3434, 2.5923, 3.0241, (gDx*15,gDy*7,gDz*0)),rgb(0,1,0.25));
		draw(
			ellipsoid( (0.50459,0.66015,-0.55641), (0.65315,-0.71335,-0.25402), (0.56461,0.23525,0.79112), 1.5369, 3.7582, 2.7584, (gDx*16,gDy*7,gDz*0)),rgb(0,1,0.34375));
		draw(
			ellipsoid( (-0.53695,0.76321,0.35944), (0.6402,0.64612,-0.41554), (0.54938,-0.0069884,0.83554), 3.6667, 1.83, 2.348, (gDx*17,gDy*7,gDz*0)),rgb(0.03125,1,0));
		draw(
			ellipsoid( (0.88818,-0.26824,-0.37306), (-0.42549,-0.17362,-0.88815), (-0.17346,-0.94758,0.26834), 3.6599, 2.4069, 1.5251, (gDx*18,gDy*7,gDz*0)),rgb(0,1,0.25));
		draw(
			ellipsoid( (0.8713,-0.26576,-0.41257), (-0.46137,-0.15701,-0.8732), (-0.16728,-0.95117,0.25941), 3.6824, 2.4796, 1.5624, (gDx*19,gDy*7,gDz*0)),rgb(0,1,0.25));
		draw(
			ellipsoid( (0.70507,-0.38324,-0.59665), (-0.6999,-0.24079,-0.67242), (-0.11403,-0.89171,0.43801), 3.5885, 2.7308, 1.6825, (gDx*20,gDy*7,gDz*0)),rgb(0,1,0.0625));
		draw(
			ellipsoid( (0.47589,-0.65211,-0.59016), (-0.86364,-0.21959,-0.45378), (-0.16632,-0.72563,0.66768), 3.7366, 2.7945, 1.779, (gDx*21,gDy*7,gDz*0)),rgb(0,1,0.0625));
		draw(
			ellipsoid( (0.44427,-0.75391,-0.484), (-0.87692,-0.25532,-0.40722), (-0.18343,-0.60534,0.77454), 3.6101, 2.787, 1.8428, (gDx*22,gDy*7,gDz*0)),rgb(0.125,1,0));
		draw(
			ellipsoid( (-0.19443,-0.46799,0.86208), (-0.94882,-0.13324,-0.28632), (-0.24886,0.87363,0.41813), 1.7646, 2.9357, 3.4052, (gDx*23,gDy*7,gDz*0)),rgb(0.03125,1,0));
		draw(
			ellipsoid( (-0.24241,-0.29548,0.92408), (-0.94413,-0.14735,-0.29478), (-0.22327,0.94392,0.24325), 1.99, 3.0982, 3.6946, (gDx*24,gDy*7,gDz*0)),rgb(0.125,1,0));
		draw(
			ellipsoid( (0.58728,0.76988,-0.24977), (0.78268,-0.46157,0.41758), (-0.2062,0.44072,0.87364), 3.3424, 1.2836, 0.94608, (gDx*0,gDy*8,gDz*0)),rgb(0,1,0.8125));
		draw(
			ellipsoid( (0.68039,0.72193,-0.12603), (0.73008,-0.68266,0.031009), (0.063648,0.11311,0.99154), 3.4199, 1.4477, 0.91819, (gDx*1,gDy*8,gDz*0)),rgb(0,1,0.90625));
		draw(
			ellipsoid( (0.70993,0.70426,-0.0032955), (0.7042,-0.70992,-0.010476), (0.0097171,-0.0051163,0.99994), 3.4791, 1.8313, 1.0103, (gDx*2,gDy*8,gDz*0)),rgb(0,1,0.71875));
		draw(
			ellipsoid( (0.54887,0.77991,0.30081), (0.81997,-0.43238,-0.3751), (0.16248,-0.45253,0.87682), 3.1627, 1.5721, 1.2025, (gDx*3,gDy*8,gDz*0)),rgb(0,1,0.4375));
		draw(
			ellipsoid( (0.61816,0.69419,0.36877), (0.76374,-0.41943,-0.49069), (0.18595,-0.58497,0.78945), 3.1498, 1.8762, 1.1643, (gDx*4,gDy*8,gDz*0)),rgb(0,1,0.4375));
		draw(
			ellipsoid( (0.76457,0.50626,0.39892), (0.63223,-0.4687,-0.61693), (0.12536,-0.7239,0.67843), 2.8717, 1.8626, 1.0329, (gDx*5,gDy*8,gDz*0)),rgb(0,1,0.4375));
		draw(
			ellipsoid( (0.84489,0.20822,0.49276), (0.53481,-0.30774,-0.78694), (0.012212,-0.92841,0.37136), 2.8166, 1.9947, 0.88268, (gDx*6,gDy*8,gDz*0)),rgb(0,1,0.71875));
		draw(
			ellipsoid( (0.77214,0.10706,0.62637), (-0.62829,0.27626,0.72728), (0.095179,0.9551,-0.28057), 2.7013, 2.0029, 0.98106, (gDx*7,gDy*8,gDz*0)),rgb(0,1,0.53125));
		draw(
			ellipsoid( (0.81966,0.053154,0.57037), (-0.56158,0.27103,0.78177), (0.11303,0.9611,-0.252), 2.6302, 1.9524, 0.9864, (gDx*8,gDy*8,gDz*0)),rgb(0,1,0.4375));
		draw(
			ellipsoid( (0.98897,0.099445,0.10978), (0.13213,-0.25729,-0.95726), (0.06695,-0.9612,0.26759), 2.5786, 1.8704, 1.248, (gDx*9,gDy*8,gDz*0)),rgb(0.03125,1,0));
		draw(
			ellipsoid( (0.98819,0.14711,-0.042941), (0.15304,-0.9622,0.2253), (0.0081734,0.22921,0.97334), 2.6109, 1.3128, 1.7909, (gDx*10,gDy*8,gDz*0)),rgb(0.03125,1,0));
		draw(
			ellipsoid( (-0.3846,0.89571,-0.22312), (0.9196,0.39277,-0.008389), (-0.080119,0.2084,0.97476), 1.105, 2.3837, 1.9717, (gDx*11,gDy*8,gDz*0)),rgb(0,1,0.15625));
		draw(
			ellipsoid( (-0.48338,0.87318,-0.062542), (0.87309,0.48606,0.038152), (-0.063712,0.036164,0.99731), 1.1591, 3.1028, 2.2408, (gDx*12,gDy*8,gDz*0)),rgb(0,1,0.4375));
		draw(
			ellipsoid( (0.85007,0.52625,0.021003), (0.52566,-0.85024,0.027951), (-0.032567,0.01272,0.99939), 3.3388, 1.1878, 2.2779, (gDx*13,gDy*8,gDz*0)),rgb(0,1,0.53125));
		draw(
			ellipsoid( (0.8434,0.53567,0.041674), (0.53558,-0.84436,0.014112), (-0.042747,-0.010418,0.99903), 3.3612, 1.2237, 2.2942, (gDx*14,gDy*8,gDz*0)),rgb(0,1,0.4375));
		draw(
			ellipsoid( (-0.71589,0.60177,0.35409), (0.69497,0.56526,0.44441), (-0.06728,-0.56423,0.82287), 1.5822, 3.4866, 2.6071, (gDx*15,gDy*8,gDz*0)),rgb(0,1,0.15625));
		draw(
			ellipsoid( (-0.67986,-0.19802,0.7061), (-0.73269,0.14292,-0.66538), (-0.030843,0.96972,0.24225), 1.9052, 2.436, 3.3879, (gDx*16,gDy*8,gDz*0)),rgb(0.3125,1,0));
		draw(
			ellipsoid( (-0.15995,0.95227,0.25999), (0.74983,-0.054093,0.65942), (-0.64201,-0.30043,0.70538), 3.5452, 2.2125, 1.9045, (gDx*17,gDy*8,gDz*0)),rgb(0.125,1,0));
		draw(
			ellipsoid( (-0.80724,-0.46511,0.36337), (-0.58356,0.53669,-0.60945), (-0.088446,0.70402,0.70465), 1.7041, 2.2908, 3.1888, (gDx*18,gDy*8,gDz*0)),rgb(0.21875,1,0));
		draw(
			ellipsoid( (-0.48831,-0.83111,0.26611), (-0.85211,0.38831,-0.35089), (-0.18829,0.3981,0.89781), 1.8487, 2.8399, 3.3801, (gDx*19,gDy*8,gDz*0)),rgb(0.21875,1,0));
		draw(
			ellipsoid( (0.4267,0.84357,-0.32606), (0.8421,-0.23911,0.48341), (-0.32983,0.48085,0.8124), 1.7895, 2.8577, 3.5054, (gDx*20,gDy*8,gDz*0)),rgb(0.03125,1,0));
		draw(
			ellipsoid( (-0.40862,-0.80287,0.43408), (-0.89959,0.27394,-0.34015), (-0.15418,0.52948,0.83419), 1.8372, 2.9827, 3.6049, (gDx*21,gDy*8,gDz*0)),rgb(0.03125,1,0));
		draw(
			ellipsoid( (-0.55406,-0.70622,0.44075), (-0.8316,0.44527,-0.33193), (-0.038161,0.55044,0.834), 1.9737, 2.8802, 3.5862, (gDx*22,gDy*8,gDz*0)),rgb(0.21875,1,0));
		draw(
			ellipsoid( (-0.4798,-0.65805,0.58031), (-0.87397,0.3002,-0.38218), (-0.077287,0.69054,0.71915), 2.0261, 2.9393, 3.738, (gDx*23,gDy*8,gDz*0)),rgb(0.21875,1,0));
		draw(
			ellipsoid( (-0.42554,-0.44796,0.78628), (-0.87795,-0.0062549,-0.47872), (-0.21937,0.89403,0.39063), 2.0029, 2.9655, 3.7244, (gDx*24,gDy*8,gDz*0)),rgb(0.21875,1,0));
		draw(
			ellipsoid( (-0.62437,-0.61443,0.48233), (-0.61693,0.76663,0.17799), (0.47913,0.18643,0.85772), 3.3094, 1.2606, 0.85075, (gDx*0,gDy*9,gDz*0)),rgb(0,1,0.90625));
		draw(
			ellipsoid( (0.72289,0.63271,-0.27768), (0.67555,-0.73159,0.091722), (0.14511,0.25389,0.95628), 3.1101, 1.4056, 0.97701, (gDx*1,gDy*9,gDz*0)),rgb(0,1,0.71875));
		draw(
			ellipsoid( (0.81672,0.5753,-0.044675), (0.5765,-0.81683,0.020593), (0.024645,0.042574,0.99879), 3.7375, 1.8324, 0.95754, (gDx*2,gDy*9,gDz*0)),rgb(0,1,0.90625));
		draw(
			ellipsoid( (0.86959,0.49374,-0.0061331), (0.48623,-0.85839,-0.16356), (0.08602,-0.13925,0.98651), 3.5097, 1.8643, 0.9891, (gDx*3,gDy*9,gDz*0)),rgb(0,1,0.8125));
		draw(
			ellipsoid( (0.76751,0.60303,0.21747), (0.62921,-0.64378,-0.43549), (0.12261,-0.47107,0.87353), 3.2114, 2.0715, 1.1666, (gDx*4,gDy*9,gDz*0)),rgb(0,1,0.4375));
		draw(
