	import three;
	import settings;

	surface ellipsoid(triple v1,triple v2,triple v3,real l1,real l2, real l3, triple pos=O) {
		transform3 T = identity(4);
		T[0][0] = l1*v1.x;
		T[1][0] = l1*v1.y;
		T[2][0] = l1*v1.z;
		T[0][1] = l2*v2.x;
		T[1][1] = l2*v2.y;
		T[2][1] = l2*v2.z;
		T[0][2] = l3*v3.x;
		T[1][2] = l3*v3.y;
		T[2][2] = l3*v3.z;
		T[0][3] = pos.x;
		T[1][3] = pos.y;
		T[2][3] = pos.z;
		return T*unitsphere;
	}

	size(200);

	real gDx=4;
	real gDy=4;
	real gDz=4;

	currentprojection=perspective( camera=(gDx*12,gDy*12,25),up=Y, target=(gDx*12,gDy*12,gDz*0));
		draw(
			ellipsoid( (-0.22913,0.97092,-0.069437), (0.97332,0.22942,-0.0038628), (-0.01218,0.06847,0.99758), 0.95193, 1.2174, 3.5916, (gDx*0,gDy*0,gDz*0)),rgb(0,1,0.90625));
		draw(
			ellipsoid( (0.054751,0.99044,-0.12659), (-0.95216,0.013614,-0.3053), (-0.30066,0.13725,0.9438), 1.0256, 1.5457, 3.0583, (gDx*1,gDy*0,gDz*0)),rgb(0,1,0.625));
		draw(
			ellipsoid( (0.12456,0.97521,-0.18288), (-0.6875,-0.048076,-0.72459), (-0.71543,0.21598,0.66447), 1.0424, 1.4853, 3.21, (gDx*2,gDy*0,gDz*0)),rgb(0,1,0.625));
		draw(
			ellipsoid( (0.31846,0.93834,0.13453), (-0.37163,0.25415,-0.89292), (-0.87205,0.23436,0.42965), 1.0972, 1.2417, 3.42, (gDx*3,gDy*0,gDz*0)),rgb(0,1,0.8125));
		draw(
			ellipsoid( (-0.33471,-0.71941,-0.60862), (0.098391,-0.66902,0.7367), (-0.93717,0.1867,0.29471), 1.1327, 1.316, 3.3068, (gDx*4,gDy*0,gDz*0)),rgb(0,1,0.625));
		draw(
			ellipsoid( (-0.18119,-0.65097,-0.73716), (0.018129,-0.75165,0.65931), (-0.98328,0.1061,0.14799), 1.0669, 1.4229, 3.3029, (gDx*5,gDy*0,gDz*0)),rgb(0,1,0.71875));
		draw(
			ellipsoid( (-0.039975,-0.68029,-0.73185), (0.010419,-0.73268,0.68049), (-0.99915,0.019578,0.036377), 0.94395, 1.4795, 3.4064, (gDx*6,gDy*0,gDz*0)),rgb(0,1,0.8125));
		draw(
			ellipsoid( (-0.057784,0.73418,0.67649), (-0.011624,0.67708,-0.73582), (-0.99826,-0.050382,-0.030591), 0.83218, 1.4361, 3.3855, (gDx*7,gDy*0,gDz*0)),rgb(0,1,1));
		draw(
			ellipsoid( (-0.11788,0.79265,0.59818), (-0.001626,0.60222,-0.79833), (-0.99303,-0.095078,-0.0697), 0.74943, 1.426, 3.2073, (gDx*8,gDy*0,gDz*0)),rgb(0,1,1));
		draw(
			ellipsoid( (-0.15907,0.80882,0.56613), (-0.017009,0.5711,-0.8207), (-0.98712,-0.14018,-0.077091), 0.73466, 1.406, 2.9984, (gDx*9,gDy*0,gDz*0)),rgb(0,1,0.90625));
		draw(
			ellipsoid( (-0.34566,0.77406,0.53042), (0.18517,-0.49788,0.84725), (-0.91991,-0.39108,-0.02877), 0.99627, 1.5905, 2.6623, (gDx*10,gDy*0,gDz*0)),rgb(0,1,0.4375));
		draw(
			ellipsoid( (-0.80314,0.56152,0.19918), (0.21236,-0.042566,0.97626), (-0.55667,-0.82637,0.085057), 1.2125, 1.7565, 2.6473, (gDx*11,gDy*0,gDz*0)),rgb(0,1,0.0625));
		draw(
			ellipsoid( (-0.95367,0.29532,-0.057356), (-0.061275,-0.0040248,0.99811), (-0.29454,-0.95539,-0.021934), 0.85642, 1.863, 3.795, (gDx*12,gDy*0,gDz*0)),rgb(0,1,1));
		draw(
			ellipsoid( (-0.90423,0.42369,-0.053394), (-0.048084,0.023221,0.99857), (-0.42433,-0.90551,0.00062464), 1.0605, 1.7289, 4.1723, (gDx*13,gDy*0,gDz*0)),rgb(0,1,0.90625));
		draw(
			ellipsoid( (0.71391,-0.68488,0.14584), (-0.044323,0.16366,0.98552), (0.69883,0.71004,-0.086483), 1.0412, 1.9083, 4.1054, (gDx*14,gDy*0,gDz*0)),rgb(0,1,0.90625));
		draw(
			ellipsoid( (0.55125,-0.80523,0.21848), (0.0015204,0.26282,0.96484), (-0.83434,-0.53154,0.14611), 1.0033, 1.9489, 4.2705, (gDx*15,gDy*0,gDz*0)),rgb(0,1,1));
		draw(
			ellipsoid( (-0.38858,0.82825,-0.40375), (-0.027702,0.42748,0.9036), (-0.921,-0.3623,0.14317), 1.0508, 1.8961, 4.255, (gDx*16,gDy*0,gDz*0)),rgb(0,1,0.90625));
		draw(
			ellipsoid( (0.21445,-0.75154,0.62386), (-0.0064349,0.63762,0.77032), (-0.97671,-0.16921,0.1319), 1.0216, 1.8476, 4.3208, (gDx*17,gDy*0,gDz*0)),rgb(0,1,1));
		draw(
			ellipsoid( (0.092124,-0.64528,0.75837), (0.020696,0.76269,0.64644), (-0.99553,-0.043857,0.083616), 1.0571, 1.9776, 4.3339, (gDx*18,gDy*0,gDz*0)),rgb(0,1,0.90625));
		draw(
			ellipsoid( (-0.051452,-0.52778,0.84782), (0.039736,0.84719,0.5298), (-0.99788,0.060948,-0.022618), 1.1586, 2.1084, 4.0321, (gDx*19,gDy*0,gDz*0)),rgb(0,1,0.8125));
		draw(
			ellipsoid( (-0.21447,-0.41456,0.88439), (0.11182,0.88908,0.44388), (-0.97031,0.19409,-0.14432), 1.1518, 2.2424, 3.9296, (gDx*20,gDy*0,gDz*0)),rgb(0,1,0.71875));
		draw(
			ellipsoid( (-0.3012,-0.34532,0.88884), (0.1175,0.91158,0.39397), (-0.94629,0.2231,-0.23399), 1.2276, 2.2523, 3.9446, (gDx*21,gDy*0,gDz*0)),rgb(0,1,0.625));
		draw(
			ellipsoid( (-0.37743,-0.26417,0.88756), (0.13031,0.93376,0.33334), (-0.91682,0.24147,-0.31801), 1.2891, 2.2475, 4.0041, (gDx*22,gDy*0,gDz*0)),rgb(0,1,0.625));
		draw(
			ellipsoid( (-0.53228,-0.24868,0.80922), (-0.12422,-0.92259,-0.36522), (0.83741,-0.29492,0.46019), 1.6125, 2.3911, 3.592, (gDx*23,gDy*0,gDz*0)),rgb(0,1,0.15625));
		draw(
			ellipsoid( (-0.77029,-0.20441,0.60404), (0.067401,0.91583,0.39587), (0.63412,-0.34565,0.69168), 1.8286, 2.5349, 3.5424, (gDx*24,gDy*0,gDz*0)),rgb(0.125,1,0));
		draw(
			ellipsoid( (-0.088664,-0.95754,0.27432), (0.95638,-0.0048818,0.29207), (-0.27833,0.28825,0.91621), 1.0503, 1.2406, 3.3601, (gDx*0,gDy*1,gDz*0)),rgb(0,1,0.8125));
		draw(
			ellipsoid( (-0.30924,0.86893,-0.38644), (0.92068,0.37531,0.10715), (-0.23814,0.32266,0.91607), 1.1315, 1.243, 3.2113, (gDx*1,gDy*1,gDz*0)),rgb(0,1,0.625));
		draw(
			ellipsoid( (-0.24353,0.85006,-0.467), (0.88052,0.39566,0.26102), (-0.40665,0.34764,0.84486), 1.1653, 1.4444, 2.9664, (gDx*2,gDy*1,gDz*0)),rgb(0,1,0.4375));
		draw(
			ellipsoid( (0.10405,-0.84039,0.5319), (0.7329,0.42631,0.5302), (-0.67233,0.33466,0.66028), 1.2293, 1.4645, 2.908, (gDx*3,gDy*1,gDz*0)),rgb(0,1,0.34375));
		draw(
			ellipsoid( (-0.55933,-0.24194,-0.79285), (0.14579,0.91284,-0.3814), (-0.81602,0.32892,0.47531), 1.3478, 1.3534, 2.8908, (gDx*4,gDy*1,gDz*0)),rgb(0,1,0.25));
		draw(
			ellipsoid( (-0.43332,-0.52967,-0.72916), (0.06439,0.7888,-0.61126), (-0.89894,0.31182,0.3077), 1.2339, 1.4462, 2.8245, (gDx*5,gDy*1,gDz*0)),rgb(0,1,0.25));
		draw(
			ellipsoid( (-0.22815,-0.74086,-0.63173), (0.0026969,-0.64932,0.76051), (-0.97362,0.17181,0.15014), 1.0739, 1.4737, 2.805, (gDx*6,gDy*1,gDz*0)),rgb(0,1,0.4375));
		draw(
			ellipsoid( (0.088559,0.81876,0.56726), (-0.031246,-0.56694,0.82317), (-0.99558,0.090624,0.024624), 0.88056, 1.4372, 2.8871, (gDx*7,gDy*1,gDz*0)),rgb(0,1,0.71875));
		draw(
			ellipsoid( (0.021779,0.80631,0.59109), (-0.030834,-0.5904,0.80652), (-0.99929,0.035791,-0.012004), 0.88849, 1.4271, 2.785, (gDx*8,gDy*1,gDz*0)),rgb(0,1,0.625));
		draw(
			ellipsoid( (-0.04769,0.78815,0.61363), (-0.013605,-0.61479,0.78857), (-0.99877,-0.029258,-0.040043), 0.89654, 1.421, 2.7146, (gDx*9,gDy*1,gDz*0)),rgb(0,1,0.625));
		draw(
			ellipsoid( (-0.18433,0.78919,0.58583), (0.11321,-0.57503,0.81026), (-0.97632,-0.21567,-0.016652), 1.0377, 1.4485, 2.6027, (gDx*10,gDy*1,gDz*0)),rgb(0,1,0.34375));
		draw(
			ellipsoid( (-0.40879,0.85894,0.3084), (0.12469,-0.28219,0.95122), (-0.90407,-0.42731,-0.0082589), 1.1344, 1.4497, 2.7096, (gDx*11,gDy*1,gDz*0)),rgb(0,1,0.25));
		draw(
			ellipsoid( (-0.55889,0.82837,0.037892), (0.036657,-0.02097,0.99911), (-0.82843,-0.55978,0.018645), 1.1347, 1.6083, 3.1669, (gDx*12,gDy*1,gDz*0)),rgb(0,1,0.53125));
		draw(
			ellipsoid( (0.62765,-0.77656,0.054853), (0.0092776,0.077917,0.99692), (-0.77844,-0.62521,0.056109), 1.1011, 1.8432, 3.7392, (gDx*13,gDy*1,gDz*0)),rgb(0,1,0.71875));
		draw(
			ellipsoid( (0.60058,-0.79298,0.10241), (0.02068,0.14344,0.98944), (-0.7993,-0.59212,0.10255), 1.1087, 1.9228, 3.9532, (gDx*14,gDy*1,gDz*0)),rgb(0,1,0.8125));
		draw(
			ellipsoid( (0.49403,-0.84761,0.19364), (0.0376,0.24333,0.96921), (-0.86863,-0.47154,0.15209), 1.0956, 1.9638, 4.1102, (gDx*15,gDy*1,gDz*0)),rgb(0,1,0.8125));
		draw(
			ellipsoid( (-0.36451,0.86364,-0.34823), (0.040093,0.38817,0.92071), (-0.93034,-0.32164,0.17612), 1.1102, 1.9381, 4.1874, (gDx*16,gDy*1,gDz*0)),rgb(0,1,0.90625));
		draw(
			ellipsoid( (0.22476,-0.80981,0.54193), (-0.05916,-0.56647,-0.82195), (-0.97262,-0.15268,0.17523), 1.0923, 1.9367, 4.2383, (gDx*17,gDy*1,gDz*0)),rgb(0,1,0.90625));
		draw(
			ellipsoid( (0.11173,-0.69294,0.71228), (0.071131,0.72051,0.68979), (-0.99119,-0.026406,0.12979), 1.1258, 2.0537, 4.1966, (gDx*18,gDy*1,gDz*0)),rgb(0,1,0.8125));
		draw(
			ellipsoid( (-0.016618,-0.56905,0.82213), (0.10053,0.81713,0.56762), (-0.9948,0.09208,0.043626), 1.2139, 2.2179, 3.9679, (gDx*19,gDy*1,gDz*0)),rgb(0,1,0.71875));
		draw(
			ellipsoid( (-0.14789,-0.45855,0.87628), (0.1766,0.85954,0.47959), (-0.97311,0.22567,-0.046135), 1.2214, 2.3684, 3.9369, (gDx*20,gDy*1,gDz*0)),rgb(0,1,0.71875));
		draw(
			ellipsoid( (-0.24756,-0.40072,0.88212), (0.16803,0.87891,0.44642), (-0.95419,0.25874,-0.15025), 1.3241, 2.3721, 3.8705, (gDx*21,gDy*1,gDz*0)),rgb(0,1,0.53125));
		draw(
			ellipsoid( (-0.35731,-0.34238,0.86897), (0.1577,0.89491,0.41745), (-0.92058,0.2862,-0.26577), 1.4596, 2.3547, 3.8233, (gDx*22,gDy*1,gDz*0)),rgb(0,1,0.4375));
		draw(
			ellipsoid( (-0.48933,-0.26914,0.82953), (0.184,0.89792,0.39986), (-0.85247,0.3483,-0.38986), 1.6983, 2.4487, 3.6268, (gDx*23,gDy*1,gDz*0)),rgb(0,1,0.0625));
		draw(
			ellipsoid( (0.66302,0.16235,-0.73078), (0.22645,0.88697,0.40251), (0.71353,-0.43236,0.55131), 1.8559, 2.5464, 3.6645, (gDx*24,gDy*1,gDz*0)),rgb(0.125,1,0));
		draw(
			ellipsoid( (-0.71668,0.31633,-0.62153), (0.49286,0.86027,-0.13048), (-0.49341,0.39985,0.77245), 1.1403, 1.1775, 3.1934, (gDx*0,gDy*2,gDz*0)),rgb(0,1,0.71875));
		draw(
			ellipsoid( (-0.80801,0.40272,-0.43005), (0.53963,0.79883,-0.26584), (-0.23647,0.44687,0.86278), 0.99994, 1.2769, 3.1972, (gDx*1,gDy*2,gDz*0)),rgb(0,1,0.71875));
		draw(
			ellipsoid( (-0.57896,0.65598,-0.48425), (0.79818,0.57724,-0.17234), (-0.16648,0.4863,0.85779), 1.0927, 1.4118, 3.0925, (gDx*2,gDy*2,gDz*0)),rgb(0,1,0.53125));
		draw(
			ellipsoid( (-0.33379,0.77403,-0.53801), (0.92621,0.37542,-0.034525), (-0.17526,0.50984,0.84223), 1.153, 1.6452, 2.9693, (gDx*3,gDy*2,gDz*0)),rgb(0,1,0.34375));
		draw(
			ellipsoid( (-0.22421,0.73123,-0.64423), (0.87296,0.44456,0.20077), (-0.43321,0.51737,0.73801), 1.2868, 1.7135, 2.6621, (gDx*4,gDy*2,gDz*0)),rgb(0.03125,1,0));
		draw(
			ellipsoid( (-0.32398,0.4445,-0.83514), (0.67548,0.72675,0.12476), (-0.66239,0.5237,0.5357), 1.3758, 1.6035, 2.4654, (gDx*5,gDy*2,gDz*0)),rgb(0.21875,1,0));
		draw(
			ellipsoid( (0.3862,0.053691,0.92085), (-0.4106,-0.88394,0.22374), (0.82599,-0.46451,-0.31933), 1.3412, 1.5483, 2.3731, (gDx*6,gDy*2,gDz*0)),rgb(0.21875,1,0));
		draw(
			ellipsoid( (0.28873,0.34618,0.89263), (0.30113,0.85219,-0.4279), (-0.90882,0.39235,0.14181), 1.217, 1.5416, 2.393, (gDx*7,gDy*2,gDz*0)),rgb(0.03125,1,0));
		draw(
			ellipsoid( (0.19805,0.4826,0.85315), (0.22817,0.82379,-0.51896), (-0.95327,0.29744,0.053038), 1.1065, 1.495, 2.4538, (gDx*8,gDy*2,gDz*0)),rgb(0,1,0.15625));
		draw(
			ellipsoid( (-0.12599,-0.71229,-0.69048), (-0.09073,-0.68483,0.72303), (-0.98787,0.15374,0.021658), 1.055, 1.4497, 2.5555, (gDx*9,gDy*2,gDz*0)),rgb(0,1,0.25));
		draw(
			ellipsoid( (0.017202,0.83521,0.54967), (0.018338,-0.54992,0.83501), (-0.99968,0.0042842,0.024776), 1.081, 1.4533, 2.6339, (gDx*10,gDy*2,gDz*0)),rgb(0,1,0.34375));
		draw(
			ellipsoid( (-0.12114,0.92501,0.36012), (0.070852,-0.35381,0.93263), (-0.9901,-0.13849,0.022678), 1.1787, 1.5123, 2.8995, (gDx*11,gDy*2,gDz*0)),rgb(0,1,0.34375));
		draw(
			ellipsoid( (-0.25093,0.95964,0.12698), (0.034646,-0.12219,0.9919), (-0.96739,-0.25329,0.0025869), 1.2056, 1.6383, 3.2939, (gDx*12,gDy*2,gDz*0)),rgb(0,1,0.53125));
		draw(
			ellipsoid( (0.37384,-0.92648,-0.043345), (0.060789,-0.022158,0.9979), (-0.9255,-0.37569,0.048036), 1.1988, 1.8266, 3.7436, (gDx*13,gDy*2,gDz*0)),rgb(0,1,0.625));
		draw(
			ellipsoid( (0.43624,-0.89967,0.017227), (0.089075,0.062226,0.99408), (-0.89541,-0.43212,0.10728), 1.1487, 1.9375, 4.0131, (gDx*14,gDy*2,gDz*0)),rgb(0,1,0.8125));
		draw(
			ellipsoid( (0.40251,-0.90531,0.13565), (0.098057,0.18997,0.97688), (-0.91015,-0.3799,0.16524), 1.1611, 1.9834, 4.0986, (gDx*15,gDy*2,gDz*0)),rgb(0,1,0.8125));
		draw(
			ellipsoid( (-0.32263,0.90649,-0.27237), (-0.12007,-0.32463,-0.93819), (-0.93888,-0.26999,0.21358), 1.159, 1.9926, 4.1477, (gDx*16,gDy*2,gDz*0)),rgb(0,1,0.8125));
		draw(
			ellipsoid( (0.22783,-0.86198,0.45287), (-0.13877,-0.48909,-0.86112), (-0.96376,-0.13334,0.23104), 1.1513, 2.0454, 4.1808, (gDx*17,gDy*2,gDz*0)),rgb(0,1,0.8125));
		draw(
			ellipsoid( (0.1308,-0.73802,0.66198), (0.13728,0.67477,0.72515), (-0.98186,-0.0039755,0.18958), 1.1898, 2.1355, 4.0884, (gDx*18,gDy*2,gDz*0)),rgb(0,1,0.71875));
		draw(
			ellipsoid( (0.020127,-0.60234,0.79799), (0.1832,0.78686,0.58932), (-0.98287,0.13433,0.12619), 1.2628, 2.3229, 3.9485, (gDx*19,gDy*2,gDz*0)),rgb(0,1,0.625));
		draw(
			ellipsoid( (-0.082274,-0.49763,0.86348), (0.26661,0.82385,0.50019), (-0.96029,0.27137,0.064893), 1.2756, 2.4681, 3.953, (gDx*20,gDy*2,gDz*0)),rgb(0,1,0.625));
		draw(
			ellipsoid( (-0.18438,-0.45292,0.87228), (0.25528,0.83496,0.48751), (-0.94912,0.31257,-0.03833), 1.4285, 2.4818, 3.7972, (gDx*21,gDy*2,gDz*0)),rgb(0,1,0.4375));
		draw(
			ellipsoid( (-0.2994,-0.38437,0.87328), (0.2495,0.85188,0.46049), (-0.92093,0.35575,-0.15915), 1.6026, 2.4993, 3.6997, (gDx*22,gDy*2,gDz*0)),rgb(0,1,0.15625));
		draw(
			ellipsoid( (-0.42603,-0.27337,0.86242), (0.28948,0.86195,0.41623), (-0.85715,0.42698,-0.28807), 1.7803, 2.5461, 3.6253, (gDx*23,gDy*2,gDz*0)),rgb(0.03125,1,0));
		draw(
			ellipsoid( (-0.56641,-0.13474,0.81304), (-0.36193,-0.84565,-0.39228), (0.7404,-0.51646,0.43022), 1.873, 2.5965, 3.7394, (gDx*24,gDy*2,gDz*0)),rgb(0.03125,1,0));
		draw(
			ellipsoid( (-0.52245,0.26024,-0.81199), (0.58273,0.80417,-0.11721), (-0.62248,0.5344,0.57178), 1.0653, 1.3184, 3.0626, (gDx*0,gDy*3,gDz*0)),rgb(0,1,0.625));
		draw(
			ellipsoid( (-0.46945,0.57555,-0.6696), (0.81506,0.5741,-0.077971), (-0.33954,0.58237,0.73862), 1.0724, 1.3575, 2.8599, (gDx*1,gDy*3,gDz*0)),rgb(0,1,0.4375));
		draw(
			ellipsoid( (-0.40231,0.70332,-0.58608), (0.9113,0.36895,-0.18279), (-0.08768,0.60763,0.78937), 1.0613, 1.4978, 2.9599, (gDx*2,gDy*3,gDz*0)),rgb(0,1,0.53125));
		draw(
			ellipsoid( (-0.32837,0.76078,-0.55981), (0.93983,0.20399,-0.27406), (0.094302,0.61612,0.78198), 1.0727, 1.6015, 3.0452, (gDx*3,gDy*3,gDz*0)),rgb(0,1,0.53125));
		draw(
			ellipsoid( (-0.32344,0.74668,-0.58126), (0.93895,0.1771,-0.29496), (0.1173,0.64118,0.75837), 1.1311, 1.6937, 2.9039, (gDx*4,gDy*3,gDz*0)),rgb(0,1,0.34375));
		draw(
			ellipsoid( (-0.35193,0.64547,-0.67787), (0.93537,0.21548,-0.28044), (0.03495,0.73276,0.67959), 1.2415, 1.7443, 2.5766, (gDx*5,gDy*3,gDz*0)),rgb(0.03125,1,0));
		draw(
			ellipsoid( (0.44328,-0.41505,0.7945), (-0.88195,-0.36038,0.3038), (0.16023,-0.83538,-0.5258), 1.284, 1.7468, 2.3808, (gDx*6,gDy*3,gDz*0)),rgb(0.21875,1,0));
		draw(
			ellipsoid( (0.48751,-0.096052,0.86782), (-0.77158,-0.51261,0.3767), (0.40867,-0.85323,-0.32401), 1.2971, 1.7273, 2.2768, (gDx*7,gDy*3,gDz*0)),rgb(0.3125,1,0));
		draw(
			ellipsoid( (0.46257,0.17714,0.86871), (-0.63202,-0.62127,0.46322), (0.62175,-0.76331,-0.17542), 1.2813, 1.7478, 2.2908, (gDx*8,gDy*3,gDz*0)),rgb(0.3125,1,0));
		draw(
			ellipsoid( (0.36163,0.47794,0.80049), (0.29247,0.75711,-0.58417), (-0.88526,0.44537,0.13401), 1.2825, 1.693, 2.3498, (gDx*9,gDy*3,gDz*0)),rgb(0.21875,1,0));
		draw(
			ellipsoid( (-0.25779,-0.7977,-0.54518), (-0.071632,-0.54692,0.83411), (-0.96354,0.25408,0.083849), 1.2506, 1.6247, 2.6051, (gDx*10,gDy*3,gDz*0)),rgb(0,1,0.0625));
		draw(
			ellipsoid( (0.12422,0.94534,0.3015), (0.011571,-0.30522,0.95221), (-0.99219,0.11479,0.048852), 1.287, 1.6371, 2.9196, (gDx*11,gDy*3,gDz*0)),rgb(0,1,0.25));
		draw(
			ellipsoid( (0.018995,0.99594,0.087996), (-0.0019513,-0.087974,0.99612), (-0.99982,0.019093,-0.00027231), 1.2443, 1.7083, 3.3632, (gDx*12,gDy*3,gDz*0)),rgb(0,1,0.4375));
		draw(
			ellipsoid( (0.10674,-0.99422,-0.011519), (-0.02997,0.0083628,-0.99952), (0.99384,0.10703,-0.028904), 1.2626, 1.8008, 3.6693, (gDx*13,gDy*3,gDz*0)),rgb(0,1,0.53125));
		draw(
			ellipsoid( (0.21549,-0.97603,0.030454), (0.084894,0.049793,0.99515), (-0.97281,-0.21186,0.093589), 1.2523, 1.9242, 3.8657, (gDx*14,gDy*3,gDz*0)),rgb(0,1,0.625));
		draw(
			ellipsoid( (-0.26079,0.95801,-0.1192), (-0.14224,-0.16025,-0.97677), (-0.95486,-0.23777,0.17806), 1.2095, 2.0119, 4.0095, (gDx*15,gDy*3,gDz*0)),rgb(0,1,0.71875));
		draw(
			ellipsoid( (-0.25699,0.94587,-0.19823), (-0.19062,-0.2507,-0.94911), (-0.94743,-0.20612,0.24473), 1.1754, 2.051, 4.1022, (gDx*16,gDy*3,gDz*0)),rgb(0,1,0.8125));
		draw(
			ellipsoid( (0.2052,-0.90058,0.3832), (0.20954,0.42288,0.88163), (-0.95603,-0.10062,0.27548), 1.178, 2.0983, 4.1015, (gDx*17,gDy*3,gDz*0)),rgb(0,1,0.8125));
		draw(
			ellipsoid( (0.13795,-0.77988,0.61054), (0.21259,0.62538,0.7508), (-0.96736,0.026225,0.25206), 1.2526, 2.1923, 4.0081, (gDx*18,gDy*3,gDz*0)),rgb(0,1,0.625));
		draw(
			ellipsoid( (0.049315,-0.63535,0.77064), (0.28228,0.74899,0.59944), (-0.95806,0.18797,0.21628), 1.3017, 2.3957, 3.9462, (gDx*19,gDy*3,gDz*0)),rgb(0,1,0.625));
		draw(
			ellipsoid( (-0.035245,-0.55995,0.82778), (0.35896,0.76592,0.53339), (-0.93269,0.31594,0.174), 1.3433, 2.5374, 3.9241, (gDx*20,gDy*3,gDz*0)),rgb(0,1,0.53125));
		draw(
			ellipsoid( (-0.11396,-0.49583,0.86091), (0.37436,0.78125,0.49951), (-0.92025,0.37922,0.09659), 1.5255, 2.5832, 3.7675, (gDx*21,gDy*3,gDz*0)),rgb(0,1,0.34375));
		draw(
			ellipsoid( (-0.21203,-0.40534,0.88924), (0.38946,0.7995,0.4573), (-0.8963,0.44329,-0.01165), 1.7259, 2.6254, 3.655, (gDx*22,gDy*3,gDz*0)),rgb(0,1,0.0625));
		draw(
			ellipsoid( (-0.32775,-0.26577,0.90661), (0.43861,0.80713,0.39517), (-0.83678,0.52716,-0.14797), 1.8713, 2.6622, 3.6398, (gDx*23,gDy*3,gDz*0)),rgb(0.125,1,0));
		draw(
			ellipsoid( (-0.43355,-0.10634,0.89483), (-0.5291,-0.77378,-0.3483), (0.72944,-0.62447,0.27921), 1.9279, 2.6997, 3.7816, (gDx*24,gDy*3,gDz*0)),rgb(0.125,1,0));
		draw(
			ellipsoid( (0.24547,-0.2584,0.93433), (-0.74344,-0.66872,0.010376), (0.62212,-0.69717,-0.35626), 0.95359, 1.4549, 3.224, (gDx*0,gDy*4,gDz*0)),rgb(0,1,0.71875));
		draw(
			ellipsoid( (0.2204,-0.46032,0.85996), (-0.87748,-0.47859,-0.031293), (0.42597,-0.7477,-0.50941), 0.99055, 1.4962, 2.7946, (gDx*1,gDy*4,gDz*0)),rgb(0,1,0.53125));
		draw(
			ellipsoid( (-0.27796,0.6162,-0.73691), (0.95901,0.22207,-0.17604), (-0.055171,0.75564,0.65267), 0.98088, 1.5593, 2.7756, (gDx*2,gDy*4,gDz*0)),rgb(0,1,0.53125));
		draw(
			ellipsoid( (-0.26151,0.72146,-0.64117), (0.9406,0.041484,-0.33696), (0.21651,0.69121,0.68946), 1.0451, 1.5675, 2.9875, (gDx*3,gDy*4,gDz*0)),rgb(0,1,0.53125));
		draw(
			ellipsoid( (-0.27975,0.75969,-0.58704), (0.9114,0.017915,-0.41113), (0.30181,0.65004,0.69739), 1.0902, 1.652, 2.9692, (gDx*4,gDy*4,gDz*0)),rgb(0,1,0.4375));
		draw(
			ellipsoid( (-0.32633,0.76513,-0.55505), (0.8733,0.019322,-0.48681), (0.36174,0.64359,0.67449), 1.1523, 1.7183, 2.8723, (gDx*5,gDy*4,gDz*0)),rgb(0,1,0.34375));
		draw(
			ellipsoid( (-0.42498,0.67515,-0.60296), (0.84905,0.066353,-0.52414), (0.31386,0.73469,0.60143), 1.221, 1.7333, 2.6447, (gDx*6,gDy*4,gDz*0)),rgb(0,1,0.0625));
		draw(
			ellipsoid( (-0.54122,0.45088,-0.70978), (0.82751,0.13567,-0.54481), (-0.14935,-0.88221,-0.44654), 1.3057, 1.7379, 2.4193, (gDx*7,gDy*4,gDz*0)),rgb(0.21875,1,0));
		draw(
			ellipsoid( (-0.64313,0.18085,-0.7441), (0.76499,0.19527,-0.61373), (0.034306,-0.96393,-0.26393), 1.3051, 1.7724, 2.3048, (gDx*8,gDy*4,gDz*0)),rgb(0.3125,1,0));
		draw(
			ellipsoid( (0.61065,-0.0045004,0.79188), (-0.75758,-0.29449,0.58253), (0.23058,-0.95564,-0.18324), 1.3356, 1.8759, 2.1592, (gDx*9,gDy*4,gDz*0)),rgb(0.5,1,0));
		draw(
			ellipsoid( (-0.46791,-0.60359,-0.64555), (-0.14153,-0.66985,0.72888), (-0.87237,0.43242,0.22801), 1.4845, 1.7241, 2.3835, (gDx*10,gDy*4,gDz*0)),rgb(0.5,1,0));
		draw(
			ellipsoid( (0.34056,0.92235,0.18248), (0.02882,-0.20423,0.9785), (-0.93978,0.32798,0.096133), 1.3631, 1.7639, 2.9772, (gDx*11,gDy*4,gDz*0)),rgb(0,1,0.15625));
		draw(
			ellipsoid( (0.25624,0.96103,-0.10378), (0.044259,0.095583,0.99444), (-0.9656,0.2594,0.018042), 1.2811, 1.8497, 3.5969, (gDx*12,gDy*4,gDz*0)),rgb(0,1,0.53125));
		draw(
			ellipsoid( (0.16052,0.96979,-0.1837), (0.054817,0.17707,0.98267), (-0.98551,0.16781,0.024737), 1.2938, 1.9693, 3.7511, (gDx*13,gDy*4,gDz*0)),rgb(0,1,0.53125));
		draw(
			ellipsoid( (0.051919,0.97796,-0.20223), (0.10082,0.19634,0.97534), (-0.99355,0.071026,0.088401), 1.2749, 2.0462, 3.7008, (gDx*14,gDy*4,gDz*0)),rgb(0,1,0.53125));
		draw(
			ellipsoid( (-0.053965,0.97976,-0.19276), (-0.18764,-0.19955,-0.96175), (-0.98075,-0.015732,0.19461), 1.1861, 2.1065, 3.6985, (gDx*15,gDy*4,gDz*0)),rgb(0,1,0.625));
		draw(
			ellipsoid( (-0.11837,0.96785,-0.22192), (-0.26552,-0.2462,-0.93214), (-0.95681,-0.051418,0.28612), 1.1292, 2.1352, 3.783, (gDx*16,gDy*4,gDz*0)),rgb(0,1,0.71875));
		draw(
			ellipsoid( (0.13708,-0.92622,0.35117), (0.28219,0.37634,0.88246), (-0.94951,-0.021875,0.31296), 1.1963, 2.1227, 3.8987, (gDx*17,gDy*4,gDz*0)),rgb(0,1,0.71875));
		draw(
			ellipsoid( (0.11203,-0.82714,0.55071), (0.29175,0.55715,0.77747), (-0.94991,0.073566,0.30374), 1.3081, 2.2168, 3.9278, (gDx*18,gDy*4,gDz*0)),rgb(0,1,0.625));
		draw(
			ellipsoid( (0.055771,-0.69041,0.72127), (0.36382,0.68678,0.62926), (-0.9298,0.22732,0.28949), 1.3663, 2.4346, 3.9591, (gDx*19,gDy*4,gDz*0)),rgb(0,1,0.53125));
		draw(
			ellipsoid( (-0.015429,-0.62609,0.7796), (0.45131,0.69139,0.56418), (-0.89223,0.36054,0.27189), 1.4951, 2.5923, 3.8385, (gDx*20,gDy*4,gDz*0)),rgb(0,1,0.34375));
		draw(
			ellipsoid( (-0.082394,-0.54957,0.83137), (0.50131,0.69813,0.51118), (-0.86134,0.45889,0.21798), 1.6404, 2.6701, 3.726, (gDx*21,gDy*4,gDz*0)),rgb(0,1,0.15625));
		draw(
			ellipsoid( (-0.14614,-0.42975,0.89104), (0.52981,0.72665,0.43736), (-0.83543,0.536,0.12149), 1.8017, 2.7221, 3.6412, (gDx*22,gDy*4,gDz*0)),rgb(0.03125,1,0));
		draw(
			ellipsoid( (-0.22126,-0.2698,0.93715), (0.59246,0.72611,0.34892), (-0.77462,0.63243,-0.00081334), 1.9064, 2.77, 3.678, (gDx*23,gDy*4,gDz*0)),rgb(0.125,1,0));
		draw(
			ellipsoid( (-0.28999,-0.11102,0.95057), (0.67972,0.67532,0.28623), (-0.67371,0.72912,-0.12037), 1.9294, 2.8142, 3.8602, (gDx*24,gDy*4,gDz*0)),rgb(0.03125,1,0));
		draw(
			ellipsoid( (0.10429,-0.20677,0.97282), (-0.88501,-0.46556,-0.0040774), (0.45374,-0.86053,-0.23154), 0.88429, 1.5701, 3.3205, (gDx*0,gDy*5,gDz*0)),rgb(0,1,0.8125));
		draw(
			ellipsoid( (0.13764,-0.34211,0.92952), (-0.95795,-0.28451,0.037139), (0.25175,-0.89555,-0.36689), 0.94145, 1.6218, 2.8649, (gDx*1,gDy*5,gDz*0)),rgb(0,1,0.625));
		draw(
			ellipsoid( (0.22383,-0.50363,0.83442), (-0.97218,-0.054697,0.22777), (-0.069074,-0.86219,-0.50186), 0.94173, 1.5999, 2.8416, (gDx*2,gDy*5,gDz*0)),rgb(0,1,0.625));
		draw(
			ellipsoid( (-0.22048,0.63972,-0.73631), (0.92382,-0.10526,-0.36808), (0.31297,0.76137,0.56777), 0.99274, 1.6017, 2.9755, (gDx*3,gDy*5,gDz*0)),rgb(0,1,0.625));
		draw(
			ellipsoid( (-0.23408,0.74717,-0.62205), (0.86991,-0.12474,-0.47718), (0.43413,0.65282,0.62077), 1.0712, 1.6719, 2.9752, (gDx*4,gDy*5,gDz*0)),rgb(0,1,0.4375));
		draw(
			ellipsoid( (-0.21981,0.8267,-0.51793), (-0.81822,0.13286,0.55933), (0.53122,0.54673,0.64722), 1.1177, 1.7609, 2.8963, (gDx*5,gDy*5,gDz*0)),rgb(0,1,0.34375));
		draw(
			ellipsoid( (-0.21418,0.82845,-0.51749), (-0.80936,0.14608,0.56885), (0.54686,0.54067,0.63923), 1.1629, 1.8012, 2.7137, (gDx*6,gDy*5,gDz*0)),rgb(0,1,0.25));
		draw(
			ellipsoid( (-0.30382,0.7834,-0.5422), (-0.79138,0.10936,0.60147), (0.53049,0.61182,0.58674), 1.2514, 1.808, 2.4613, (gDx*7,gDy*5,gDz*0)),rgb(0.125,1,0));
		draw(
			ellipsoid( (-0.42629,0.69475,-0.5793), (0.74371,-0.095377,-0.66166), (-0.51494,-0.7129,-0.47604), 1.3179, 1.8187, 2.2768, (gDx*8,gDy*5,gDz*0)),rgb(0.3125,1,0));
		draw(
			ellipsoid( (-0.57077,0.54392,-0.61512), (-0.65414,0.1516,0.74103), (-0.49632,-0.82533,-0.26927), 1.3556, 1.8465, 2.2095, (gDx*9,gDy*5,gDz*0)),rgb(0.5,1,0));
		draw(
			ellipsoid( (0.3907,-0.39716,0.83043), (-0.41074,-0.88257,-0.22885), (0.8238,-0.25168,-0.50794), 1.6121, 1.9364, 2.0867, (gDx*10,gDy*5,gDz*0)),rgb(1,0.9375,0));
		draw(
			ellipsoid( (0.44196,0.89633,0.03555), (-0.18379,0.12927,-0.97443), (-0.878,0.42413,0.22187), 1.6513, 1.7603, 2.5808, (gDx*11,gDy*5,gDz*0)),rgb(0.5,1,0));
		draw(
			ellipsoid( (0.41304,0.88226,-0.22585), (0.17223,0.16785,0.97065), (-0.89428,0.43982,0.082627), 1.4508, 1.9804, 3.3084, (gDx*12,gDy*5,gDz*0)),rgb(0,1,0.15625));
		draw(
			ellipsoid( (0.37876,0.87691,-0.29591), (0.18023,0.24372,0.95295), (-0.90778,0.41427,0.065735), 1.3544, 2.1888, 3.579, (gDx*13,gDy*5,gDz*0)),rgb(0,1,0.4375));
		draw(
			ellipsoid( (0.30035,0.90091,-0.31329), (0.20597,0.25945,0.94354), (-0.93132,0.34792,0.10763), 1.3134, 2.2943, 3.5733, (gDx*14,gDy*5,gDz*0)),rgb(0,1,0.4375));
		draw(
			ellipsoid( (0.14604,0.95422,-0.26102), (0.27537,0.21421,0.93717), (-0.95018,0.20875,0.23148), 1.192, 2.2627, 3.5171, (gDx*15,gDy*5,gDz*0)),rgb(0,1,0.53125));
		draw(
			ellipsoid( (0.023166,0.97232,-0.23249), (-0.34463,-0.21053,-0.91483), (-0.93845,0.10131,0.33021), 1.0191, 2.2189, 3.696, (gDx*16,gDy*5,gDz*0)),rgb(0,1,0.8125));
		draw(
			ellipsoid( (0.037907,-0.9373,0.34647), (0.35107,0.33711,0.87356), (-0.93558,0.088522,0.34184), 1.2101, 2.1729, 3.7469, (gDx*17,gDy*5,gDz*0)),rgb(0,1,0.625));
		draw(
			ellipsoid( (0.045514,-0.86571,0.49846), (-0.37705,-0.47696,-0.79394), (-0.92508,0.15181,0.34812), 1.3785, 2.2677, 3.7724, (gDx*18,gDy*5,gDz*0)),rgb(0,1,0.4375));
		draw(
			ellipsoid( (0.025966,-0.76625,0.64202), (0.45374,0.5813,0.67543), (-0.89075,0.27377,0.36277), 1.5094, 2.444, 3.7937, (gDx*19,gDy*5,gDz*0)),rgb(0,1,0.34375));
		draw(
			ellipsoid( (-0.019322,-0.69783,0.71601), (0.54368,0.59367,0.59327), (-0.83907,0.40074,0.36792), 1.6472, 2.6111, 3.7585, (gDx*20,gDy*5,gDz*0)),rgb(0,1,0.15625));
		draw(
			ellipsoid( (-0.080253,-0.59811,0.79739), (0.59097,0.61566,0.52127), (-0.80269,0.51306,0.30405), 1.7503, 2.7008, 3.6531, (gDx*21,gDy*5,gDz*0)),rgb(0,1,0.0625));
		draw(
			ellipsoid( (-0.13949,-0.47622,0.86819), (0.62685,0.63625,0.44972), (-0.76655,0.60696,0.20977), 1.8523, 2.7676, 3.5895, (gDx*22,gDy*5,gDz*0)),rgb(0.125,1,0));
		draw(
			ellipsoid( (-0.20253,-0.33464,0.92033), (0.68696,0.62122,0.37705), (-0.6979,0.70859,0.10407), 1.9066, 2.8422, 3.6299, (gDx*23,gDy*5,gDz*0)),rgb(0.125,1,0));
		draw(
			ellipsoid( (-0.26698,-0.2046,0.94173), (0.75984,0.55638,0.33629), (-0.59276,0.80535,0.0069225), 1.8991, 2.9156, 3.7973, (gDx*24,gDy*5,gDz*0)),rgb(0.03125,1,0));
		draw(
			ellipsoid( (0.049755,-0.1417,0.98866), (-0.99639,-0.075196,0.039367), (0.068765,-0.98705,-0.14493), 0.92631, 1.6374, 2.9336, (gDx*0,gDy*6,gDz*0)),rgb(0,1,0.625));
		draw(
			ellipsoid( (0.082886,-0.24811,0.96518), (-0.99311,0.059936,0.10069), (-0.082832,-0.96688,-0.24143), 0.94847, 1.6303, 2.8436, (gDx*1,gDy*6,gDz*0)),rgb(0,1,0.625));
		draw(
			ellipsoid( (0.13621,-0.39675,0.90776), (-0.95921,0.1763,0.22098), (-0.24771,-0.90084,-0.35656), 0.98098, 1.6334, 2.8557, (gDx*2,gDy*6,gDz*0)),rgb(0,1,0.53125));
		draw(
			ellipsoid( (0.16912,-0.56006,0.811), (-0.88895,0.26867,0.37091), (-0.42563,-0.78367,-0.45243), 0.99255, 1.6626, 2.9856, (gDx*3,gDy*6,gDz*0)),rgb(0,1,0.625));
		draw(
			ellipsoid( (-0.18635,0.70859,-0.68057), (0.82523,-0.26303,-0.49981), (0.53318,0.65477,0.53573), 1.063, 1.7099, 2.9902, (gDx*4,gDy*6,gDz*0)),rgb(0,1,0.53125));
		draw(
			ellipsoid( (-0.15282,0.83062,-0.53545), (-0.77103,0.23872,0.59037), (0.6182,0.50307,0.60395), 1.1121, 1.7868, 2.86, (gDx*5,gDy*6,gDz*0)),rgb(0,1,0.34375));
		draw(
			ellipsoid( (-0.095756,0.89844,-0.42852), (-0.71073,0.23969,0.66137), (0.69692,0.36789,0.6156), 1.0967, 1.8872, 2.7767, (gDx*6,gDy*6,gDz*0)),rgb(0,1,0.34375));
		draw(
			ellipsoid( (-0.10619,0.90317,-0.41595), (-0.65986,0.24892,0.70896), (0.74385,0.34975,0.56953), 1.1167, 1.9284, 2.6998, (gDx*7,gDy*6,gDz*0)),rgb(0,1,0.25));
		draw(
			ellipsoid( (0.2035,-0.87825,0.43274), (-0.57351,0.25129,0.77971), (-0.79352,-0.40685,-0.45255), 1.1573, 1.906, 2.5525, (gDx*8,gDy*6,gDz*0)),rgb(0,1,0.15625));
		draw(
			ellipsoid( (0.37158,-0.81967,0.43598), (-0.45943,0.24573,0.85355), (0.80676,0.51746,0.28527), 1.2343, 1.8965, 2.4888, (gDx*9,gDy*6,gDz*0)),rgb(0.03125,1,0));
		draw(
			ellipsoid( (-0.45008,0.77603,-0.44182), (-0.37427,0.28528,0.88235), (-0.81077,-0.56249,-0.16204), 1.357, 1.935, 2.4275, (gDx*10,gDy*6,gDz*0)),rgb(0.3125,1,0));
		draw(
			ellipsoid( (-0.50735,0.71946,-0.47431), (-0.38071,0.30665,0.87237), (-0.77308,-0.62318,-0.11833), 1.5506, 1.9868, 2.3079, (gDx*11,gDy*6,gDz*0)),rgb(0.6875,1,0));
		draw(
			ellipsoid( (-0.19509,-0.67476,0.71178), (-0.98079,0.13403,-0.14176), (0.00025329,-0.72576,-0.68795), 1.8515, 2.0514, 2.2443, (gDx*12,gDy*6,gDz*0)),rgb(1,0.75,0));
		draw(
			ellipsoid( (0.66998,0.61574,-0.41471), (0.50363,0.03343,0.86327), (-0.54542,0.78724,0.28771), 1.6609, 2.2688, 2.6871, (gDx*13,gDy*6,gDz*0)),rgb(0.5,1,0));
		draw(
			ellipsoid( (0.50974,0.7277,-0.45894), (0.4334,0.24361,0.86765), (-0.74319,0.64118,0.19121), 1.5026, 2.4696, 2.957, (gDx*14,gDy*6,gDz*0)),rgb(0.03125,1,0));
		draw(
			ellipsoid( (0.33636,0.83108,-0.44291), (0.39958,0.29993,0.86624), (-0.85276,0.46834,0.2312), 1.4572, 2.4584, 3.0167, (gDx*15,gDy*6,gDz*0)),rgb(0,1,0.0625));
		draw(
			ellipsoid( (-0.17928,-0.88598,0.42767), (0.40864,0.32837,0.85158), (0.89491,-0.32743,-0.30318), 1.396, 2.4186, 3.1886, (gDx*16,gDy*6,gDz*0)),rgb(0,1,0.15625));
		draw(
			ellipsoid( (-0.10933,-0.88816,0.44634), (-0.45644,-0.35404,-0.81628), (-0.88301,0.29297,0.36669), 1.4745, 2.365, 3.3266, (gDx*17,gDy*6,gDz*0)),rgb(0,1,0.15625));
		draw(
			ellipsoid( (-0.052192,-0.87576,0.47991), (0.48215,0.39874,0.78009), (-0.87453,0.2721,0.40144), 1.5547, 2.3818, 3.5067, (gDx*18,gDy*6,gDz*0)),rgb(0,1,0.15625));
		draw(
			ellipsoid( (-0.041216,-0.84144,0.53877), (0.55786,0.42797,0.71108), (-0.82891,0.32987,0.45177), 1.6308, 2.4639, 3.6111, (gDx*19,gDy*6,gDz*0)),rgb(0,1,0.15625));
		draw(
			ellipsoid( (-0.070051,-0.76856,0.63593), (0.61955,0.46612,0.63158), (-0.78183,0.43823,0.4435), 1.7592, 2.6002, 3.6133, (gDx*20,gDy*6,gDz*0)),rgb(0.03125,1,0));
		draw(
			ellipsoid( (-0.11929,-0.66716,0.7353), (0.68482,0.48094,0.54747), (-0.71888,0.56885,0.39952), 1.8487, 2.7113, 3.547, (gDx*21,gDy*6,gDz*0)),rgb(0.125,1,0));
		draw(
			ellipsoid( (-0.17432,-0.53969,0.82362), (0.73309,0.4873,0.47447), (-0.65741,0.6865,0.3107), 1.9075, 2.7942, 3.5063, (gDx*22,gDy*6,gDz*0)),rgb(0.21875,1,0));
		draw(
			ellipsoid( (-0.21949,-0.40573,0.88725), (0.78902,0.46107,0.40603), (-0.57383,0.78917,0.21893), 1.9273, 2.879, 3.5637, (gDx*23,gDy*6,gDz*0)),rgb(0.21875,1,0));
		draw(
			ellipsoid( (-0.26605,-0.28662,0.92036), (0.84641,0.38746,0.36533), (-0.46132,0.8762,0.13951), 1.896, 2.9606, 3.7284, (gDx*24,gDy*6,gDz*0)),rgb(0.03125,1,0));
		draw(
			ellipsoid( (0.112,-0.0083052,0.99367), (0.89683,-0.4298,-0.10468), (0.42795,0.90288,-0.040691), 0.91078, 1.5766, 2.8295, (gDx*0,gDy*7,gDz*0)),rgb(0,1,0.625));
		draw(
			ellipsoid( (0.12375,-0.14141,0.98219), (-0.87804,0.44554,0.17478), (-0.46232,-0.88403,-0.069023), 0.97622, 1.6321, 2.7955, (gDx*1,gDy*7,gDz*0)),rgb(0,1,0.53125));
		draw(
			ellipsoid( (0.13916,-0.30971,0.94059), (-0.85386,0.44355,0.27238), (-0.50156,-0.84104,-0.20273), 1.0301, 1.6921, 2.8491, (gDx*2,gDy*7,gDz*0)),rgb(0,1,0.4375));
		draw(
			ellipsoid( (0.16317,-0.49797,0.8517), (-0.81749,0.41506,0.39929), (-0.55234,-0.76141,-0.33936), 1.0636, 1.7238, 2.9745, (gDx*3,gDy*7,gDz*0)),rgb(0,1,0.53125));
		draw(
			ellipsoid( (-0.16173,0.65869,-0.73483), (0.77129,-0.38014,-0.5105), (-0.6156,-0.64933,-0.44656), 1.0875, 1.7827, 2.9688, (gDx*4,gDy*7,gDz*0)),rgb(0,1,0.4375));
		draw(
			ellipsoid( (-0.11148,0.79301,-0.59892), (0.69232,-0.37038,-0.61928), (-0.71293,-0.48368,-0.50773), 1.125, 1.85, 2.7937, (gDx*5,gDy*7,gDz*0)),rgb(0,1,0.34375));
		draw(
			ellipsoid( (-0.046595,0.89921,-0.43504), (-0.62567,0.31323,0.71444), (0.77869,0.30548,0.54802), 1.0845, 1.9296, 2.7623, (gDx*6,gDy*7,gDz*0)),rgb(0,1,0.34375));
		draw(
			ellipsoid( (-0.020955,0.9245,-0.38061), (-0.59152,0.29545,0.75021), (0.80602,0.24086,0.54067), 1.1007, 1.9634, 2.6806, (gDx*7,gDy*7,gDz*0)),rgb(0,1,0.34375));
		draw(
			ellipsoid( (-0.047128,0.93225,-0.35872), (0.48297,-0.29309,-0.82513), (-0.87437,-0.21214,-0.43643), 1.1209, 1.944, 2.5785, (gDx*8,gDy*7,gDz*0)),rgb(0,1,0.25));
		draw(
			ellipsoid( (-0.19115,0.91199,-0.36296), (-0.37503,0.27386,0.88563), (-0.90709,-0.30541,-0.28968), 1.189, 1.8906, 2.5233, (gDx*9,gDy*7,gDz*0)),rgb(0,1,0.0625));
		draw(
			ellipsoid( (-0.36534,0.86945,-0.33253), (-0.29115,0.23257,0.92798), (-0.88417,-0.43584,-0.16818), 1.2374, 1.85, 2.5202, (gDx*10,gDy*7,gDz*0)),rgb(0.03125,1,0));
		draw(
			ellipsoid( (-0.53932,0.81922,-0.19498), (-0.21244,0.091691,0.97286), (-0.81487,-0.5661,-0.12459), 1.2442, 1.9114, 2.5282, (gDx*11,gDy*7,gDz*0)),rgb(0.03125,1,0));
		draw(
			ellipsoid( (0.66254,-0.74085,0.11042), (0.23808,0.068515,-0.96883), (0.71019,0.66817,0.22177), 1.3218, 2.0722, 2.5785, (gDx*12,gDy*7,gDz*0)),rgb(0.125,1,0));
		draw(
			ellipsoid( (0.81269,-0.58207,0.027014), (0.30699,0.3883,-0.8689), (0.49527,0.71443,0.49426), 1.5273, 2.1605, 2.606, (gDx*13,gDy*7,gDz*0)),rgb(0.40625,1,0));
		draw(
			ellipsoid( (-0.93361,-0.048054,0.35506), (0.29625,-0.6609,0.68952), (0.20153,0.74893,0.63126), 1.6448, 2.2038, 2.696, (gDx*14,gDy*7,gDz*0)),rgb(0.5,1,0));
		draw(
			ellipsoid( (0.61366,0.49632,-0.61408), (-0.78889,0.35318,-0.50291), (-0.032726,0.79305,0.60827), 1.7234, 2.465, 2.7236, (gDx*15,gDy*7,gDz*0)),rgb(0.5,1,0));
		draw(
			ellipsoid( (-0.4391,-0.66901,0.59968), (-0.69166,-0.17428,-0.70088), (-0.57341,0.72253,0.3862), 1.7526, 2.5833, 2.9496, (gDx*16,gDy*7,gDz*0)),rgb(0.40625,1,0));
		draw(
			ellipsoid( (0.32249,0.77328,-0.54592), (-0.65974,-0.22995,-0.71545), (-0.67878,0.59089,0.43601), 1.7949, 2.5408, 3.0614, (gDx*17,gDy*7,gDz*0)),rgb(0.40625,1,0));
		draw(
			ellipsoid( (0.21099,0.85072,-0.48142), (-0.62677,-0.26019,-0.73448), (-0.7501,0.4567,0.47831), 1.7749, 2.5276, 3.2338, (gDx*18,gDy*7,gDz*0)),rgb(0.21875,1,0));
		draw(
			ellipsoid( (-0.18341,-0.85504,0.48504), (0.66091,0.258,0.70472), (-0.72771,0.44982,0.51778), 1.8014, 2.5912, 3.3137, (gDx*19,gDy*7,gDz*0)),rgb(0.21875,1,0));
		draw(
			ellipsoid( (0.19314,0.81057,-0.55287), (-0.73497,-0.25377,-0.62882), (-0.65001,0.5278,0.54674), 1.8591, 2.6897, 3.361, (gDx*20,gDy*7,gDz*0)),rgb(0.21875,1,0));
		draw(
			ellipsoid( (-0.23805,-0.7307,0.63985), (0.78908,0.23861,0.56606), (-0.5663,0.63964,0.51978), 1.9265, 2.771, 3.3949, (gDx*21,gDy*7,gDz*0)),rgb(0.3125,1,0));
		draw(
			ellipsoid( (-0.2796,-0.6299,0.7246), (0.80945,0.25122,0.53073), (-0.51634,0.73492,0.43964), 1.9814, 2.8254, 3.4016, (gDx*22,gDy*7,gDz*0)),rgb(0.3125,1,0));
		draw(
			ellipsoid( (-0.3124,-0.51725,0.79678), (0.83455,0.25124,0.49031), (-0.4538,0.81813,0.35318), 2.0038, 2.8826, 3.4544, (gDx*23,gDy*7,gDz*0)),rgb(0.3125,1,0));
		draw(
			ellipsoid( (-0.34031,-0.40777,0.8473), (0.86119,0.22665,0.45496), (-0.37755,0.88451,0.27403), 1.9921, 2.9413, 3.5767, (gDx*24,gDy*7,gDz*0)),rgb(0.21875,1,0));
		draw(
			ellipsoid( (0.13256,0.19878,0.97104), (-0.78831,0.61501,-0.01828), (-0.60083,-0.76306,0.23823), 0.95151, 1.3443, 3.108, (gDx*0,gDy*8,gDz*0)),rgb(0,1,0.71875));
		draw(
			ellipsoid( (0.14285,0.015568,0.98962), (0.74195,-0.66345,-0.096661), (0.65506,0.74806,-0.10632), 1.0239, 1.5154, 3.0281, (gDx*1,gDy*8,gDz*0)),rgb(0,1,0.625));
		draw(
			ellipsoid( (0.11603,-0.17148,0.97833), (-0.71964,0.66437,0.2018), (-0.68458,-0.72746,-0.046319), 1.0619, 1.7075, 3.0666, (gDx*2,gDy*8,gDz*0)),rgb(0,1,0.53125));
		draw(
			ellipsoid( (0.13987,-0.39536,0.90782), (-0.71032,0.59868,0.37017), (-0.68984,-0.69662,-0.19709), 1.1212, 1.7777, 3.007, (gDx*3,gDy*8,gDz*0)),rgb(0,1,0.4375));
		draw(
			ellipsoid( (0.14229,-0.58184,0.80076), (-0.67657,0.53333,0.50775), (-0.7225,-0.61402,-0.31777), 1.1389, 1.8781, 2.9449, (gDx*4,gDy*8,gDz*0)),rgb(0,1,0.34375));
		draw(
			ellipsoid( (-0.086107,0.73378,-0.6739), (0.58552,-0.51,-0.63013), (-0.80607,-0.44884,-0.38573), 1.1601, 1.9074, 2.7626, (gDx*5,gDy*8,gDz*0)),rgb(0,1,0.25));
		draw(
			ellipsoid( (0.0090286,-0.86864,0.49535), (-0.53777,0.41342,0.73477), (-0.84304,-0.27302,-0.4634), 1.1084, 1.9555, 2.717, (gDx*6,gDy*8,gDz*0)),rgb(0,1,0.34375));
		draw(
			ellipsoid( (-0.055799,-0.91755,0.39368), (-0.51786,0.36371,0.7743), (-0.85364,-0.16067,-0.49546), 1.1123, 1.9778, 2.6252, (gDx*7,gDy*8,gDz*0)),rgb(0,1,0.25));
		draw(
			ellipsoid( (0.082813,0.94417,-0.31888), (0.4477,-0.32112,-0.83453), (-0.89034,-0.073655,-0.4493), 1.1412, 1.9763, 2.525, (gDx*8,gDy*8,gDz*0)),rgb(0,1,0.15625));
		draw(
			ellipsoid( (-0.027117,-0.9665,0.25523), (-0.31682,0.25047,0.91482), (0.9481,0.056055,0.313), 1.2195, 1.9664, 2.4181, (gDx*9,gDy*8,gDz*0)),rgb(0.03125,1,0));
		draw(
			ellipsoid( (0.090577,-0.97958,0.17949), (-0.17295,0.16202,0.97151), (0.98076,0.11904,0.15474), 1.2804, 1.9607, 2.3825, (gDx*10,gDy*8,gDz*0)),rgb(0.125,1,0));
		draw(
			ellipsoid( (0.25295,-0.96225,0.10042), (-0.12083,0.071559,0.99009), (0.9599,0.26258,0.09817), 1.2897, 2.0235, 2.4399, (gDx*11,gDy*8,gDz*0)),rgb(0.125,1,0));
		draw(
			ellipsoid( (0.38087,-0.92425,0.026559), (0.071596,0.00084245,-0.99743), (0.92185,0.3818,0.066494), 1.2911, 2.1304, 2.619, (gDx*12,gDy*8,gDz*0)),rgb(0.03125,1,0));
		draw(
			ellipsoid( (0.46674,-0.88397,-0.027316), (0.067811,0.066567,-0.99548), (0.88179,0.46278,0.091013), 1.3364, 2.2277, 2.793, (gDx*13,gDy*8,gDz*0)),rgb(0,1,0.0625));
		draw(
			ellipsoid( (0.54735,-0.83099,-0.099327), (0.18917,0.23846,-0.95255), (0.81525,0.50259,0.28771), 1.5811, 2.2653, 2.8473, (gDx*14,gDy*8,gDz*0)),rgb(0.21875,1,0));
		draw(
			ellipsoid( (-0.70542,0.59073,0.39169), (-0.078236,-0.61413,0.78532), (0.70446,0.52333,0.47944), 1.9556, 2.2595, 2.8813, (gDx*15,gDy*8,gDz*0)),rgb(0.6875,1,0));
		draw(
			ellipsoid( (-0.5869,-0.22593,0.77749), (0.72055,-0.58371,0.37429), (0.36927,0.77989,0.50538), 2.0547, 2.5082, 2.8358, (gDx*16,gDy*8,gDz*0)),rgb(0.875,1,0));
		draw(
			ellipsoid( (-0.52034,-0.44521,0.72872), (0.85314,-0.23376,0.46637), (-0.037294,0.86437,0.50146), 2.0542, 2.5461, 2.8756, (gDx*17,gDy*8,gDz*0)),rgb(0.875,1,0));
		draw(
			ellipsoid( (-0.46243,-0.64334,0.61013), (0.87013,-0.19706,0.45171), (-0.17037,0.73978,0.65092), 2.0447, 2.6063, 2.9295, (gDx*18,gDy*8,gDz*0)),rgb(0.78125,1,0));
		draw(
			ellipsoid( (-0.40007,-0.76247,0.50851), (0.8725,-0.14704,0.46596), (0.28051,-0.6301,-0.72408), 1.9925, 2.6995, 3.0729, (gDx*19,gDy*8,gDz*0)),rgb(0.59375,1,0));
		draw(
			ellipsoid( (-0.37488,-0.7754,0.50816), (0.87349,-0.11178,0.47383), (0.31061,-0.6215,-0.71921), 1.9585, 2.7654, 3.2156, (gDx*20,gDy*8,gDz*0)),rgb(0.40625,1,0));
		draw(
			ellipsoid( (-0.38626,-0.74247,0.5473), (0.87875,-0.11587,0.463), (-0.28035,0.65978,0.69721), 1.9785, 2.829, 3.3003, (gDx*21,gDy*8,gDz*0)),rgb(0.40625,1,0));
		draw(
			ellipsoid( (-0.41654,-0.67936,0.60412), (0.87056,-0.1066,0.48037), (-0.26195,0.72602,0.63583), 2.0189, 2.8606, 3.337, (gDx*22,gDy*8,gDz*0)),rgb(0.40625,1,0));
		draw(
			ellipsoid( (-0.43552,-0.60571,0.66592), (0.86361,-0.072414,0.49894), (-0.25399,0.79239,0.55463), 2.0407, 2.8889, 3.3879, (gDx*23,gDy*8,gDz*0)),rgb(0.40625,1,0));
		draw(
			ellipsoid( (-0.44672,-0.52885,0.72164), (0.86103,-0.035029,0.50735), (-0.24303,0.84799,0.471), 2.0414, 2.9134, 3.4674, (gDx*24,gDy*8,gDz*0)),rgb(0.40625,1,0));
		draw(
			ellipsoid( (0.36407,0.22372,0.9041), (0.68628,-0.7207,-0.098019), (-0.62966,-0.65616,0.41592), 0.95902, 1.3214, 3.0987, (gDx*0,gDy*9,gDz*0)),rgb(0,1,0.71875));
		draw(
			ellipsoid( (0.23829,0.10369,0.96564), (0.65252,-0.75352,-0.080108), (0.71933,0.64919,-0.24722), 1.0623, 1.5127, 3.0028, (gDx*1,gDy*9,gDz*0)),rgb(0,1,0.53125));
		draw(
			ellipsoid( (0.11786,-0.0573,0.99138), (0.60037,-0.79111,-0.1171), (0.79099,0.60899,-0.058841), 1.0657, 1.7246, 3.2268, (gDx*2,gDy*9,gDz*0)),rgb(0,1,0.625));
		draw(
			ellipsoid( (0.13524,-0.27539,0.95177), (-0.54716,0.78008,0.30345), (-0.82603,-0.56181,-0.045186), 1.1341, 1.8218, 3.0964, (gDx*3,gDy*9,gDz*0)),rgb(0,1,0.4375));
		draw(
			ellipsoid( (0.13115,-0.48702,0.86349), (-0.53615,0.6978,0.47499), (-0.83387,-0.52526,-0.1696), 1.1675, 1.9449, 2.9852, (gDx*4,gDy*9,gDz*0)),rgb(0,1,0.34375));
		draw(
			ellipsoid( (-0.068082,0.65073,-0.75625), (0.459,-0.65259,-0.60286), (-0.88582,-0.38817,-0.25426), 1.1858, 1.946, 2.793, (gDx*5,gDy*9,gDz*0)),rgb(0,1,0.25));
		draw(
