	import three;
	import settings;

	surface ellipsoid(triple v1,triple v2,triple v3,real l1,real l2, real l3, triple pos=O) {
		transform3 T = identity(4);
		T[0][0] = l1*v1.x;
		T[1][0] = l1*v1.y;
		T[2][0] = l1*v1.z;
		T[0][1] = l2*v2.x;
		T[1][1] = l2*v2.y;
		T[2][1] = l2*v2.z;
		T[0][2] = l3*v3.x;
		T[1][2] = l3*v3.y;
		T[2][2] = l3*v3.z;
		T[0][3] = pos.x;
		T[1][3] = pos.y;
		T[2][3] = pos.z;
		return T*unitsphere;
	}

	size(200);

	real gDx=4;
	real gDy=4;
	real gDz=4;

	currentprojection=perspective( camera=(gDx*12,gDy*12,25),up=Y, target=(gDx*12,gDy*12,gDz*-0.5));
		draw(
			ellipsoid( (0.965,0.26116,-0.023684), (0.26171,-0.96485,0.023913), (0.016607,0.029275,0.99943), 1.2066, 0.92679, 3.4498, (gDx*0,gDy*0,gDz*0)),rgb(0,1,0.90625));
		draw(
			ellipsoid( (0.28087,-0.088039,-0.9557), (-0.95971,-0.01683,-0.28049), (-0.0086101,-0.99597,0.089219), 3.3212, 1.6287, 1.0349, (gDx*1,gDy*0,gDz*0)),rgb(0,1,0.71875));
		draw(
			ellipsoid( (0.7522,-0.20446,-0.62641), (-0.65533,-0.13278,-0.74358), (-0.068861,-0.96983,0.23387), 3.48, 1.4639, 0.97133, (gDx*2,gDy*0,gDz*0)),rgb(0,1,0.8125));
		draw(
			ellipsoid( (-0.89063,0.23031,0.3921), (0.31928,-0.29725,0.89983), (-0.32379,-0.92661,-0.19121), 3.4704, 1.1603, 1.0367, (gDx*3,gDy*0,gDz*0)),rgb(0,1,0.90625));
		draw(
			ellipsoid( (0.94045,-0.18553,-0.28485), (-0.33459,-0.65329,-0.67917), (0.060081,-0.73403,0.67646), 3.3117, 1.127, 1.2988, (gDx*4,gDy*0,gDz*0)),rgb(0,1,0.71875));
		draw(
			ellipsoid( (0.98979,-0.079347,-0.1184), (-0.14229,-0.59801,-0.78876), (0.0082202,-0.79755,0.60319), 3.3646, 1.0768, 1.4609, (gDx*5,gDy*0,gDz*0)),rgb(0,1,0.71875));
		draw(
			ellipsoid( (0.99962,0.012281,-0.024856), (0.025253,-0.77335,0.63347), (0.011443,0.63386,0.77337), 3.5837, 1.5387, 0.94777, (gDx*6,gDy*0,gDz*0)),rgb(0,1,0.90625));
		draw(
			ellipsoid( (0.99601,0.08246,0.034218), (0.080411,-0.66207,-0.74512), (0.038788,-0.74489,0.66606), 3.5875, 0.84624, 1.4147, (gDx*7,gDy*0,gDz*0)),rgb(0,1,1));
		draw(
			ellipsoid( (0.99045,0.10785,0.085916), (0.13768,-0.80789,-0.57302), (-0.0076097,-0.57938,0.81502), 3.0623, 0.71863, 1.4309, (gDx*8,gDy*0,gDz*0)),rgb(0,1,1));
		draw(
			ellipsoid( (0.98833,0.1304,0.078711), (0.15199,-0.81052,-0.56565), (0.0099638,-0.57101,0.82088), 2.8933, 0.71195, 1.3989, (gDx*9,gDy*0,gDz*0)),rgb(0,1,0.90625));
		draw(
			ellipsoid( (-0.89631,-0.44277,-0.024101), (-0.38626,0.75291,0.53285), (0.21778,-0.48691,0.84586), 2.8303, 0.99127, 1.662, (gDx*10,gDy*0,gDz*0)),rgb(0,1,0.53125));
		draw(
			ellipsoid( (0.80405,-0.56755,-0.17716), (-0.5665,-0.82176,0.061526), (0.1805,-0.050889,0.98226), 1.2728, 2.7477, 2.0403, (gDx*11,gDy*0,gDz*0)),rgb(0,1,0.0625));
		draw(
			ellipsoid( (0.23117,0.97177,0.047231), (0.96865,-0.23443,0.082275), (-0.091024,-0.02673,0.99549), 4.0929, 0.70815, 1.892, (gDx*12,gDy*0,gDz*0)),rgb(0,0.71875,1));
		draw(
			ellipsoid( (0.35465,0.93499,0.0039861), (0.93324,-0.35372,-0.06288), (0.057382,-0.026021,0.99801), 4.8341, 1.1182, 1.5724, (gDx*13,gDy*0,gDz*0)),rgb(0,0.90625,1));
		draw(
			ellipsoid( (0.72046,0.68685,-0.095789), (0.69337,-0.71075,0.11865), (-0.013416,0.1519,0.9883), 4.172, 1.0058, 1.9378, (gDx*14,gDy*0,gDz*0)),rgb(0,1,1));
		draw(
			ellipsoid( (0.83532,0.52532,-0.1621), (0.54885,-0.81383,0.19093), (0.031622,0.24845,0.96813), 4.296, 0.96353, 1.9651, (gDx*15,gDy*0,gDz*0)),rgb(0,1,1));
		draw(
			ellipsoid( (0.91913,0.35999,-0.16004), (0.39392,-0.84524,0.3611), (0.005284,0.39494,0.91869), 4.3491, 1.027, 1.928, (gDx*16,gDy*0,gDz*0)),rgb(0,1,1));
		draw(
			ellipsoid( (0.9845,0.12482,-0.12323), (0.17522,-0.73186,0.65854), (0.0079872,0.66992,0.74239), 4.3701, 0.92879, 1.7462, (gDx*17,gDy*0,gDz*0)),rgb(0,0.90625,1));
		draw(
			ellipsoid( (0.99585,0.044545,-0.07939), (0.089389,-0.64347,0.76024), (0.01722,0.76418,0.64478), 4.478, 0.96707, 1.9078, (gDx*18,gDy*0,gDz*0)),rgb(0,0.90625,1));
		draw(
			ellipsoid( (0.99566,-0.091771,0.015575), (-0.059644,-0.50052,0.86367), (0.071465,0.86085,0.50382), 4.1386, 1.1623, 2.134, (gDx*19,gDy*0,gDz*0)),rgb(0,1,0.8125));
		draw(
			ellipsoid( (0.9568,-0.21082,0.20022), (-0.27028,-0.3912,0.87972), (0.10714,0.89583,0.43129), 3.712, 1.098, 2.2214, (gDx*20,gDy*0,gDz*0)),rgb(0,1,0.71875));
		draw(
			ellipsoid( (0.93441,-0.23465,0.26798), (-0.33332,-0.31076,0.89013), (0.12559,0.92107,0.36859), 3.8656, 1.1822, 2.2376, (gDx*21,gDy*0,gDz*0)),rgb(0,1,0.71875));
		draw(
			ellipsoid( (0.92712,-0.2049,0.3138), (-0.35392,-0.20327,0.91292), (0.12327,0.95744,0.26097), 4.0849, 1.1768, 2.1709, (gDx*22,gDy*0,gDz*0)),rgb(0,1,0.71875));
		draw(
			ellipsoid( (0.82039,-0.24121,0.51844), (-0.56667,-0.22179,0.79353), (0.076425,0.94479,0.31864), 3.6293, 1.5298, 2.4737, (gDx*23,gDy*0,gDz*0)),rgb(0,1,0.25));
		draw(
			ellipsoid( (-0.85845,-0.22336,0.46171), (-0.51194,0.31827,-0.79788), (-0.031264,0.92131,0.38756), 1.8507, 3.3684, 2.598, (gDx*24,gDy*0,gDz*0)),rgb(0.21875,1,0));
		draw(
			ellipsoid( (0.30192,-0.32188,-0.89735), (-0.94199,0.044023,-0.33273), (-0.1466,-0.94576,0.28992), 3.6128, 1.3026, 0.96549, (gDx*0,gDy*1,gDz*0)),rgb(0,1,0.90625));
		draw(
			ellipsoid( (0.13787,-0.35655,-0.92405), (-0.99029,-0.066288,-0.12218), (0.017691,-0.93192,0.36223), 3.4878, 1.0899, 1.1993, (gDx*1,gDy*1,gDz*0)),rgb(0,1,0.8125));
		draw(
			ellipsoid( (-0.34322,0.37087,0.86293), (0.80693,0.58662,0.068829), (0.48068,-0.71995,0.50061), 3.1396, 1.475, 1.1561, (gDx*2,gDy*1,gDz*0)),rgb(0,1,0.53125));
		draw(
			ellipsoid( (0.7393,-0.33822,-0.58228), (-0.67283,-0.40584,-0.61853), (0.027112,-0.84906,0.52761), 3.2744, 1.2664, 1.2335, (gDx*3,gDy*1,gDz*0)),rgb(0,1,0.625));
		draw(
			ellipsoid( (0.81063,-0.37301,-0.45138), (-0.58551,-0.50612,-0.63327), (-0.0077646,-0.77763,0.62868), 3.1661, 1.1664, 1.3695, (gDx*4,gDy*1,gDz*0)),rgb(0,1,0.53125));
		draw(
			ellipsoid( (0.85066,-0.40635,-0.33356), (-0.51504,-0.51692,-0.68376), (-0.10543,-0.75344,0.64901), 2.9637, 1.1307, 1.4459, (gDx*5,gDy*1,gDz*0)),rgb(0,1,0.4375));
		draw(
			ellipsoid( (0.97516,-0.13891,-0.17251), (-0.21447,-0.7867,-0.57888), (0.055303,-0.6015,0.79696), 3.0351, 0.94775, 1.5954, (gDx*6,gDy*1,gDz*0)),rgb(0,1,0.625));
		draw(
			ellipsoid( (0.99675,-0.073035,-0.033849), (-0.080489,-0.89826,-0.43204), (-0.0011488,-0.43336,0.90122), 3.0511, 0.71731, 1.453, (gDx*7,gDy*1,gDz*0)),rgb(0,1,1));
		draw(
			ellipsoid( (0.99943,-0.023014,0.024687), (-0.032673,-0.47633,0.87866), (0.0084625,0.87897,0.47681), 2.8357, 1.4236, 0.77456, (gDx*8,gDy*1,gDz*0)),rgb(0,1,0.8125));
		draw(
			ellipsoid( (0.99884,0.026069,0.04057), (0.044049,-0.8356,-0.54756), (-0.019626,-0.54871,0.83578), 2.7911, 0.80993, 1.3918, (gDx*9,gDy*1,gDz*0)),rgb(0,1,0.71875));
		draw(
			ellipsoid( (0.96923,0.24404,0.032277), (0.20749,-0.73931,-0.6406), (0.13247,-0.62758,0.7672), 2.7025, 0.97014, 1.4271, (gDx*10,gDy*1,gDz*0)),rgb(0,1,0.53125));
		draw(
			ellipsoid( (0.89073,0.44936,0.068325), (0.4537,-0.88806,-0.074219), (-0.027326,-0.097109,0.9949), 2.8197, 1.0096, 1.3126, (gDx*11,gDy*1,gDz*0)),rgb(0,1,0.53125));
		draw(
			ellipsoid( (0.83337,0.55232,0.021069), (0.54924,-0.83179,0.080316), (-0.061885,0.055361,0.99655), 3.4088, 1.0144, 1.5385, (gDx*12,gDy*1,gDz*0)),rgb(0,1,0.71875));
		draw(
			ellipsoid( (0.75924,0.6464,-0.075611), (0.65081,-0.7537,0.091596), (-0.0022198,0.11875,0.99292), 4.0873, 1.0298, 1.9443, (gDx*13,gDy*1,gDz*0)),rgb(0,1,0.90625));
		draw(
			ellipsoid( (0.75926,0.64638,-0.075653), (0.65079,-0.75371,0.091603), (-0.0021894,0.11878,0.99292), 4.0874, 1.0298, 1.9444, (gDx*14,gDy*1,gDz*0)),rgb(0,1,0.90625));
		draw(
			ellipsoid( (0.85103,0.50647,-0.13873), (0.5248,-0.8296,0.19066), (0.018532,0.23506,0.9718), 4.1245, 1.0464, 1.9883, (gDx*15,gDy*1,gDz*0)),rgb(0,1,0.90625));
		draw(
			ellipsoid( (0.92059,0.35064,-0.17194), (0.38965,-0.85415,0.34439), (0.026107,0.38404,0.92295), 4.2875, 1.0679, 1.9344, (gDx*16,gDy*1,gDz*0)),rgb(0,1,0.90625));
		draw(
			ellipsoid( (0.97555,0.13,-0.1772), (0.21174,-0.77196,0.59937), (0.058872,0.62224,0.78061), 4.2188, 1.0488, 1.9147, (gDx*17,gDy*1,gDz*0)),rgb(0,1,0.90625));
		draw(
			ellipsoid( (0.98973,0.01201,-0.14247), (0.11329,-0.67378,0.73019), (0.087227,0.73883,0.66822), 4.3835, 1.0835, 2.0625, (gDx*18,gDy*1,gDz*0)),rgb(0,1,0.90625));
		draw(
			ellipsoid( (0.99098,-0.12532,-0.047383), (-0.13033,-0.81972,-0.55774), (-0.031057,-0.55889,0.82866), 4.1351, 2.2923, 1.2412, (gDx*19,gDy*1,gDz*0)),rgb(0,1,0.71875));
		draw(
			ellipsoid( (0.97051,-0.23915,0.030217), (-0.1361,-0.44017,0.88754), (0.19895,0.86548,0.45974), 4.1029, 1.2087, 2.4456, (gDx*20,gDy*1,gDz*0)),rgb(0,1,0.71875));
		draw(
			ellipsoid( (0.95189,-0.26257,0.15801), (-0.25455,-0.3904,0.88476), (0.17062,0.88241,0.43845), 4.0256, 1.2811, 2.3893, (gDx*21,gDy*1,gDz*0)),rgb(0,1,0.625));
		draw(
			ellipsoid( (0.91346,-0.25728,0.31527), (-0.39629,-0.38645,0.83283), (0.092433,0.8857,0.45497), 3.9878, 1.4586, 2.2515, (gDx*22,gDy*1,gDz*0)),rgb(0,1,0.4375));
		draw(
			ellipsoid( (0.85043,-0.30195,0.4308), (-0.51507,-0.31122,0.79865), (0.10708,0.90109,0.4202), 3.7809, 1.6671, 2.3627, (gDx*23,gDy*1,gDz*0)),rgb(0,1,0.15625));
		draw(
			ellipsoid( (-0.72332,0.43313,-0.53778), (0.63907,0.12495,-0.75893), (0.26152,0.89263,0.36718), 3.7484, 1.8314, 2.5634, (gDx*24,gDy*1,gDz*0)),rgb(0.03125,1,0));
		draw(
			ellipsoid( (0.54036,-0.37933,-0.75108), (-0.83315,-0.11628,-0.54068), (-0.11776,-0.91793,0.37887), 3.3314, 1.091, 1.1925, (gDx*0,gDy*2,gDz*0)),rgb(0,1,0.71875));
		draw(
			ellipsoid( (-0.19175,0.44767,0.8734), (0.92036,-0.22702,0.31842), (-0.34083,-0.8649,0.36849), 3.3487, 0.78466, 1.3249, (gDx*1,gDy*2,gDz*0)),rgb(0,1,1));
		draw(
			ellipsoid( (-0.73446,0.55915,-0.3846), (0.67447,0.66426,-0.32227), (-0.075279,0.49609,0.865), 1.0281, 1.4156, 3.2091, (gDx*2,gDy*2,gDz*0)),rgb(0,1,0.71875));
		draw(
			ellipsoid( (-0.35171,0.79846,-0.48862), (0.93475,0.3277,-0.13734), (-0.050463,0.50504,0.86162), 1.0994, 1.7083, 3.2785, (gDx*3,gDy*2,gDz*0)),rgb(0,1,0.625));
		draw(
			ellipsoid( (0.47996,-0.50039,-0.72058), (-0.86264,-0.41868,-0.28384), (0.15966,-0.75784,0.63261), 3.0706, 1.742, 1.3199, (gDx*4,gDy*2,gDz*0)),rgb(0,1,0.25));
		draw(
			ellipsoid( (-0.61343,0.61051,0.50099), (0.59659,-0.057435,0.80049), (-0.51748,-0.78993,0.32899), 2.6953, 1.3459, 1.5588, (gDx*5,gDy*2,gDz*0)),rgb(0.03125,1,0));
		draw(
			ellipsoid( (-0.75105,0.59701,0.28196), (0.45991,0.77946,-0.42535), (0.47372,0.18978,0.85998), 2.5817, 1.5495, 1.2798, (gDx*6,gDy*2,gDz*0)),rgb(0.03125,1,0));
		draw(
			ellipsoid( (-0.82735,0.55423,0.091172), (0.49115,0.79262,-0.36128), (0.2725,0.25413,0.92799), 2.6187, 1.5517, 1.1603, (gDx*7,gDy*2,gDz*0)),rgb(0,1,0.15625));
		draw(
			ellipsoid( (0.89182,-0.45208,-0.016594), (-0.42814,-0.85531,0.2918), (0.14611,0.25313,0.95633), 2.6323, 1.4876, 1.0181, (gDx*8,gDy*2,gDz*0)),rgb(0,1,0.34375));
		draw(
			ellipsoid( (0.99017,-0.13985,-0.0028301), (-0.11473,-0.80045,-0.58832), (-0.08001,-0.58286,0.80862), 2.7271, 0.9389, 1.3891, (gDx*9,gDy*2,gDz*0)),rgb(0,1,0.53125));
		draw(
			ellipsoid( (0.99949,0.011177,-0.029858), (0.031589,-0.47364,0.88015), (0.0043046,0.88065,0.47375), 2.6952, 1.4258, 0.95686, (gDx*10,gDy*2,gDz*0)),rgb(0,1,0.53125));
		draw(
			ellipsoid( (0.99252,0.12189,-0.0074525), (0.11272,-0.93789,-0.3281), (0.046981,-0.3248,0.94461), 3.0706, 1.1321, 1.4304, (gDx*11,gDy*2,gDz*0)),rgb(0,1,0.53125));
		draw(
			ellipsoid( (0.97548,0.21645,0.039966), (0.21853,-0.97408,-0.058392), (-0.026291,-0.065694,0.99749), 3.5072, 1.1457, 1.6171, (gDx*12,gDy*2,gDz*0)),rgb(0,1,0.625));
		draw(
			ellipsoid( (0.9137,0.40428,-0.041251), (0.4001,-0.91271,-0.082991), (0.071202,-0.059325,0.9957), 4.1867, 1.181, 1.9216, (gDx*13,gDy*2,gDz*0)),rgb(0,1,0.8125));
		draw(
			ellipsoid( (0.88071,0.46214,-0.10382), (0.45873,-0.88681,-0.056063), (0.11797,-0.0017521,0.99302), 4.2336, 1.1057, 1.9824, (gDx*14,gDy*2,gDz*0)),rgb(0,1,0.90625));
		draw(
			ellipsoid( (0.89698,0.40643,-0.17392), (0.42194,-0.90446,0.062521), (0.13189,0.12946,0.98277), 4.2895, 1.1392, 2.03, (gDx*15,gDy*2,gDz*0)),rgb(0,1,0.90625));
		draw(
			ellipsoid( (-0.92822,-0.27659,0.24881), (-0.32281,0.93123,-0.16912), (0.18492,0.2373,0.95367), 4.2989, 1.1555, 2.0482, (gDx*16,gDy*2,gDz*0)),rgb(0,1,0.8125));
		draw(
			ellipsoid( (-0.94921,-0.10761,0.29567), (-0.21912,0.90046,-0.37571), (0.22581,0.42141,0.87831), 4.2833, 1.1246, 2.1522, (gDx*17,gDy*2,gDz*0)),rgb(0,1,0.90625));
		draw(
			ellipsoid( (0.97072,-0.0076633,-0.24008), (0.1521,-0.75397,0.63906), (0.18591,0.65687,0.73073), 4.2013, 1.1286, 2.1792, (gDx*18,gDy*2,gDz*0)),rgb(0,1,0.8125));
		draw(
			ellipsoid( (0.9675,-0.20374,-0.14979), (-0.25239,-0.81477,-0.52196), (0.015701,-0.5428,0.83971), 4.0341, 2.464, 1.264, (gDx*19,gDy*2,gDz*0)),rgb(0,1,0.625));
		draw(
			ellipsoid( (0.95065,-0.29784,-0.086947), (-0.30401,-0.83815,-0.45286), (-0.062005,-0.45694,0.88733), 4.058, 2.5059, 1.2157, (gDx*20,gDy*2,gDz*0)),rgb(0,1,0.71875));
		draw(
			ellipsoid( (-0.94541,0.32362,-0.038423), (0.18757,0.44393,-0.87621), (0.2665,0.83558,0.4804), 3.8946, 1.3874, 2.4354, (gDx*21,gDy*2,gDz*0)),rgb(0,1,0.53125));
		draw(
			ellipsoid( (-0.91358,0.34591,-0.21383), (0.35476,0.42086,-0.83488), (0.1988,0.83858,0.5072), 3.8576, 1.5984, 2.4005, (gDx*22,gDy*2,gDz*0)),rgb(0,1,0.25));
		draw(
			ellipsoid( (-0.8617,0.36725,-0.35014), (0.47253,0.32934,-0.81746), (0.1849,0.86986,0.45733), 3.8242, 1.7536, 2.4616, (gDx*23,gDy*2,gDz*0)),rgb(0,1,0.0625));
		draw(
			ellipsoid( (-0.72585,0.46953,-0.50267), (0.61756,0.12302,-0.77684), (0.30291,0.8743,0.37926), 3.7405, 1.8149, 2.5619, (gDx*24,gDy*2,gDz*0)),rgb(0.03125,1,0));
		draw(
			ellipsoid( (-0.67961,0.46094,0.57068), (0.53567,-0.21968,0.81535), (-0.50119,-0.85981,0.097616), 3.1647, 1.0296, 1.3423, (gDx*0,gDy*3,gDz*0)),rgb(0,1,0.71875));
		draw(
			ellipsoid( (-0.36329,0.50975,0.77986), (0.79011,0.61212,-0.03204), (0.4937,-0.60454,0.62514), 3.0405, 1.3062, 1.0201, (gDx*1,gDy*3,gDz*0)),rgb(0,1,0.625));
		draw(
			ellipsoid( (-0.43515,0.73865,-0.51483), (0.90032,0.35188,-0.25612), (0.0080192,0.57496,0.81814), 1.0354, 1.5462, 3.1862, (gDx*2,gDy*3,gDz*0)),rgb(0,1,0.625));
		draw(
			ellipsoid( (-0.1753,-0.5891,-0.78881), (-0.92954,-0.16494,0.32976), (0.32437,-0.79104,0.51868), 3.238, 1.5911, 1.0487, (gDx*3,gDy*3,gDz*0)),rgb(0,1,0.625));
		draw(
			ellipsoid( (-0.18087,-0.61627,-0.76649), (-0.92746,-0.15247,0.34144), (0.32728,-0.77264,0.54398), 3.0882, 1.6796, 1.0974, (gDx*4,gDy*3,gDz*0)),rgb(0,1,0.53125));
		draw(
			ellipsoid( (-0.38199,0.6402,-0.6665), (0.91351,0.15239,-0.37719), (0.13991,0.75294,0.64304), 1.2172, 1.7484, 2.7819, (gDx*5,gDy*3,gDz*0)),rgb(0,1,0.15625));
		draw(
			ellipsoid( (-0.55844,0.33378,-0.75943), (0.82209,0.34516,-0.45281), (-0.11098,0.87719,0.46715), 1.1441, 1.7321, 2.6669, (gDx*6,gDy*3,gDz*0)),rgb(0,1,0.25));
		draw(
			ellipsoid( (-0.38803,0.89022,0.23861), (0.70638,0.45355,-0.54344), (0.592,0.042321,0.80482), 2.5084, 1.6878, 1.2033, (gDx*7,gDy*3,gDz*0)),rgb(0,1,0.0625));
		draw(
			ellipsoid( (-0.50893,0.85131,0.12751), (0.63981,0.4732,-0.60558), (0.57587,0.22662,0.7855), 2.6042, 1.7606, 1.2371, (gDx*8,gDy*3,gDz*0)),rgb(0,1,0.0625));
		draw(
			ellipsoid( (-0.86573,0.49649,0.063315), (0.39812,0.60643,0.68829), (-0.30333,-0.62108,0.72266), 2.6076, 1.218, 1.7898, (gDx*9,gDy*3,gDz*0)),rgb(0,1,0.0625));
		draw(
			ellipsoid( (0.94986,-0.30678,-0.060444), (-0.30093,-0.84444,-0.44313), (-0.084903,-0.4391,0.89442), 2.7747, 1.1503, 1.7162, (gDx*10,gDy*3,gDz*0)),rgb(0,1,0.25));
		draw(
			ellipsoid( (0.98337,-0.17748,-0.038655), (-0.18103,-0.94019,-0.28858), (-0.014874,-0.29078,0.95667), 3.0046, 1.2134, 1.6781, (gDx*11,gDy*3,gDz*0)),rgb(0,1,0.34375));
		draw(
			ellipsoid( (0.99918,-0.038698,0.012301), (-0.037441,-0.99525,-0.089829), (-0.015719,-0.089294,0.99588), 3.4789, 1.1583, 1.6771, (gDx*12,gDy*3,gDz*0)),rgb(0,1,0.625));
		draw(
			ellipsoid( (0.99356,0.11244,-0.013845), (0.11176,-0.99283,-0.042409), (0.018514,-0.040588,0.999), 3.9682, 1.2206, 1.7098, (gDx*13,gDy*3,gDz*0)),rgb(0,1,0.71875));
		draw(
			ellipsoid( (0.96081,0.26094,-0.093592), (0.2529,-0.96333,-0.089591), (0.11354,-0.06241,0.99157), 4.0995, 1.252, 1.891, (gDx*14,gDy*3,gDz*0)),rgb(0,1,0.71875));
		draw(
			ellipsoid( (0.93749,0.28912,-0.19372), (0.30342,-0.95164,0.048066), (0.17046,0.10384,0.97988), 4.2383, 1.2001, 2.0108, (gDx*15,gDy*3,gDz*0)),rgb(0,1,0.8125));
		draw(
			ellipsoid( (-0.93407,-0.24989,0.25511), (-0.28638,0.95094,-0.11709), (0.21333,0.18242,0.9598), 4.2612, 1.159, 2.0662, (gDx*16,gDy*3,gDz*0)),rgb(0,1,0.8125));
		draw(
			ellipsoid( (-0.94613,-0.10286,0.30702), (-0.21276,0.91226,-0.35002), (0.24408,0.39648,0.885), 4.2483, 1.1311, 2.148, (gDx*17,gDy*3,gDz*0)),rgb(0,1,0.8125));
		draw(
			ellipsoid( (0.95626,-0.019282,-0.29189), (0.24146,0.6153,0.7504), (-0.16513,0.78806,-0.59304), 4.1449, 2.1938, 1.1909, (gDx*18,gDy*3,gDz*0)),rgb(0,1,0.8125));
		draw(
			ellipsoid( (0.93537,-0.27074,-0.22755), (-0.35171,-0.77962,-0.51817), (0.03711,-0.56471,0.82445), 3.9731, 2.4965, 1.2385, (gDx*19,gDy*3,gDz*0)),rgb(0,1,0.71875));
		draw(
			ellipsoid( (0.92132,-0.33945,-0.1896), (-0.38799,-0.77103,-0.50495), (-0.025223,-0.53878,0.84207), 3.9624, 2.5416, 1.2266, (gDx*20,gDy*3,gDz*0)),rgb(0,1,0.71875));
		draw(
			ellipsoid( (0.9168,-0.38611,-0.10197), (-0.38664,-0.7943,-0.46862), (-0.099941,-0.46905,0.8775), 3.7878, 2.5426, 1.4543, (gDx*21,gDy*3,gDz*0)),rgb(0,1,0.4375));
		draw(
			ellipsoid( (0.89482,-0.44622,0.013715), (-0.39901,-0.81318,-0.42371), (-0.20022,-0.37367,0.90569), 3.7301, 2.62, 1.7695, (gDx*22,gDy*3,gDz*0)),rgb(0,1,0.0625));
		draw(
			ellipsoid( (-0.83672,0.51641,-0.18228), (0.43816,0.83095,0.34285), (-0.32852,-0.207,0.92153), 3.7834, 2.6456, 1.9838, (gDx*23,gDy*3,gDz*0)),rgb(0.125,1,0));
		draw(
			ellipsoid( (-0.72862,0.62556,-0.27892), (0.58835,0.78013,0.21272), (-0.35066,0.0091095,0.93646), 3.826, 2.6668, 1.9977, (gDx*24,gDy*3,gDz*0)),rgb(0.125,1,0));
		draw(
			ellipsoid( (0.67626,-0.66351,-0.32005), (-0.71653,-0.69333,-0.076651), (0.17104,-0.28116,0.94429), 3.3458, 1.4789, 0.92392, (gDx*0,gDy*4,gDz*0)),rgb(0,1,0.8125));
		draw(
			ellipsoid( (0.53726,-0.72136,-0.43703), (-0.81205,-0.58241,-0.036972), (0.22786,-0.37475,0.89869), 3.044, 1.3704, 0.91244, (gDx*1,gDy*4,gDz*0)),rgb(0,1,0.71875));
		draw(
			ellipsoid( (-0.30467,0.59266,-0.74561), (0.94505,0.28555,-0.15918), (-0.11857,0.75313,0.64709), 0.85301, 1.5659, 2.8062, (gDx*2,gDy*4,gDz*0)),rgb(0,1,0.71875));
		draw(
			ellipsoid( (0.27251,0.64237,0.71631), (0.94068,-0.021489,-0.3386), (0.20212,-0.76609,0.61012), 3.1386, 1.4815, 1.0622, (gDx*3,gDy*4,gDz*0)),rgb(0,1,0.625));
		draw(
			ellipsoid( (-0.32719,-0.61323,-0.71896), (-0.90253,-0.022627,0.43004), (0.27998,-0.78958,0.54605), 3.1081, 1.603, 1.0836, (gDx*4,gDy*4,gDz*0)),rgb(0,1,0.53125));
		draw(
			ellipsoid( (-0.40407,-0.61492,-0.6772), (-0.82907,-0.066596,0.55516), (0.38648,-0.78577,0.4829), 3.0514, 1.7083, 1.1343, (gDx*5,gDy*4,gDz*0)),rgb(0,1,0.4375));
		draw(
			ellipsoid( (-0.36753,-0.72313,-0.58481), (-0.75966,-0.12934,0.63733), (0.53651,-0.6785,0.5018), 2.9732, 1.734, 1.0996, (gDx*6,gDy*4,gDz*0)),rgb(0,1,0.4375));
		draw(
			ellipsoid( (-0.62899,0.32489,-0.70627), (0.76884,0.12544,-0.62701), (0.11512,0.93739,0.32869), 1.2091, 1.6914, 2.7311, (gDx*7,gDy*4,gDz*0)),rgb(0,1,0.15625));
		draw(
			ellipsoid( (-0.73029,0.085154,-0.67781), (0.68264,0.12883,-0.7193), (-0.026072,0.988,0.15221), 1.1475, 1.7475, 2.588, (gDx*8,gDy*4,gDz*0)),rgb(0,1,0.15625));
		draw(
			ellipsoid( (-0.71835,0.046291,-0.69414), (0.69567,0.051455,-0.71651), (-0.0025488,0.9976,0.069166), 1.1433, 1.8224, 2.5198, (gDx*9,gDy*4,gDz*0)),rgb(0,1,0.15625));
		draw(
			ellipsoid( (0.86296,-0.48733,-0.13341), (-0.49557,-0.76491,-0.41149), (-0.098489,-0.42121,0.9016), 2.5778, 1.3262, 1.8009, (gDx*10,gDy*4,gDz*0)),rgb(0.125,1,0));
		draw(
			ellipsoid( (-0.92004,0.37613,0.10977), (0.39182,0.88343,0.25695), (0.00032624,-0.27942,0.96017), 3.0331, 1.2387, 1.8198, (gDx*11,gDy*4,gDz*0)),rgb(0,1,0.25));
		draw(
			ellipsoid( (0.95908,-0.28294,-0.010227), (-0.27665,-0.94423,0.17858), (0.060184,0.16845,0.98387), 3.9136, 1.1692, 1.8806, (gDx*12,gDy*4,gDz*0)),rgb(0,1,0.71875));
		draw(
			ellipsoid( (0.98224,-0.18687,-0.016662), (-0.17696,-0.95232,0.24855), (0.062314,0.24119,0.96847), 4.0508, 1.2225, 2.0142, (gDx*13,gDy*4,gDz*0)),rgb(0,1,0.71875));
		draw(
			ellipsoid( (0.99183,-0.10638,-0.07046), (-0.082014,-0.95451,0.28667), (0.097751,0.27854,0.95544), 3.8857, 1.273, 2.0383, (gDx*14,gDy*4,gDz*0)),rgb(0,1,0.625));
		draw(
			ellipsoid( (0.96907,0.040024,-0.24352), (0.23297,0.17719,0.95621), (-0.08142,0.98336,-0.16239), 3.7629, 2.071, 1.1191, (gDx*15,gDy*4,gDz*0)),rgb(0,1,0.71875));
		draw(
			ellipsoid( (0.94326,0.07281,-0.32399), (0.30386,0.20424,0.93057), (-0.13393,0.97621,-0.17053), 3.9076, 2.0904, 1.0854, (gDx*16,gDy*4,gDz*0)),rgb(0,1,0.8125));
		draw(
			ellipsoid( (0.942,0.054362,-0.33119), (0.29161,0.35594,0.88785), (-0.16615,0.93292,-0.31945), 4.0011, 2.0811, 1.1667, (gDx*17,gDy*4,gDz*0)),rgb(0,1,0.71875));
		draw(
			ellipsoid( (0.94289,-0.03562,-0.33119), (0.29746,0.53749,0.78906), (-0.1499,0.84252,-0.51739), 4.1122, 2.1622, 1.2533, (gDx*18,gDy*4,gDz*0)),rgb(0,1,0.71875));
		draw(
			ellipsoid( (0.91909,-0.27338,-0.28379), (-0.39127,-0.71845,-0.5751), (0.046671,-0.63961,0.76728), 4.1017, 2.5298, 1.2743, (gDx*19,gDy*4,gDz*0)),rgb(0,1,0.71875));
		draw(
			ellipsoid( (0.85175,-0.41601,-0.31853), (-0.52371,-0.65726,-0.54197), (-0.016106,-0.62844,0.77769), 3.893, 2.6704, 1.4755, (gDx*20,gDy*4,gDz*0)),rgb(0,1,0.4375));
		draw(
			ellipsoid( (0.80688,-0.52332,-0.27401), (-0.5851,-0.64422,-0.49259), (-0.081264,-0.55778,0.826), 3.7478, 2.7084, 1.6294, (gDx*21,gDy*4,gDz*0)),rgb(0,1,0.15625));
		draw(
			ellipsoid( (0.76885,-0.61631,-0.1704), (-0.62745,-0.67579,-0.3868), (-0.12323,-0.40431,0.90628), 3.6321, 2.777, 1.8187, (gDx*22,gDy*4,gDz*0)),rgb(0.03125,1,0));
		draw(
			ellipsoid( (0.73294,-0.68027,0.0056693), (-0.65184,-0.70463,-0.28036), (-0.19471,-0.20179,0.95988), 3.7869, 2.8042, 1.9602, (gDx*23,gDy*4,gDz*0)),rgb(0.125,1,0));
		draw(
			ellipsoid( (0.67194,-0.73245,0.10961), (-0.71842,-0.68059,-0.14375), (-0.17989,-0.017851,0.98352), 3.9026, 2.791, 1.9554, (gDx*24,gDy*4,gDz*0)),rgb(0.03125,1,0));
		draw(
			ellipsoid( (0.48498,-0.84754,-0.21555), (-0.87274,-0.48478,-0.05751), (0.055752,-0.21601,0.9748), 3.5626, 1.5425, 0.86697, (gDx*0,gDy*5,gDz*0)),rgb(0,1,1));
		draw(
			ellipsoid( (0.37026,-0.87094,-0.32307), (-0.9121,-0.40676,0.05122), (0.17602,-0.27571,0.94499), 3.2213, 1.5153, 0.89467, (gDx*1,gDy*5,gDz*0)),rgb(0,1,0.8125));
		draw(
			ellipsoid( (-0.30491,0.48739,-0.81822), (0.95214,0.13664,-0.27342), (0.021459,0.86242,0.50573), 0.82782, 1.5744, 3.0848, (gDx*2,gDy*5,gDz*0)),rgb(0,1,0.8125));
		draw(
			ellipsoid( (0.32648,0.77898,0.53535), (0.91884,-0.12873,-0.37304), (0.22168,-0.61369,0.75779), 3.1564, 1.5857, 0.89356, (gDx*3,gDy*5,gDz*0)),rgb(0,1,0.8125));
		draw(
			ellipsoid( (0.46059,0.62954,0.62573), (0.85,-0.10979,-0.51521), (0.25565,-0.76917,0.58567), 3.0917, 1.6564, 1.0593, (gDx*4,gDy*5,gDz*0)),rgb(0,1,0.53125));
		draw(
			ellipsoid( (0.59753,0.47148,0.64859), (0.77337,-0.1252,-0.62147), (0.21181,-0.87294,0.43944), 2.9765, 1.7804, 1.1047, (gDx*5,gDy*5,gDz*0)),rgb(0,1,0.4375));
		draw(
			ellipsoid( (0.59975,0.47348,0.64508), (0.77335,-0.13591,-0.61925), (0.20553,-0.87026,0.44767), 2.9363, 1.7919, 1.1093, (gDx*6,gDy*5,gDz*0)),rgb(0,1,0.4375));
		draw(
			ellipsoid( (-0.60681,-0.584,-0.5392), (-0.73829,0.16279,0.65454), (0.29447,-0.79527,0.52994), 2.5451, 1.7437, 1.2076, (gDx*7,gDy*5,gDz*0)),rgb(0,1,0.0625));
		draw(
			ellipsoid( (-0.57052,-0.66724,-0.47886), (-0.72376,0.13289,0.67714), (0.38818,-0.7329,0.55873), 2.3885, 1.7143, 1.2006, (gDx*8,gDy*5,gDz*0)),rgb(0.03125,1,0));
		draw(
			ellipsoid( (-0.41802,-0.87223,-0.2539), (-0.73991,0.48906,-0.4619), (-0.52706,0.0052159,0.84981), 2.6031, 1.1817, 1.7747, (gDx*9,gDy*5,gDz*0)),rgb(0,1,0.15625));
		draw(
			ellipsoid( (-0.66196,0.15269,-0.73382), (0.73611,0.31688,-0.5981), (-0.14121,0.9361,0.32216), 1.6282, 2.0186, 2.1901, (gDx*10,gDy*5,gDz*0)),rgb(0.96875,1,0));
		draw(
			ellipsoid( (0.83565,-0.51149,-0.20016), (-0.53708,-0.68462,-0.49279), (-0.11502,-0.51931,0.84681), 2.7627, 1.4507, 1.7468, (gDx*11,gDy*5,gDz*0)),rgb(0.125,1,0));
		draw(
			ellipsoid( (-0.88888,0.45349,0.065121), (0.42934,0.87413,-0.22708), (0.1599,0.17389,0.9717), 3.8487, 1.3201, 2.0288, (gDx*12,gDy*5,gDz*0)),rgb(0,1,0.53125));
		draw(
			ellipsoid( (-0.89889,0.43257,0.069796), (0.39519,0.86917,-0.29726), (0.18925,0.23963,0.95224), 3.9535, 1.2565, 2.2618, (gDx*13,gDy*5,gDz*0)),rgb(0,1,0.625));
		draw(
			ellipsoid( (-0.91611,0.38494,0.11209), (0.33162,0.88465,-0.32774), (0.22532,0.26308,0.93809), 3.8398, 1.2615, 2.3582, (gDx*14,gDy*5,gDz*0)),rgb(0,1,0.625));
		draw(
			ellipsoid( (-0.93013,0.27225,0.24646), (0.19976,0.93823,-0.28254), (0.30815,0.21356,0.92706), 3.5936, 1.1709, 2.3357, (gDx*15,gDy*5,gDz*0)),rgb(0,1,0.625));
		draw(
			ellipsoid( (0.91942,-0.092264,-0.38229), (-0.39201,-0.13722,-0.90967), (-0.03147,-0.98623,0.16234), 3.9204, 2.2862, 0.68333, (gDx*16,gDy*5,gDz*0)),rgb(0,0.71875,1));
		draw(
			ellipsoid( (0.93887,-0.039454,-0.34201), (0.33394,0.34605,0.87677), (-0.083763,0.93738,-0.33807), 3.8278, 2.0797, 1.1882, (gDx*17,gDy*5,gDz*0)),rgb(0,1,0.71875));
		draw(
			ellipsoid( (0.93034,-0.10531,-0.35124), (-0.35885,-0.45848,-0.81304), (0.075419,-0.88245,0.46433), 3.9008, 2.1979, 1.3583, (gDx*18,gDy*5,gDz*0)),rgb(0,1,0.53125));
		draw(
			ellipsoid( (0.88005,-0.27588,-0.38653), (-0.47406,-0.55807,-0.68104), (0.027825,-0.78259,0.62192), 3.9325, 2.4649, 1.5368, (gDx*19,gDy*5,gDz*0)),rgb(0,1,0.34375));
		draw(
			ellipsoid( (0.79058,-0.42026,-0.44538), (-0.61211,-0.5218,-0.59418), (-0.017308,-0.74237,0.66977), 3.9115, 2.6882, 1.7331, (gDx*20,gDy*5,gDz*0)),rgb(0,1,0.15625));
		draw(
			ellipsoid( (0.76138,-0.55901,-0.32834), (-0.64425,-0.59581,-0.47954), (-0.072446,-0.57664,0.81378), 3.7059, 2.7464, 1.7381, (gDx*21,gDy*5,gDz*0)),rgb(0,1,0.0625));
		draw(
			ellipsoid( (0.71122,-0.66796,-0.21905), (-0.69114,-0.60754,-0.39142), (-0.12837,-0.42979,0.89376), 3.606, 2.7945, 1.817, (gDx*22,gDy*5,gDz*0)),rgb(0.03125,1,0));
		draw(
			ellipsoid( (-0.18286,-0.29132,0.93898), (0.74138,0.58641,0.32632), (-0.6457,0.75581,0.10875), 1.8693, 2.8477, 3.6963, (gDx*23,gDy*5,gDz*0)),rgb(0.03125,1,0));
		draw(
			ellipsoid( (0.58237,-0.81234,-0.030859), (-0.7854,-0.55246,-0.27916), (-0.20973,-0.18681,0.95975), 3.8046, 2.9393, 1.8667, (gDx*24,gDy*5,gDz*0)),rgb(0.03125,1,0));
		draw(
			ellipsoid( (0.053501,-0.98493,-0.16444), (-0.9974,-0.044756,-0.056433), (-0.048223,-0.16704,0.98477), 3.0608, 1.5239, 0.98833, (gDx*0,gDy*6,gDz*0)),rgb(0,1,0.625));
		draw(
			ellipsoid( (0.016014,0.97698,0.21272), (0.99954,-0.010173,-0.028522), (0.025701,-0.21308,0.9767), 3.0673, 1.4998, 0.94988, (gDx*1,gDy*6,gDz*0)),rgb(0,1,0.71875));
		draw(
			ellipsoid( (0.15173,0.92666,0.34393), (0.98135,-0.099693,-0.16434), (0.118,-0.36245,0.9245), 3.0447, 1.5551, 0.9684, (gDx*2,gDy*6,gDz*0)),rgb(0,1,0.625));
		draw(
			ellipsoid( (0.43181,0.78547,0.44337), (0.8893,-0.28869,-0.35468), (0.1506,-0.54744,0.82318), 3.1549, 1.6708, 0.90208, (gDx*3,gDy*6,gDz*0)),rgb(0,1,0.8125));
		draw(
			ellipsoid( (0.54841,0.65781,0.51626), (0.81383,-0.278,-0.51029), (0.19216,-0.7,0.6878), 3.1515, 1.7038, 1.0091, (gDx*4,gDy*6,gDz*0)),rgb(0,1,0.625));
		draw(
			ellipsoid( (0.62437,0.45069,0.638), (0.76138,-0.16865,-0.62598), (0.17453,-0.8766,0.44845), 2.9518, 1.7668, 1.1069, (gDx*5,gDy*6,gDz*0)),rgb(0,1,0.4375));
		draw(
			ellipsoid( (0.7295,0.29229,0.61838), (0.68157,-0.23486,-0.69304), (0.057336,-0.92704,0.37054), 2.8306, 1.9156, 1.0519, (gDx*6,gDy*6,gDz*0)),rgb(0,1,0.4375));
		draw(
			ellipsoid( (0.77926,0.27334,0.56395), (0.62467,-0.2663,-0.73408), (0.050474,-0.92432,0.37827), 2.8005, 1.962, 1.0681, (gDx*7,gDy*6,gDz*0)),rgb(0,1,0.4375));
		draw(
			ellipsoid( (0.84299,0.34289,0.41448), (0.51849,-0.31269,-0.79586), (0.14329,-0.88581,0.44138), 2.6776, 1.8942, 1.0556, (gDx*8,gDy*6,gDz*0)),rgb(0,1,0.34375));
		draw(
			ellipsoid( (0.46576,-0.78028,0.4174), (-0.77385,-0.58793,-0.23556), (-0.42921,0.21329,0.87766), 1.1648, 2.7758, 1.9287, (gDx*9,gDy*6,gDz*0)),rgb(0,1,0.25));
		draw(
			ellipsoid( (0.51218,-0.75364,0.41195), (-0.77064,-0.615,-0.16697), (-0.37919,0.23195,0.89578), 1.2533, 2.7063, 1.9823, (gDx*10,gDy*6,gDz*0)),rgb(0,1,0.0625));
		draw(
			ellipsoid( (0.62916,-0.6738,0.38751), (-0.69445,-0.71122,-0.10915), (-0.34915,0.20043,0.91538), 1.4319, 2.5093, 2.0039, (gDx*11,gDy*6,gDz*0)),rgb(0.3125,1,0));
		draw(
			ellipsoid( (-0.86313,-0.13702,0.48604), (-0.49378,0.43062,-0.75548), (0.10578,0.89207,0.43933), 1.8022, 2.116, 2.3852, (gDx*12,gDy*6,gDz*0)),rgb(1,0.9375,0));
		draw(
			ellipsoid( (-0.47664,0.86677,0.14669), (0.82718,0.4987,-0.25897), (0.29763,0.0020932,0.95468), 3.255, 1.5083, 2.2299, (gDx*13,gDy*6,gDz*0)),rgb(0,1,0.0625));
		draw(
			ellipsoid( (0.52864,0.70098,-0.47871), (0.74723,-0.65186,-0.12934), (0.40272,0.28933,0.86839), 1.3564, 3.5041, 2.5752, (gDx*14,gDy*6,gDz*0)),rgb(0,1,0.4375));
		draw(
			ellipsoid( (0.37318,0.80012,-0.46962), (0.851,-0.49682,-0.17022), (0.36952,0.33612,0.8663), 1.3179, 3.3741, 2.5572, (gDx*15,gDy*6,gDz*0)),rgb(0,1,0.4375));
		draw(
			ellipsoid( (0.2158,0.85479,-0.47198), (0.88172,-0.37827,-0.28193), (0.41953,0.35531,0.83532), 1.2651, 3.3952, 2.5233, (gDx*16,gDy*6,gDz*0)),rgb(0,1,0.4375));
		draw(
			ellipsoid( (0.86387,-0.33462,-0.3765), (-0.48882,-0.37653,-0.78694), (-0.12156,-0.86386,0.48884), 3.3364, 2.2475, 1.4726, (gDx*17,gDy*6,gDz*0)),rgb(0,1,0.15625));
		draw(
			ellipsoid( (0.89741,-0.21455,-0.38552), (-0.43986,-0.3671,-0.81961), (-0.034323,-0.9051,0.42381), 3.6682, 2.2966, 1.5314, (gDx*18,gDy*6,gDz*0)),rgb(0,1,0.25));
		draw(
			ellipsoid( (0.84069,-0.27575,-0.46605), (-0.54058,-0.37673,-0.75223), (-0.03185,-0.88433,0.46578), 3.7502, 2.3913, 1.5733, (gDx*19,gDy*6,gDz*0)),rgb(0,1,0.25));
		draw(
			ellipsoid( (0.78226,-0.41139,-0.46779), (-0.62119,-0.45873,-0.63537), (-0.046798,-0.78761,0.6144), 3.8378, 2.6156, 1.7689, (gDx*20,gDy*6,gDz*0)),rgb(0,1,0.0625));
		draw(
			ellipsoid( (0.69129,-0.59115,-0.41552), (-0.71729,-0.49196,-0.49343), (-0.087272,-0.63915,0.76411), 3.6497, 2.7313, 1.8168, (gDx*21,gDy*6,gDz*0)),rgb(0.03125,1,0));
		draw(
			ellipsoid( (0.58126,-0.75528,-0.30281), (-0.79763,-0.45524,-0.39565), (-0.16097,-0.4715,0.86705), 3.5357, 2.8006, 1.8244, (gDx*22,gDy*6,gDz*0)),rgb(0.125,1,0));
		draw(
			ellipsoid( (0.51094,-0.8328,-0.21305), (-0.83713,-0.42572,-0.34348), (-0.19535,-0.35384,0.91468), 3.5745, 2.8876, 1.8198, (gDx*23,gDy*6,gDz*0)),rgb(0.03125,1,0));
		draw(
			ellipsoid( (0.40881,-0.90059,-0.14771), (-0.88385,-0.35038,-0.30992), (-0.22735,-0.25725,0.93922), 3.7235, 2.9837, 1.8613, (gDx*24,gDy*6,gDz*0)),rgb(0.03125,1,0));
		draw(
			ellipsoid( (0.49221,0.87017,-0.023287), (0.86672,-0.49239,-0.079744), (0.080857,-0.019068,0.99654), 2.9167, 1.5244, 0.87932, (gDx*0,gDy*7,gDz*0)),rgb(0,1,0.71875));
		draw(
			ellipsoid( (0.4789,0.8769,0.041207), (0.87297,-0.47075,-0.12773), (0.092611,-0.097144,0.99095), 2.8936, 1.5711, 0.90842, (gDx*1,gDy*7,gDz*0)),rgb(0,1,0.625));
		draw(
			ellipsoid( (0.48676,0.84724,0.21274), (0.864,-0.43106,-0.26019), (0.12874,-0.31045,0.94183), 2.9136, 1.6335, 1.0185, (gDx*2,gDy*7,gDz*0)),rgb(0,1,0.53125));
		draw(
			ellipsoid( (0.51203,0.76639,0.38792), (0.83779,-0.34589,-0.42246), (0.18959,-0.5413,0.81917), 3.1608, 1.6554, 1.0336, (gDx*3,gDy*7,gDz*0)),rgb(0,1,0.625));
		draw(
			ellipsoid( (0.57078,0.6652,0.48137), (0.79881,-0.31417,-0.51304), (0.19005,-0.67735,0.71069), 3.1158, 1.7391, 1.0165, (gDx*4,gDy*7,gDz*0)),rgb(0,1,0.625));
		draw(
			ellipsoid( (0.7168,0.47469,0.51075), (0.68514,-0.34336,-0.64241), (0.12957,-0.81041,0.57135), 2.8704, 1.8192, 1.0782, (gDx*5,gDy*7,gDz*0)),rgb(0,1,0.4375));
		draw(
			ellipsoid( (0.80889,0.23539,0.53878), (0.58742,-0.28453,-0.75761), (0.025034,-0.92932,0.36842), 2.7865, 1.9434, 1.0162, (gDx*6,gDy*7,gDz*0)),rgb(0,1,0.4375));
		draw(
			ellipsoid( (0.81565,0.16915,0.55326), (0.57806,-0.27737,-0.76741), (-0.02365,-0.94576,0.32402), 2.7258, 1.9759, 1.041, (gDx*7,gDy*7,gDz*0)),rgb(0,1,0.4375));
		draw(
			ellipsoid( (0.90122,0.128,0.41404), (0.43316,-0.29606,-0.85131), (-0.01361,-0.94655,0.32226), 2.6458, 1.9214, 1.042, (gDx*8,gDy*7,gDz*0)),rgb(0,1,0.34375));
		draw(
			ellipsoid( (0.93481,0.29527,0.19733), (0.30071,-0.36249,-0.88214), (0.18894,-0.88398,0.42765), 2.6934, 1.8076, 1.1257, (gDx*9,gDy*7,gDz*0)),rgb(0,1,0.25));
		draw(
			ellipsoid( (-0.88564,-0.44529,-0.13176), (-0.35066,0.8273,-0.43888), (-0.30443,0.34248,0.88884), 2.6686, 1.1652, 1.7488, (gDx*10,gDy*7,gDz*0)),rgb(0,1,0.15625));
		draw(
			ellipsoid( (0.58963,-0.79591,0.13738), (-0.79321,-0.60268,-0.087187), (-0.15219,0.057564,0.98667), 1.0828, 2.5653, 1.8543, (gDx*11,gDy*7,gDz*0)),rgb(0,1,0.25));
		draw(
			ellipsoid( (0.69734,-0.71357,0.067369), (-0.69446,-0.69592,-0.18281), (-0.17733,-0.080697,0.98084), 1.138, 2.7566, 2.1243, (gDx*12,gDy*7,gDz*0)),rgb(0,1,0.34375));
		draw(
			ellipsoid( (0.81193,-0.58012,0.065089), (-0.54611,-0.79422,-0.26642), (-0.20625,-0.18077,0.96166), 1.3036, 2.8863, 2.3407, (gDx*13,gDy*7,gDz*0)),rgb(0,1,0.15625));
		draw(
			ellipsoid( (-0.9708,-0.043767,0.23588), (-0.23937,0.2421,-0.94026), (0.015955,0.96926,0.24551), 1.1855, 2.4037, 3.1338, (gDx*14,gDy*7,gDz*0)),rgb(0,1,0.4375));
		draw(
			ellipsoid( (0.63407,0.45406,-0.62593), (0.67771,0.063493,0.73258), (-0.37238,0.88871,0.26746), 1.5148, 2.598, 2.9177, (gDx*15,gDy*7,gDz*0)),rgb(0.03125,1,0));
		draw(
			ellipsoid( (0.49939,0.6376,-0.58659), (0.62493,0.20384,0.7536), (-0.60006,0.74291,0.29666), 1.6387, 2.6229, 3.3431, (gDx*16,gDy*7,gDz*0)),rgb(0.03125,1,0));
		draw(
			ellipsoid( (-0.59037,0.70789,0.38776), (0.64653,0.12716,0.75222), (-0.48318,-0.69478,0.53274), 3.3617, 2.4181, 1.8043, (gDx*17,gDy*7,gDz*0)),rgb(0.21875,1,0));
		draw(
			ellipsoid( (0.83643,-0.33487,-0.43388), (-0.51812,-0.225,-0.82518), (-0.1787,-0.91501,0.3617), 3.4823, 2.445, 1.6439, (gDx*18,gDy*7,gDz*0)),rgb(0,1,0.0625));
		draw(
			ellipsoid( (0.82465,-0.32753,-0.46118), (-0.54163,-0.22214,-0.81074), (-0.16309,-0.91836,0.36059), 3.5286, 2.5083, 1.6658, (gDx*19,gDy*7,gDz*0)),rgb(0,1,0.0625));
		draw(
			ellipsoid( (0.70283,-0.44357,-0.55613), (-0.69507,-0.26183,-0.66957), (-0.15138,-0.85714,0.49233), 3.5179, 2.6945, 1.7697, (gDx*20,gDy*7,gDz*0)),rgb(0.03125,1,0));
		draw(
			ellipsoid( (0.531,-0.6355,-0.56051), (-0.82151,-0.22389,-0.5244), (-0.20776,-0.73893,0.64096), 3.5539, 2.7846, 1.8622, (gDx*21,gDy*7,gDz*0)),rgb(0.125,1,0));
		draw(
			ellipsoid( (0.47237,-0.75022,-0.46264), (-0.84902,-0.24633,-0.46743), (-0.23672,-0.61359,0.75331), 3.4966, 2.8225, 1.9111, (gDx*22,gDy*7,gDz*0)),rgb(0.21875,1,0));
		draw(
			ellipsoid( (0.25317,0.48127,-0.83921), (0.89466,0.21357,0.39238), (-0.36808,0.85015,0.37651), 1.8999, 2.9101, 3.467, (gDx*23,gDy*7,gDz*0)),rgb(0.21875,1,0));
		draw(
			ellipsoid( (0.27706,0.35677,-0.89216), (0.9091,0.20329,0.36361), (-0.31109,0.91181,0.26801), 1.971, 2.9992, 3.6175, (gDx*24,gDy*7,gDz*0)),rgb(0.21875,1,0));
		draw(
			ellipsoid( (0.60581,0.75895,-0.23874), (0.79551,-0.57305,0.19694), (-0.012658,0.30923,0.9509), 3.2085, 1.2859, 0.96095, (gDx*0,gDy*8,gDz*0)),rgb(0,1,0.8125));
		draw(
			ellipsoid( (0.67504,0.72661,-0.12792), (0.73267,-0.68058,0.00052849), (0.086676,0.09408,0.99178), 3.2198, 1.4683, 0.96421, (gDx*1,gDy*8,gDz*0)),rgb(0,1,0.71875));
		draw(
			ellipsoid( (0.70254,0.71141,0.018224), (0.70918,-0.69775,-0.10105), (0.05917,-0.083913,0.99471), 3.2352, 1.7192, 1.0453, (gDx*2,gDy*8,gDz*0)),rgb(0,1,0.625));
		draw(
			ellipsoid( (0.62278,0.73974,0.25482), (0.76871,-0.51785,-0.3754), (0.14574,-0.42968,0.89114), 3.0958, 1.6967, 1.1485, (gDx*3,gDy*8,gDz*0)),rgb(0,1,0.4375));
		draw(
			ellipsoid( (0.66742,0.65798,0.34874), (0.72643,-0.47221,-0.49932), (0.16387,-0.58659,0.79313), 3.0396, 1.8634, 1.1326, (gDx*4,gDy*8,gDz*0)),rgb(0,1,0.4375));
		draw(
			ellipsoid( (0.77741,0.49431,0.38896), (0.61876,-0.48987,-0.61414), (0.11303,-0.71811,0.68669), 2.8429, 1.9009, 1.0984, (gDx*5,gDy*8,gDz*0)),rgb(0,1,0.34375));
		draw(
			ellipsoid( (0.83637,0.22879,0.49814), (0.54809,-0.3347,-0.76653), (0.0086468,-0.91413,0.40533), 2.7623, 1.9691, 1.0112, (gDx*6,gDy*8,gDz*0)),rgb(0,1,0.4375));
		draw(
			ellipsoid( (0.8289,0.13327,0.54328), (0.5554,-0.31193,-0.77087), (-0.066729,-0.94071,0.33258), 2.6727, 1.9809, 1.039, (gDx*7,gDy*8,gDz*0)),rgb(0,1,0.4375));
		draw(
			ellipsoid( (0.8695,0.067498,0.48929), (-0.48553,0.29863,0.82163), (0.090661,0.95198,-0.29243), 2.5923, 1.9566, 1.0708, (gDx*8,gDy*8,gDz*0)),rgb(0,1,0.34375));
		draw(
			ellipsoid( (0.97605,0.060132,0.20908), (0.21745,-0.24023,-0.94605), (0.0066611,-0.96885,0.24755), 2.4844, 1.9222, 1.2114, (gDx*9,gDy*8,gDz*0)),rgb(0.03125,1,0));
		draw(
			ellipsoid( (0.99023,0.13922,0.0078727), (0.13513,-0.97201,0.1922), (-0.034411,0.18926,0.98132), 2.4805, 1.2802, 1.8634, (gDx*10,gDy*8,gDz*0)),rgb(0.125,1,0));
		draw(
			ellipsoid( (-0.34081,0.9281,-0.1499), (0.93789,0.34664,0.013867), (-0.064833,0.13587,0.9886), 1.1906, 2.4828, 1.9765, (gDx*11,gDy*8,gDz*0)),rgb(0,1,0.0625));
		draw(
			ellipsoid( (-0.45451,0.88954,-0.046233), (0.88947,0.45602,0.029751), (-0.047548,0.027601,0.99849), 1.1793, 2.8738, 2.1642, (gDx*12,gDy*8,gDz*0)),rgb(0,1,0.34375));
		draw(
			ellipsoid( (-0.50393,0.86373,-0.0051792), (0.86325,0.50383,0.031024), (-0.029406,-0.011163,0.99951), 1.2134, 3.0705, 2.2392, (gDx*13,gDy*8,gDz*0)),rgb(0,1,0.34375));
		draw(
			ellipsoid( (-0.54917,0.83442,0.046393), (0.83264,0.54157,0.1158), (-0.071497,-0.10222,0.99219), 1.3438, 3.1449, 2.3002, (gDx*14,gDy*8,gDz*0)),rgb(0,1,0.25));
		draw(
			ellipsoid( (0.70799,0.56909,0.41819), (0.7047,-0.6082,-0.36536), (-0.046422,-0.55337,0.83164), 3.1886, 1.7738, 2.4155, (gDx*15,gDy*8,gDz*0)),rgb(0.3125,1,0));
		draw(
			ellipsoid( (-0.62908,-0.20796,0.749), (-0.7744,0.25133,-0.58063), (0.067503,0.9453,0.31915), 1.9744, 2.496, 3.1046, (gDx*16,gDy*8,gDz*0)),rgb(0.59375,1,0));
		draw(
			ellipsoid( (-0.61748,-0.33037,0.71384), (-0.77729,0.11716,-0.61814), (-0.12059,0.93655,0.32914), 1.9617, 2.3679, 3.1984, (gDx*17,gDy*8,gDz*0)),rgb(0.5,1,0));
		draw(
			ellipsoid( (-0.67594,-0.55197,0.4883), (-0.7264,0.38724,-0.5678), (-0.12432,0.73849,0.6627), 1.918, 2.4159, 3.0561, (gDx*18,gDy*8,gDz*0)),rgb(0.5,1,0));
		draw(
			ellipsoid( (-0.44987,-0.80403,0.38878), (-0.86356,0.2806,-0.41895), (-0.22776,0.52421,0.82057), 1.9083, 2.7461, 3.2276, (gDx*19,gDy*8,gDz*0)),rgb(0.40625,1,0));
		draw(
			ellipsoid( (0.41492,0.80794,-0.41842), (0.86715,-0.21191,0.45071), (-0.27548,0.54985,0.78853), 1.882, 2.8038, 3.34, (gDx*20,gDy*8,gDz*0)),rgb(0.21875,1,0));
		draw(
			ellipsoid( (-0.42296,-0.77116,0.47583), (-0.88486,0.23834,-0.40027), (-0.19527,0.59034,0.78318), 1.9183, 2.8803, 3.4244, (gDx*21,gDy*8,gDz*0)),rgb(0.21875,1,0));
		draw(
			ellipsoid( (-0.47817,-0.70988,0.51713), (-0.86823,0.29332,-0.40017), (-0.13238,0.64034,0.7566), 1.98, 2.8819, 3.4583, (gDx*22,gDy*8,gDz*0)),rgb(0.3125,1,0));
		draw(
			ellipsoid( (-0.46827,-0.63402,0.61543), (-0.87188,0.21857,-0.43823), (-0.14333,0.74179,0.65514), 2.0258, 2.9203, 3.5133, (gDx*23,gDy*8,gDz*0)),rgb(0.3125,1,0));
		draw(
			ellipsoid( (-0.43598,-0.48811,0.75608), (-0.87154,0.019572,-0.48993), (-0.22434,0.87256,0.43395), 2.0313, 2.9402, 3.5563, (gDx*24,gDy*8,gDz*0)),rgb(0.3125,1,0));
		draw(
			ellipsoid( (-0.62795,-0.62239,0.46723), (-0.6501,0.74955,0.12473), (0.42784,0.22542,0.87529), 3.224, 1.2577, 0.91568, (gDx*0,gDy*9,gDz*0)),rgb(0,1,0.8125));
		draw(
			ellipsoid( (0.73612,0.6275,-0.25373), (0.65592,-0.75385,0.038597), (0.16706,0.19484,0.9665), 3.1122, 1.4785, 1.0113, (gDx*1,gDy*9,gDz*0)),rgb(0,1,0.625));
		draw(
			ellipsoid( (0.81331,0.57857,-0.061546), (0.57801,-0.81554,-0.028287), (0.066559,0.012569,0.9977), 3.4335, 1.7566, 1.0101, (gDx*2,gDy*9,gDz*0)),rgb(0,1,0.71875));
		draw(
			ellipsoid( (0.85084,0.52508,0.019074), (0.51305,-0.82241,-0.24583), (0.11339,-0.21894,0.96913), 3.2593, 1.8528, 1.0817, (gDx*3,gDy*9,gDz*0)),rgb(0,1,0.625));
		draw(
			ellipsoid( (0.81455,0.55334,0.17413), (0.56395,-0.68506,-0.46115), (0.13588,-0.47383,0.87007), 3.0728, 2.0093, 1.1653, (gDx*4,gDy*9,gDz*0)),rgb(0,1,0.4375));
		draw(
