	import three;
	import settings;

	surface ellipsoid(triple v1,triple v2,triple v3,real l1,real l2, real l3, triple pos=O) {
		transform3 T = identity(4);
		T[0][0] = l1*v1.x;
		T[1][0] = l1*v1.y;
		T[2][0] = l1*v1.z;
		T[0][1] = l2*v2.x;
		T[1][1] = l2*v2.y;
		T[2][1] = l2*v2.z;
		T[0][2] = l3*v3.x;
		T[1][2] = l3*v3.y;
		T[2][2] = l3*v3.z;
		T[0][3] = pos.x;
		T[1][3] = pos.y;
		T[2][3] = pos.z;
		return T*unitsphere;
	}

	size(200);

	real gDx=4;
	real gDy=4;
	real gDz=4;

	currentprojection=perspective( camera=(gDx*12,gDy*12,25),up=Y, target=(gDx*12,gDy*12,gDz*0));
		draw(
			ellipsoid( (0.37392,-0.92745,0.0053034), (0.92613,0.37307,-0.055736), (0.049713,0.025752,0.99843), 0.88788, 1.1693, 3.8132, (gDx*0,gDy*0,gDz*0)),rgb(0,0.90625,1));
		draw(
			ellipsoid( (0.043355,0.99468,-0.093477), (-0.95472,0.013682,-0.29721), (-0.29435,0.10213,0.95023), 0.99545, 1.6292, 3.1637, (gDx*1,gDy*0,gDz*0)),rgb(0,1,0.625));
		draw(
			ellipsoid( (0.13071,0.97762,-0.16486), (-0.63505,-0.04514,-0.77115), (-0.76133,0.20549,0.61493), 0.98724, 1.4493, 3.5489, (gDx*2,gDy*0,gDz*0)),rgb(0,1,0.8125));
		draw(
			ellipsoid( (0.38216,0.85692,0.3459), (-0.25848,0.45849,-0.85028), (-0.88721,0.23553,0.39671), 1.0143, 1.1525, 3.752, (gDx*3,gDy*0,gDz*0)),rgb(0,1,1));
		draw(
			ellipsoid( (-0.31096,-0.67262,-0.67148), (0.062236,-0.7194,0.6918), (-0.94838,0.17333,0.26557), 1.0717, 1.2881, 3.4947, (gDx*4,gDy*0,gDz*0)),rgb(0,1,0.8125));
		draw(
			ellipsoid( (-0.14521,-0.60251,-0.78479), (0.0047724,-0.79361,0.6084), (-0.98939,0.084604,0.11812), 1.0278, 1.4461, 3.5043, (gDx*5,gDy*0,gDz*0)),rgb(0,1,0.8125));
		draw(
			ellipsoid( (0.00022227,0.62847,0.77783), (-0.014415,0.77775,-0.6284), (-0.9999,-0.011073,0.0092325), 0.91212, 1.5364, 3.7144, (gDx*6,gDy*0,gDz*0)),rgb(0,1,1));
		draw(
			ellipsoid( (-0.097075,0.69829,0.70921), (-0.023958,0.71073,-0.70306), (-0.99499,-0.085241,-0.052264), 0.79401, 1.4523, 3.7128, (gDx*7,gDy*0,gDz*0)),rgb(0,0.90625,1));
		draw(
			ellipsoid( (-0.15201,0.78841,0.59608), (-0.0031712,0.60269,-0.79797), (-0.98837,-0.12319,-0.089113), 0.68989, 1.42, 3.3989, (gDx*8,gDy*0,gDz*0)),rgb(0,0.90625,1));
		draw(
			ellipsoid( (-0.19102,0.81642,0.54495), (-0.016967,0.55235,-0.83344), (-0.98144,-0.16845,-0.091659), 0.65971, 1.3802, 3.0628, (gDx*9,gDy*0,gDz*0)),rgb(0,0.90625,1));
		draw(
			ellipsoid( (-0.39576,0.76832,0.50306), (0.19272,-0.4661,0.86349), (-0.89791,-0.43868,-0.036391), 0.95833, 1.6371, 2.7768, (gDx*10,gDy*0,gDz*0)),rgb(0,1,0.53125));
		draw(
			ellipsoid( (-0.8497,0.50628,0.14726), (0.16644,-0.0074524,0.98602), (-0.5003,-0.86234,0.077935), 1.1756, 1.907, 2.7984, (gDx*11,gDy*0,gDz*0)),rgb(0,1,0.25));
		draw(
			ellipsoid( (-0.9697,0.23475,-0.067621), (-0.075869,-0.026273,0.99677), (-0.23221,-0.9717,-0.043287), 0.70903, 1.9289, 4.2533, (gDx*12,gDy*0,gDz*0)),rgb(0,0.71875,1));
		draw(
			ellipsoid( (-0.92843,0.37117,-0.015901), (-0.016342,0.0019577,0.99986), (-0.37115,-0.92856,-0.0042481), 1.02, 1.6591, 4.7001, (gDx*13,gDy*0,gDz*0)),rgb(0,0.90625,1));
		draw(
			ellipsoid( (0.73524,-0.6636,0.13808), (-0.042833,0.15782,0.98654), (-0.67645,-0.73126,0.087611), 0.98738, 1.9239, 4.3477, (gDx*14,gDy*0,gDz*0)),rgb(0,1,1));
		draw(
			ellipsoid( (0.5672,-0.79758,0.20528), (0.015587,0.25961,0.96559), (-0.82343,-0.54449,0.15968), 0.91878, 1.9822, 4.4962, (gDx*15,gDy*0,gDz*0)),rgb(0,0.90625,1));
		draw(
			ellipsoid( (-0.39125,0.81927,-0.41918), (-0.042393,0.43897,0.8975), (-0.91931,-0.36892,0.13702), 0.98485, 1.8687, 4.359, (gDx*16,gDy*0,gDz*0)),rgb(0,1,1));
		draw(
			ellipsoid( (0.19595,-0.73175,0.6528), (-0.0067128,0.66469,0.74709), (-0.98059,-0.15077,0.12533), 0.91868, 1.7715, 4.5201, (gDx*17,gDy*0,gDz*0)),rgb(0,0.90625,1));
		draw(
			ellipsoid( (0.076493,-0.62481,0.77702), (0.023189,0.78021,0.62509), (-0.9968,-0.029796,0.074169), 0.97023, 1.9229, 4.5717, (gDx*18,gDy*0,gDz*0)),rgb(0,0.90625,1));
		draw(
			ellipsoid( (-0.073447,-0.5042,0.86046), (0.039886,0.86062,0.50769), (-0.9965,0.071609,-0.043099), 1.1009, 2.07, 4.1011, (gDx*19,gDy*0,gDz*0)),rgb(0,1,0.8125));
		draw(
			ellipsoid( (-0.25795,-0.38706,0.88524), (0.11969,0.89639,0.42681), (-0.95872,0.21605,-0.1849), 1.0868, 2.2177, 3.937, (gDx*20,gDy*0,gDz*0)),rgb(0,1,0.8125));
		draw(
			ellipsoid( (-0.33315,-0.3002,0.89381), (0.11617,0.92767,0.35487), (-0.93569,0.22206,-0.27418), 1.1285, 2.1949, 4.0669, (gDx*21,gDy*0,gDz*0)),rgb(0,1,0.8125));
		draw(
			ellipsoid( (-0.38657,-0.19713,0.90094), (0.12831,0.95589,0.2642), (-0.91329,0.21773,-0.34423), 1.1417, 2.1616, 4.2478, (gDx*22,gDy*0,gDz*0)),rgb(0,1,0.8125));
		draw(
			ellipsoid( (-0.56878,-0.20766,0.79584), (-0.095813,-0.94429,-0.31487), (0.81689,-0.25534,0.5172), 1.5443, 2.3807, 3.6238, (gDx*23,gDy*0,gDz*0)),rgb(0,1,0.25));
		draw(
			ellipsoid( (-0.88221,-0.18868,0.4314), (-0.050034,0.94858,0.31256), (0.4682,-0.25416,0.84628), 1.8056, 2.594, 3.5432, (gDx*24,gDy*0,gDz*0)),rgb(0.125,1,0));
		draw(
			ellipsoid( (-0.14332,-0.95375,0.26422), (0.94274,-0.050329,0.3297), (-0.30115,0.29635,0.90636), 0.96908, 1.2562, 3.6243, (gDx*0,gDy*1,gDz*0)),rgb(0,1,0.90625));
		draw(
			ellipsoid( (-0.90803,0.31829,-0.27235), (-0.38742,-0.88537,0.25696), (-0.15934,0.33884,0.92725), 1.0829, 1.1944, 3.4592, (gDx*1,gDy*1,gDz*0)),rgb(0,1,0.8125));
		draw(
			ellipsoid( (-0.3538,0.80006,-0.48448), (0.85779,0.48404,0.17293), (-0.37287,0.3544,0.85754), 1.1648, 1.4205, 3.0886, (gDx*2,gDy*1,gDz*0)),rgb(0,1,0.53125));
		draw(
			ellipsoid( (-0.1439,0.80909,-0.5698), (0.71403,0.48355,0.5063), (-0.68517,0.33399,0.6473), 1.2243, 1.3975, 3.1548, (gDx*3,gDy*1,gDz*0)),rgb(0,1,0.4375));
		draw(
			ellipsoid( (-0.59647,-0.45105,-0.66392), (0.026268,0.81575,-0.5778), (-0.80221,0.36208,0.47472), 1.2412, 1.3788, 3.1444, (gDx*4,gDy*1,gDz*0)),rgb(0,1,0.4375));
		draw(
			ellipsoid( (-0.48169,-0.5191,-0.70606), (0.11049,0.76328,-0.63655), (0.86935,-0.38463,-0.31031), 1.1323, 1.4897, 3.0181, (gDx*5,gDy*1,gDz*0)),rgb(0,1,0.4375));
		draw(
			ellipsoid( (-0.25379,-0.77638,-0.57691), (0.0057651,-0.59764,0.80174), (-0.96724,0.20015,0.15615), 0.97663, 1.5096, 2.9369, (gDx*6,gDy*1,gDz*0)),rgb(0,1,0.625));
		draw(
			ellipsoid( (0.10326,0.87319,0.47632), (-0.03781,-0.47509,0.87912), (-0.99394,0.10879,0.016041), 0.74022, 1.4527, 3.0781, (gDx*7,gDy*1,gDz*0)),rgb(0,1,1));
		draw(
			ellipsoid( (0.031685,0.84587,0.53244), (-0.044665,-0.53098,0.84621), (-0.9985,0.050594,-0.020957), 0.79547, 1.4139, 2.8849, (gDx*8,gDy*1,gDz*0)),rgb(0,1,0.8125));
		draw(
			ellipsoid( (-0.055705,0.7986,0.59927), (0.028243,0.60122,-0.79858), (-0.99805,-0.02756,-0.056046), 0.83243, 1.3858, 2.758, (gDx*9,gDy*1,gDz*0)),rgb(0,1,0.71875));
		draw(
			ellipsoid( (-0.20238,0.78715,0.58261), (0.1013,-0.5749,0.81193), (-0.97405,-0.22334,-0.036608), 0.97053, 1.3802, 2.6627, (gDx*10,gDy*1,gDz*0)),rgb(0,1,0.4375));
		draw(
			ellipsoid( (-0.43619,0.87234,0.2208), (0.058693,-0.21727,0.97435), (-0.89794,-0.43796,-0.04357), 1.0447, 1.3543, 2.8159, (gDx*11,gDy*1,gDz*0)),rgb(0,1,0.53125));
		draw(
			ellipsoid( (0.57376,-0.81901,-0.0051152), (0.0053341,0.0099821,-0.99994), (0.81901,0.5737,0.010096), 1.0421, 1.5734, 3.3616, (gDx*12,gDy*1,gDz*0)),rgb(0,1,0.71875));
		draw(
			ellipsoid( (0.64988,-0.75872,0.044784), (0.003872,0.062228,0.99805), (-0.76003,-0.64844,0.043379), 1.0182, 1.8812, 4.0536, (gDx*13,gDy*1,gDz*0)),rgb(0,1,0.90625));
		draw(
			ellipsoid( (0.62653,-0.77564,0.076438), (0.035569,0.12643,0.99134), (-0.77859,-0.61838,0.1068), 1.0463, 1.9643, 4.2347, (gDx*14,gDy*1,gDz*0)),rgb(0,1,0.90625));
		draw(
			ellipsoid( (0.51259,-0.84127,0.17183), (0.052665,0.23054,0.97164), (-0.85702,-0.489,0.16248), 1.046, 1.9937, 4.2875, (gDx*15,gDy*1,gDz*0)),rgb(0,1,0.90625));
		draw(
			ellipsoid( (-0.37294,0.86514,-0.33535), (0.05344,0.38085,0.92309), (-0.92632,-0.32633,0.18827), 1.0669, 1.9401, 4.3175, (gDx*16,gDy*1,gDz*0)),rgb(0,1,0.90625));
		draw(
			ellipsoid( (0.22508,-0.80706,0.54588), (-0.071781,-0.57247,-0.81678), (-0.97169,-0.14466,0.18679), 1.0353, 1.9212, 4.3934, (gDx*17,gDy*1,gDz*0)),rgb(0,1,1));
		draw(
			ellipsoid( (0.11062,-0.68188,0.72305), (0.082248,0.7313,0.67708), (-0.99045,-0.015426,0.13698), 1.0699, 2.0538, 4.361, (gDx*18,gDy*1,gDz*0)),rgb(0,1,0.90625));
		draw(
			ellipsoid( (-0.020706,-0.55431,0.83205), (0.11111,0.8258,0.55291), (-0.99359,0.1039,0.044489), 1.1661, 2.2333, 4.0722, (gDx*19,gDy*1,gDz*0)),rgb(0,1,0.8125));
		draw(
			ellipsoid( (-0.15466,-0.43696,0.88609), (0.20902,0.8621,0.46161), (-0.9656,0.25661,-0.042002), 1.1556, 2.4136, 4.0881, (gDx*20,gDy*1,gDz*0)),rgb(0,1,0.8125));
		draw(
			ellipsoid( (-0.26162,-0.38606,0.8846), (0.17193,0.88322,0.4363), (-0.94973,0.26624,-0.16469), 1.2575, 2.3551, 4.0193, (gDx*21,gDy*1,gDz*0)),rgb(0,1,0.625));
		draw(
			ellipsoid( (-0.38107,-0.3413,0.85924), (0.13052,0.9002,0.41545), (-0.91529,0.27047,-0.2985), 1.401, 2.2677, 4.0095, (gDx*22,gDy*1,gDz*0)),rgb(0,1,0.53125));
		draw(
			ellipsoid( (-0.52389,-0.24949,0.81442), (-0.15498,-0.91226,-0.37916), (0.83757,-0.32486,0.43926), 1.6791, 2.3914, 3.7565, (gDx*23,gDy*1,gDz*0)),rgb(0,1,0.15625));
		draw(
			ellipsoid( (-0.70874,-0.10925,0.69696), (0.21655,0.90655,0.36231), (0.67141,-0.40771,0.61886), 1.8438, 2.5259, 3.8363, (gDx*24,gDy*1,gDz*0)),rgb(0,1,0.0625));
		draw(
			ellipsoid( (-0.81493,-0.043456,-0.57793), (0.18773,0.92363,-0.33417), (-0.54831,0.38082,0.74453), 1.1002, 1.1449, 3.4265, (gDx*0,gDy*2,gDz*0)),rgb(0,1,0.8125));
		draw(
			ellipsoid( (-0.91218,0.25419,-0.32143), (-0.36685,-0.85607,0.36409), (-0.18262,0.45004,0.87414), 0.81487, 1.2961, 3.4386, (gDx*1,gDy*2,gDz*0)),rgb(0,1,1));
		draw(
			ellipsoid( (-0.73875,0.54896,-0.39101), (0.66598,0.68367,-0.29842), (-0.1035,0.48087,0.87066), 1.0211, 1.3817, 3.3467, (gDx*2,gDy*2,gDz*0)),rgb(0,1,0.71875));
		draw(
			ellipsoid( (-0.34219,0.79483,-0.50115), (0.9329,0.35111,-0.080131), (-0.11227,0.49494,0.86164), 1.1267, 1.6853, 3.2449, (gDx*3,gDy*2,gDz*0)),rgb(0,1,0.53125));
		draw(
			ellipsoid( (-0.22554,0.73196,-0.64294), (0.87293,0.44486,0.20024), (-0.43259,0.51607,0.73928), 1.3037, 1.7066, 2.8671, (gDx*4,gDy*2,gDz*0)),rgb(0,1,0.15625));
		draw(
			ellipsoid( (-0.54011,0.16083,-0.82608), (0.56738,0.79455,-0.21627), (-0.62158,0.58551,0.5204), 1.3433, 1.5664, 2.6679, (gDx*5,gDy*2,gDz*0)),rgb(0.03125,1,0));
		draw(
			ellipsoid( (0.47564,0.18095,0.86083), (-0.41759,-0.81486,0.40202), (0.7742,-0.55069,-0.31202), 1.2818, 1.5431, 2.5126, (gDx*6,gDy*2,gDz*0)),rgb(0.03125,1,0));
		draw(
			ellipsoid( (0.32582,0.3645,0.87235), (0.37768,0.7957,-0.47353), (-0.86672,0.48375,0.12159), 1.154, 1.5227, 2.5327, (gDx*7,gDy*2,gDz*0)),rgb(0,1,0.15625));
		draw(
			ellipsoid( (0.21603,0.46871,0.85653), (0.31681,0.79614,-0.51556), (-0.92356,0.38273,0.023497), 1.0242, 1.4565, 2.6171, (gDx*8,gDy*2,gDz*0)),rgb(0,1,0.34375));
		draw(
			ellipsoid( (0.15012,0.7387,0.6571), (-0.12562,-0.645,0.75379), (-0.98065,0.19571,0.0040331), 0.96747, 1.3964, 2.699, (gDx*9,gDy*2,gDz*0)),rgb(0,1,0.53125));
		draw(
			ellipsoid( (0.030013,0.86552,0.49998), (-0.001283,-0.50017,0.86592), (-0.99955,0.02663,0.013901), 0.97788, 1.3959, 2.739, (gDx*10,gDy*2,gDz*0)),rgb(0,1,0.53125));
		draw(
			ellipsoid( (-0.11448,0.94082,0.31899), (0.043757,-0.31601,0.94775), (-0.99246,-0.12246,0.0049907), 1.0969, 1.4669, 3.0445, (gDx*11,gDy*2,gDz*0)),rgb(0,1,0.53125));
		draw(
			ellipsoid( (-0.24635,0.96446,0.095514), (-0.0032733,-0.099379,0.99504), (-0.96917,-0.24482,-0.027639), 1.1375, 1.6076, 3.5326, (gDx*12,gDy*2,gDz*0)),rgb(0,1,0.625));
		draw(
			ellipsoid( (-0.38692,0.91928,0.072221), (0.054855,-0.055236,0.99697), (-0.92048,-0.38971,0.029055), 1.1475, 1.8396, 4.0129, (gDx*13,gDy*2,gDz*0)),rgb(0,1,0.8125));
		draw(
			ellipsoid( (0.46886,-0.88239,-0.039469), (0.11436,0.016336,0.99331), (-0.87584,-0.47024,0.10857), 1.0839, 1.9839, 4.3407, (gDx*14,gDy*2,gDz*0)),rgb(0,1,0.90625));
		draw(
			ellipsoid( (0.41755,-0.90345,0.097127), (0.12095,0.1612,0.97948), (-0.90057,-0.39724,0.17658), 1.1327, 2.012, 4.2843, (gDx*15,gDy*2,gDz*0)),rgb(0,1,0.90625));
		draw(
			ellipsoid( (-0.33833,0.91177,-0.23281), (-0.15658,-0.2985,-0.94148), (-0.92791,-0.28208,0.24376), 1.1356, 2.0274, 4.3187, (gDx*16,gDy*2,gDz*0)),rgb(0,1,0.90625));
		draw(
			ellipsoid( (-0.24282,0.87337,-0.42221), (0.18578,0.46905,0.86341), (-0.95212,-0.13122,0.27615), 1.1233, 2.1047, 4.3513, (gDx*17,gDy*2,gDz*0)),rgb(0,1,0.90625));
		draw(
			ellipsoid( (0.14767,-0.73416,0.66272), (0.16892,0.67894,0.7145), (-0.9745,0.0064379,0.22428), 1.1559, 2.1875, 4.2131, (gDx*18,gDy*2,gDz*0)),rgb(0,1,0.8125));
		draw(
			ellipsoid( (0.032535,-0.57985,0.81407), (0.21953,0.79876,0.56017), (-0.97506,0.16049,0.15329), 1.2087, 2.3884, 4.0794, (gDx*19,gDy*2,gDz*0)),rgb(0,1,0.71875));
		draw(
			ellipsoid( (-0.072385,-0.4747,0.87717), (0.32007,0.8219,0.4712), (-0.94463,0.31486,0.092441), 1.183, 2.5294, 4.1514, (gDx*20,gDy*2,gDz*0)),rgb(0,1,0.8125));
		draw(
			ellipsoid( (-0.17948,-0.44892,0.87536), (0.27941,0.82991,0.48289), (-0.94325,0.33125,-0.023522), 1.3781, 2.4854, 3.9362, (gDx*21,gDy*2,gDz*0)),rgb(0,1,0.53125));
		draw(
			ellipsoid( (-0.31391,-0.39126,0.86509), (0.23998,0.84886,0.471), (-0.91863,0.35545,-0.17257), 1.5841, 2.4539, 3.8345, (gDx*22,gDy*2,gDz*0)),rgb(0,1,0.25));
		draw(
			ellipsoid( (-0.45658,-0.25039,0.85372), (-0.27517,-0.87278,-0.40315), (0.84606,-0.41899,0.3296), 1.7884, 2.4942, 3.7677, (gDx*23,gDy*2,gDz*0)),rgb(0,1,0.0625));
		draw(
			ellipsoid( (-0.60356,-0.061071,0.79498), (-0.37799,-0.85598,-0.35273), (0.70203,-0.51339,0.49355), 1.8559, 2.5511, 3.9413, (gDx*24,gDy*2,gDz*0)),rgb(0,1,0.0625));
		draw(
			ellipsoid( (-0.53974,0.1532,-0.82777), (0.49246,0.85496,-0.16287), (-0.68276,0.49556,0.5369), 1.0112, 1.3097, 3.2878, (gDx*0,gDy*3,gDz*0)),rgb(0,1,0.71875));
		draw(
			ellipsoid( (-0.54795,0.53556,-0.64259), (0.76377,0.63362,-0.12319), (-0.34118,0.5583,0.75624), 1.0181, 1.2993, 2.964, (gDx*1,gDy*3,gDz*0)),rgb(0,1,0.625));
		draw(
			ellipsoid( (-0.43492,0.71672,-0.54512), (0.89925,0.3772,-0.22151), (-0.046858,0.58654,0.80857), 1.0158, 1.4563, 3.1494, (gDx*2,gDy*3,gDz*0)),rgb(0,1,0.625));
		draw(
			ellipsoid( (-0.3311,0.79318,-0.51112), (0.92856,0.17756,-0.32597), (0.1678,0.58253,0.7953), 1.0253, 1.5498, 3.405, (gDx*3,gDy*3,gDz*0)),rgb(0,1,0.71875));
		draw(
			ellipsoid( (-0.34123,0.76218,-0.55014), (0.92685,0.17534,-0.33197), (0.15656,0.62317,0.76625), 1.1159, 1.6819, 3.1251, (gDx*4,gDy*3,gDz*0)),rgb(0,1,0.53125));
		draw(
			ellipsoid( (-0.42089,0.61414,-0.6676), (0.90601,0.24831,-0.34277), (0.044736,0.74912,0.66093), 1.2256, 1.7213, 2.7317, (gDx*5,gDy*3,gDz*0)),rgb(0,1,0.15625));
		draw(
			ellipsoid( (0.53841,-0.33899,0.77149), (-0.83442,-0.34237,0.43188), (0.11773,-0.87628,-0.4672), 1.1929, 1.7275, 2.628, (gDx*6,gDy*3,gDz*0)),rgb(0,1,0.15625));
		draw(
			ellipsoid( (0.56314,-0.036684,0.82555), (-0.75619,-0.42574,0.49691), (0.33324,-0.9041,-0.26749), 1.2093, 1.6999, 2.5179, (gDx*7,gDy*3,gDz*0)),rgb(0,1,0.0625));
		draw(
			ellipsoid( (0.53175,0.23091,0.81481), (0.66157,0.48741,-0.56987), (-0.52874,0.84209,0.10642), 1.1975, 1.7382, 2.5612, (gDx*8,gDy*3,gDz*0)),rgb(0,1,0.0625));
		draw(
			ellipsoid( (-0.41824,-0.52982,-0.73781), (-0.35036,-0.65531,0.66919), (-0.83805,0.53838,0.088449), 1.2036, 1.7276, 2.504, (gDx*9,gDy*3,gDz*0)),rgb(0.03125,1,0));
		draw(
			ellipsoid( (0.29886,0.82229,0.48427), (-0.097399,-0.47853,0.87265), (-0.94931,0.30797,0.062921), 1.1342, 1.6629, 2.7569, (gDx*10,gDy*3,gDz*0)),rgb(0,1,0.25));
		draw(
			ellipsoid( (0.15568,0.94509,0.28735), (-0.013857,-0.28878,0.9573), (-0.98771,0.15302,0.031862), 1.1951, 1.6426, 3.0905, (gDx*11,gDy*3,gDz*0)),rgb(0,1,0.4375));
		draw(
			ellipsoid( (0.040773,0.99681,0.068643), (-0.027889,-0.067538,0.99733), (-0.99878,0.042578,-0.025046), 1.1593, 1.6848, 3.6244, (gDx*12,gDy*3,gDz*0)),rgb(0,1,0.625));
		draw(
			ellipsoid( (-0.10337,0.99409,0.033115), (0.0041875,-0.032858,0.99945), (-0.99463,-0.10346,0.00076607), 1.2106, 1.7624, 3.9621, (gDx*13,gDy*3,gDz*0)),rgb(0,1,0.71875));
		draw(
			ellipsoid( (0.23373,-0.97142,-0.041336), (0.083463,-0.022312,0.99626), (-0.96871,-0.2363,0.075863), 1.2215, 1.9142, 4.1242, (gDx*14,gDy*3,gDz*0)),rgb(0,1,0.71875));
		draw(
			ellipsoid( (0.27976,-0.9587,0.051252), (0.16563,0.10078,0.98103), (-0.94567,-0.26597,0.18698), 1.1793, 2.0329, 4.2453, (gDx*15,gDy*3,gDz*0)),rgb(0,1,0.8125));
		draw(
			ellipsoid( (0.27623,-0.95178,0.13349), (0.2423,0.20337,0.94865), (-0.93005,-0.2297,0.28679), 1.1385, 2.0989, 4.3158, (gDx*16,gDy*3,gDz*0)),rgb(0,1,0.90625));
		draw(
			ellipsoid( (-0.22129,0.91382,-0.34053), (-0.26053,-0.39189,-0.88235), (-0.93976,-0.10654,0.3248), 1.1358, 2.1328, 4.2871, (gDx*17,gDy*3,gDz*0)),rgb(0,1,0.90625));
		draw(
			ellipsoid( (0.15845,-0.7746,0.61228), (0.24044,0.63172,0.73697), (-0.95765,0.030442,0.28634), 1.221, 2.2159, 4.133, (gDx*18,gDy*3,gDz*0)),rgb(0,1,0.71875));
		draw(
			ellipsoid( (0.068107,-0.60653,0.79214), (0.33411,0.762,0.55473), (-0.94007,0.22688,0.25455), 1.2274, 2.465, 4.0945, (gDx*19,gDy*3,gDz*0)),rgb(0,1,0.71875));
		draw(
			ellipsoid( (-0.019696,-0.54167,0.84036), (0.42182,0.75755,0.49818), (-0.90647,0.36429,0.21357), 1.2319, 2.5966, 4.1207, (gDx*20,gDy*3,gDz*0)),rgb(0,1,0.71875));
		draw(
			ellipsoid( (-0.093107,-0.48836,0.86766), (0.41205,0.77442,0.48009), (-0.90639,0.40222,0.12912), 1.4727, 2.6045, 3.8946, (gDx*21,gDy*3,gDz*0)),rgb(0,1,0.4375));
		draw(
			ellipsoid( (-0.19954,-0.38915,0.8993), (0.41137,0.7997,0.43733), (-0.88936,0.45721,0.00051774), 1.7243, 2.617, 3.7613, (gDx*22,gDy*3,gDz*0)),rgb(0,1,0.0625));
		draw(
			ellipsoid( (-0.32539,-0.20415,0.92328), (0.4663,0.81479,0.3445), (-0.82261,0.54262,-0.16993), 1.902, 2.6347, 3.7609, (gDx*23,gDy*3,gDz*0)),rgb(0.125,1,0));
		draw(
			ellipsoid( (-0.42267,0.0092038,0.90624), (-0.5918,-0.76012,-0.2683), (0.68638,-0.64971,0.32673), 1.937, 2.6686, 3.9879, (gDx*24,gDy*3,gDz*0)),rgb(0.03125,1,0));
		draw(
			ellipsoid( (0.23106,-0.20949,0.95012), (-0.69685,-0.71712,0.011356), (0.67897,-0.66472,-0.31168), 0.9074, 1.4394, 3.5571, (gDx*0,gDy*4,gDz*0)),rgb(0,1,0.90625));
		draw(
			ellipsoid( (0.22214,-0.43763,0.87128), (0.84208,0.53657,0.054811), (-0.49149,0.72151,0.48771), 0.92849, 1.4294, 2.9547, (gDx*1,gDy*4,gDz*0)),rgb(0,1,0.71875));
		draw(
			ellipsoid( (-0.28081,0.61776,-0.73452), (0.95633,0.24474,-0.15978), (-0.081054,0.74731,0.65951), 0.90247, 1.5153, 2.8596, (gDx*2,gDy*4,gDz*0)),rgb(0,1,0.625));
		draw(
			ellipsoid( (-0.24159,0.7433,-0.62381), (0.93753,0.01293,-0.34767), (0.25036,0.66884,0.69998), 1.0028, 1.4783, 3.2094, (gDx*3,gDy*4,gDz*0)),rgb(0,1,0.71875));
		draw(
			ellipsoid( (-0.29452,0.78406,-0.54636), (0.8939,0.023858,-0.44763), (0.33793,0.62023,0.7079), 1.0586, 1.5919, 3.2029, (gDx*4,gDy*4,gDz*0)),rgb(0,1,0.625));
		draw(
			ellipsoid( (-0.38607,0.78677,-0.4816), (-0.82846,-0.066099,0.55614), (0.40572,0.61369,0.67733), 1.1234, 1.7031, 3.1203, (gDx*5,gDy*4,gDz*0)),rgb(0,1,0.53125));
		draw(
			ellipsoid( (-0.51603,0.65806,-0.54833), (-0.78475,-0.10661,0.61058), (0.34334,0.74538,0.57143), 1.1639, 1.7189, 2.8707, (gDx*6,gDy*4,gDz*0)),rgb(0,1,0.34375));
		draw(
			ellipsoid( (-0.63847,0.38975,-0.66367), (0.75314,0.13875,-0.64306), (-0.15855,-0.91041,-0.38213), 1.2152, 1.6956, 2.6853, (gDx*7,gDy*4,gDz*0)),rgb(0,1,0.15625));
		draw(
			ellipsoid( (-0.73654,0.12573,-0.6646), (0.67637,0.14545,-0.72206), (0.0058764,-0.98134,-0.19217), 1.1712, 1.7313, 2.6046, (gDx*8,gDy*4,gDz*0)),rgb(0,1,0.15625));
		draw(
			ellipsoid( (-0.71156,-0.034251,-0.70179), (0.69534,0.10909,-0.71035), (0.10089,-0.99344,-0.053811), 1.1993, 1.8662, 2.4015, (gDx*9,gDy*4,gDz*0)),rgb(0.03125,1,0));
		draw(
			ellipsoid( (-0.54223,-0.62222,-0.56465), (-0.17477,-0.57379,0.80013), (-0.82186,0.53254,0.20238), 1.3807, 1.8038, 2.4674, (gDx*10,gDy*4,gDz*0)),rgb(0.3125,1,0));
		draw(
			ellipsoid( (0.38773,0.89664,0.21379), (-0.01176,-0.22711,0.9738), (-0.9217,0.38009,0.077512), 1.2306, 1.8172, 3.2481, (gDx*11,gDy*4,gDz*0)),rgb(0,1,0.4375));
		draw(
			ellipsoid( (0.29002,0.95095,-0.1076), (0.032074,0.10271,0.99419), (-0.95648,0.29179,0.00071357), 1.1662, 1.8463, 4.0528, (gDx*12,gDy*4,gDz*0)),rgb(0,1,0.8125));
		draw(
			ellipsoid( (0.18223,0.96129,-0.20669), (0.040518,0.20269,0.9784), (-0.98242,0.18667,0.0020143), 1.228, 1.9702, 4.1336, (gDx*13,gDy*4,gDz*0)),rgb(0,1,0.71875));
		draw(
			ellipsoid( (0.06073,0.97542,-0.21181), (0.077984,0.20692,0.97525), (-0.9951,0.075745,0.063501), 1.2403, 2.0452, 3.9376, (gDx*14,gDy*4,gDz*0)),rgb(0,1,0.625));
		draw(
			ellipsoid( (-0.052554,0.98605,-0.15795), (-0.1947,-0.16526,-0.96684), (-0.97945,-0.020057,0.20067), 1.1232, 2.1167, 3.8368, (gDx*15,gDy*4,gDz*0)),rgb(0,1,0.71875));
		draw(
			ellipsoid( (-0.12716,0.97985,-0.154), (-0.31989,-0.18748,-0.92872), (-0.93888,-0.068836,0.33728), 1.0111, 2.1399, 3.96, (gDx*16,gDy*4,gDz*0)),rgb(0,1,0.90625));
		draw(
			ellipsoid( (-0.15169,0.94036,-0.3045), (-0.31863,-0.33814,-0.88551), (-0.93566,-0.0373,0.35092), 1.1318, 2.0943, 4.0562, (gDx*17,gDy*4,gDz*0)),rgb(0,1,0.8125));
		draw(
			ellipsoid( (0.13218,-0.82649,0.54721), (0.31099,0.55876,0.76881), (-0.94118,0.068554,0.33089), 1.272, 2.2003, 4.0615, (gDx*18,gDy*4,gDz*0)),rgb(0,1,0.625));
		draw(
			ellipsoid( (0.076225,-0.66931,0.73906), (0.40079,0.69927,0.59194), (-0.91299,0.25109,0.32156), 1.3025, 2.4829, 4.1434, (gDx*19,gDy*4,gDz*0)),rgb(0,1,0.625));
		draw(
			ellipsoid( (0.0022278,-0.61538,0.78823), (0.50418,0.6814,0.53056), (-0.8636,0.39622,0.31178), 1.4295, 2.6388, 4.0131, (gDx*20,gDy*4,gDz*0)),rgb(0,1,0.53125));
		draw(
			ellipsoid( (-0.058235,-0.54097,0.83902), (0.5503,0.68383,0.4791), (-0.83293,0.48961,0.25787), 1.5954, 2.7016, 3.8545, (gDx*21,gDy*4,gDz*0)),rgb(0,1,0.25));
		draw(
			ellipsoid( (-0.11109,-0.39661,0.91124), (0.578,0.72011,0.38388), (-0.80844,0.56934,0.14924), 1.793, 2.7431, 3.7448, (gDx*22,gDy*4,gDz*0)),rgb(0,1,0.0625));
		draw(
			ellipsoid( (-0.16726,-0.17474,0.9703), (0.6436,0.72619,0.24173), (-0.74686,0.66492,-0.0090012), 1.915, 2.7738, 3.8176, (gDx*23,gDy*4,gDz*0)),rgb(0.03125,1,0));
		draw(
			ellipsoid( (-0.21457,0.027611,0.97632), (-0.74945,-0.64566,-0.14645), (0.62632,-0.76313,0.15923), 1.9114, 2.8256, 4.1321, (gDx*24,gDy*4,gDz*0)),rgb(0,1,0.0625));
		draw(
			ellipsoid( (0.058205,-0.18536,0.98095), (0.86637,0.49759,0.042619), (-0.49601,0.84738,0.18955), 0.84859, 1.5289, 3.748, (gDx*0,gDy*5,gDz*0)),rgb(0,1,1));
		draw(
			ellipsoid( (0.13573,-0.32342,0.93647), (-0.94653,-0.32156,0.026131), (0.29268,-0.88994,-0.34977), 0.89341, 1.5652, 3.073, (gDx*1,gDy*5,gDz*0)),rgb(0,1,0.71875));
		draw(
			ellipsoid( (0.25553,-0.49217,0.83215), (-0.96618,-0.09912,0.23807), (-0.034688,-0.86484,-0.50085), 0.85499, 1.5353, 3.0318, (gDx*2,gDy*5,gDz*0)),rgb(0,1,0.8125));
		draw(
			ellipsoid( (-0.21708,0.63623,-0.74033), (0.92611,-0.1055,-0.36221), (0.30855,0.76425,0.56631), 0.92229, 1.5308, 3.1643, (gDx*3,gDy*5,gDz*0)),rgb(0,1,0.71875));
		draw(
			ellipsoid( (-0.24384,0.76698,-0.59353), (0.85811,-0.11452,-0.50053), (0.45187,0.63137,0.63023), 1.0357, 1.6175, 3.1577, (gDx*4,gDy*5,gDz*0)),rgb(0,1,0.625));
		draw(
			ellipsoid( (-0.24474,0.87014,-0.42775), (-0.78994,0.076879,0.60835), (0.56223,0.48678,0.66854), 1.0745, 1.742, 3.1586, (gDx*5,gDy*5,gDz*0)),rgb(0,1,0.53125));
		draw(
			ellipsoid( (-0.22931,0.8556,-0.46406), (-0.78895,0.11585,0.60344), (0.57007,0.5045,0.64846), 1.1337, 1.7895, 2.8635, (gDx*6,gDy*5,gDz*0)),rgb(0,1,0.34375));
		draw(
			ellipsoid( (-0.33066,0.7883,-0.5189), (-0.76887,0.093822,0.63249), (0.54727,0.6081,0.57507), 1.2177, 1.775, 2.547, (gDx*7,gDy*5,gDz*0)),rgb(0,1,0.0625));
		draw(
			ellipsoid( (-0.49651,0.66136,-0.56222), (0.71294,-0.058783,-0.69876), (-0.49518,-0.74776,-0.44232), 1.2449, 1.7613, 2.3856, (gDx*8,gDy*5,gDz*0)),rgb(0.125,1,0));
		draw(
			ellipsoid( (-0.69933,0.48309,-0.52684), (0.57113,-0.065579,-0.81824), (-0.42984,-0.87311,-0.23005), 1.2167, 1.8021, 2.4753, (gDx*9,gDy*5,gDz*0)),rgb(0.03125,1,0));
		draw(
			ellipsoid( (0.58102,-0.22806,0.78128), (-0.74756,-0.52911,0.40149), (0.32182,-0.81733,-0.47791), 1.575, 2.0115, 2.1074, (gDx*10,gDy*5,gDz*0)),rgb(0.96875,1,0));
		draw(
			ellipsoid( (0.5609,0.72574,0.39836), (0.059019,0.4449,-0.89363), (-0.82577,0.52475,0.20672), 1.5689, 1.7937, 2.7323, (gDx*11,gDy*5,gDz*0)),rgb(0.3125,1,0));
		draw(
			ellipsoid( (0.47708,0.8606,-0.17821), (0.14892,0.12068,0.98146), (-0.86615,0.49478,0.070583), 1.3697, 1.9815, 3.7435, (gDx*12,gDy*5,gDz*0)),rgb(0,1,0.4375));
		draw(
			ellipsoid( (0.42522,0.85418,-0.29929), (0.18453,0.24191,0.95259), (-0.88608,0.46029,0.054759), 1.2582, 2.2585, 4.107, (gDx*13,gDy*5,gDz*0)),rgb(0,1,0.71875));
		draw(
			ellipsoid( (0.33036,0.88529,-0.32729), (0.21934,0.26525,0.9389), (-0.91801,0.38196,0.10655), 1.2368, 2.3737, 3.9389, (gDx*14,gDy*5,gDz*0)),rgb(0,1,0.625));
		draw(
			ellipsoid( (-0.16258,-0.95469,0.24928), (0.28458,0.19653,0.93829), (-0.94476,0.22349,0.23973), 1.0714, 2.3142, 3.6754, (gDx*15,gDy*5,gDz*0)),rgb(0,1,0.8125));
		draw(
			ellipsoid( (0.022692,0.9827,-0.18382), (-0.37134,-0.16242,-0.91418), (-0.92822,0.089004,0.36123), 0.80165, 2.2139, 3.8424, (gDx*16,gDy*5,gDz*0)),rgb(0,0.90625,1));
		draw(
			ellipsoid( (-0.051546,0.95226,-0.30089), (-0.36014,-0.29875,-0.88377), (-0.93147,0.06281,0.35835), 1.1174, 2.0903, 3.8756, (gDx*17,gDy*5,gDz*0)),rgb(0,1,0.71875));
		draw(
			ellipsoid( (0.0625,-0.87685,0.47668), (0.38764,0.46145,0.798), (-0.91969,0.13491,0.36875), 1.3339, 2.2131, 3.9176, (gDx*18,gDy*5,gDz*0)),rgb(0,1,0.53125));
		draw(
			ellipsoid( (0.048917,-0.76911,0.63724), (0.47961,0.57772,0.66046), (-0.87612,0.27332,0.39713), 1.479, 2.4376, 3.9805, (gDx*19,gDy*5,gDz*0)),rgb(0,1,0.4375));
		draw(
			ellipsoid( (0.010495,-0.70446,0.70967), (0.59535,0.57461,0.56159), (-0.8034,0.41661,0.42543), 1.6278, 2.6484, 3.9707, (gDx*20,gDy*5,gDz*0)),rgb(0,1,0.25));
		draw(
			ellipsoid( (-0.049263,-0.59422,0.80279), (0.64319,0.59605,0.48066), (-0.76412,0.54003,0.35283), 1.7212, 2.7281, 3.7855, (gDx*21,gDy*5,gDz*0)),rgb(0,1,0.15625));
		draw(
			ellipsoid( (-0.11003,-0.45072,0.88586), (0.68391,0.6124,0.39653), (-0.72122,0.64948,0.24087), 1.8243, 2.7924, 3.6737, (gDx*22,gDy*5,gDz*0)),rgb(0.03125,1,0));
		draw(
			ellipsoid( (-0.1689,-0.27233,0.94726), (0.7418,0.59771,0.3041), (-0.649,0.75404,0.10106), 1.8801, 2.8779, 3.7257, (gDx*23,gDy*5,gDz*0)),rgb(0.03125,1,0));
		draw(
			ellipsoid( (-0.2296,-0.11732,0.96619), (0.81653,0.51704,0.25682), (-0.52969,0.84788,-0.022917), 1.8445, 2.9646, 3.9712, (gDx*24,gDy*5,gDz*0)),rgb(0,1,0.0625));
		draw(
			ellipsoid( (-0.031197,-0.11897,0.99241), (0.99446,0.096046,0.042776), (-0.10041,0.98824,0.11532), 0.91752, 1.571, 3.1592, (gDx*0,gDy*6,gDz*0)),rgb(0,1,0.71875));
		draw(
			ellipsoid( (0.046303,-0.23421,0.97108), (-0.99742,0.042534,0.057818), (-0.054846,-0.97126,-0.23164), 0.91796, 1.5491, 3.0514, (gDx*1,gDy*6,gDz*0)),rgb(0,1,0.71875));
		draw(
			ellipsoid( (0.13917,-0.38914,0.91061), (-0.96819,0.13962,0.20764), (-0.20794,-0.91054,-0.35733), 0.92642, 1.5591, 3.0632, (gDx*2,gDy*6,gDz*0)),rgb(0,1,0.71875));
		draw(
			ellipsoid( (0.16881,-0.55364,0.81547), (-0.89887,0.25298,0.35783), (-0.40441,-0.7934,-0.45494), 0.91977, 1.615, 3.1956, (gDx*3,gDy*6,gDz*0)),rgb(0,1,0.8125));
		draw(
			ellipsoid( (-0.19263,0.72137,-0.66522), (0.82274,-0.25073,-0.51013), (0.53478,0.64557,0.5452), 1.0217, 1.6624, 3.1559, (gDx*4,gDy*6,gDz*0)),rgb(0,1,0.625));
		draw(
			ellipsoid( (-0.159,0.87099,-0.46486), (-0.7641,0.18961,0.6166), (0.6252,0.45324,0.63538), 1.0701, 1.753, 3.0277, (gDx*5,gDy*6,gDz*0)),rgb(0,1,0.53125));
		draw(
			ellipsoid( (-0.074639,0.9317,-0.35548), (-0.71097,0.20025,0.67411), (0.69925,0.30305,0.64747), 1.025, 1.8881, 2.9647, (gDx*6,gDy*6,gDz*0)),rgb(0,1,0.53125));
		draw(
			ellipsoid( (-0.077707,0.92766,-0.36526), (-0.63257,0.2373,0.73725), (0.77059,0.28834,0.56837), 1.0473, 1.9549, 2.8602, (gDx*7,gDy*6,gDz*0)),rgb(0,1,0.4375));
		draw(
			ellipsoid( (0.20319,-0.88125,0.42676), (-0.52792,0.26847,0.80574), (0.82463,0.38901,0.41068), 1.0741, 1.8916, 2.6917, (gDx*8,gDy*6,gDz*0)),rgb(0,1,0.34375));
		draw(
			ellipsoid( (-0.42489,0.79089,-0.44041), (-0.44098,0.24405,0.8637), (-0.79058,-0.56118,-0.24507), 1.1298, 1.8674, 2.7265, (gDx*9,gDy*6,gDz*0)),rgb(0,1,0.25));
		draw(
			ellipsoid( (-0.524,0.7327,-0.43426), (-0.37325,0.26075,0.89033), (-0.76558,-0.62862,-0.13684), 1.2683, 1.923, 2.6376, (gDx*10,gDy*6,gDz*0)),rgb(0,1,0.0625));
		draw(
			ellipsoid( (-0.63301,0.63754,-0.43913), (-0.3742,0.24459,0.89451), (-0.67769,-0.73056,-0.083744), 1.4986, 1.979, 2.4395, (gDx*11,gDy*6,gDz*0)),rgb(0.5,1,0));
		draw(
			ellipsoid( (-0.837,-0.31278,0.449), (0.54416,-0.38928,0.74321), (-0.057676,0.86639,0.49603), 1.875, 1.9955, 2.3724, (gDx*12,gDy*6,gDz*0)),rgb(1,0.84375,0));
		draw(
			ellipsoid( (0.79276,0.51769,-0.32177), (0.37182,0.007591,0.92827), (-0.483,0.85554,0.18647), 1.5319, 2.3031, 3.0712, (gDx*13,gDy*6,gDz*0)),rgb(0.03125,1,0));
		draw(
			ellipsoid( (-0.57607,-0.68033,0.4531), (0.43935,0.20973,0.87349), (0.68929,-0.70226,-0.17808), 1.3754, 2.5621, 3.3241, (gDx*14,gDy*6,gDz*0)),rgb(0,1,0.34375));
		draw(
			ellipsoid( (-0.38291,-0.80795,0.44788), (0.40254,0.29046,0.8681), (0.83147,-0.51269,-0.21401), 1.3405, 2.5228, 3.2007, (gDx*15,gDy*6,gDz*0)),rgb(0,1,0.25));
		draw(
			ellipsoid( (0.19946,0.88429,-0.42219), (0.38868,0.32411,0.86248), (-0.89952,0.33613,0.27906), 1.2597, 2.4322, 3.3078, (gDx*16,gDy*6,gDz*0)),rgb(0,1,0.4375));
		draw(
			ellipsoid( (-0.11583,-0.89931,0.4217), (-0.45469,-0.32945,-0.82748), (-0.88309,0.28759,0.37074), 1.4073, 2.281, 3.4105, (gDx*17,gDy*6,gDz*0)),rgb(0,1,0.25));
		draw(
			ellipsoid( (-0.049452,-0.90154,0.42987), (0.48524,0.3545,0.7993), (-0.87298,0.24811,0.41993), 1.5145, 2.3039, 3.6439, (gDx*18,gDy*6,gDz*0)),rgb(0,1,0.25));
		draw(
			ellipsoid( (-0.032227,-0.87816,0.47729), (0.57634,0.37382,0.7267), (-0.81658,0.2985,0.49407), 1.5954, 2.4237, 3.8125, (gDx*19,gDy*6,gDz*0)),rgb(0,1,0.25));
		draw(
			ellipsoid( (-0.053852,-0.80297,0.59358), (0.65066,0.4227,0.63085), (-0.75746,0.42019,0.4997), 1.7406, 2.5955, 3.8209, (gDx*20,gDy*6,gDz*0)),rgb(0,1,0.15625));
		draw(
			ellipsoid( (-0.093802,-0.68164,0.72565), (0.73053,0.44807,0.51532), (-0.6764,0.57845,0.45593), 1.8239, 2.7146, 3.6892, (gDx*21,gDy*6,gDz*0)),rgb(0.03125,1,0));
		draw(
			ellipsoid( (-0.14308,-0.5191,0.84265), (0.7971,0.44424,0.40901), (-0.58666,0.7302,0.35021), 1.8597, 2.8086, 3.6053, (gDx*22,gDy*6,gDz*0)),rgb(0.125,1,0));
		draw(
			ellipsoid( (-0.18257,-0.3544,0.9171), (0.86333,0.38855,0.32202), (-0.47046,0.85055,0.23503), 1.8548, 2.9276, 3.6756, (gDx*23,gDy*6,gDz*0)),rgb(0.03125,1,0));
		draw(
			ellipsoid( (-0.22856,-0.22088,0.94814), (0.91839,0.27421,0.28527), (-0.323,0.93596,0.14018), 1.7765, 3.0337, 3.926, (gDx*24,gDy*6,gDz*0)),rgb(0,1,0.15625));
		draw(
			ellipsoid( (0.062013,0.038685,0.99733), (0.90112,-0.43179,-0.039282), (0.42912,0.90114,-0.061637), 0.86838, 1.5185, 2.9505, (gDx*0,gDy*7,gDz*0)),rgb(0,1,0.71875));
		draw(
			ellipsoid( (0.09081,-0.1169,0.98898), (-0.88702,0.44195,0.13369), (-0.45271,-0.88939,-0.063559), 0.94496, 1.5844, 2.9116, (gDx*1,gDy*7,gDz*0)),rgb(0,1,0.625));
		draw(
			ellipsoid( (0.11975,-0.2992,0.94665), (-0.87211,0.42395,0.24431), (-0.47443,-0.85484,-0.21017), 0.99297, 1.6578, 3.006, (gDx*2,gDy*7,gDz*0)),rgb(0,1,0.625));
		draw(
			ellipsoid( (0.15876,-0.49461,0.85449), (-0.83728,0.39121,0.382), (-0.52322,-0.77609,-0.35202), 1.0172, 1.687, 3.1878, (gDx*3,gDy*7,gDz*0)),rgb(0,1,0.625));
		draw(
			ellipsoid( (-0.16661,0.66419,-0.72876), (0.78597,-0.35683,-0.5049), (-0.5954,-0.65691,-0.46258), 1.0411, 1.7481, 3.1474, (gDx*4,gDy*7,gDz*0)),rgb(0,1,0.625));
		draw(
			ellipsoid( (-0.10874,0.81768,-0.56531), (-0.6967,0.34295,0.63007), (0.70907,0.46237,0.53238), 1.0829, 1.8343, 2.89, (gDx*5,gDy*7,gDz*0)),rgb(0,1,0.4375));
		draw(
			ellipsoid( (-0.031208,0.92861,-0.36973), (-0.63526,0.26716,0.72462), (0.77167,0.25749,0.58157), 1.0023, 1.9445, 2.9078, (gDx*6,gDy*7,gDz*0)),rgb(0,1,0.53125));
		draw(
			ellipsoid( (0.014573,0.94902,-0.31487), (-0.60075,0.26004,0.75596), (0.7993,0.17814,0.57392), 1.0126, 2.003, 2.8352, (gDx*7,gDy*7,gDz*0)),rgb(0,1,0.53125));
		draw(
			ellipsoid( (-0.022415,0.9467,-0.32134), (0.41851,-0.28302,-0.86299), (-0.90794,-0.15383,-0.38986), 1.0374, 1.9376, 2.6969, (gDx*8,gDy*7,gDz*0)),rgb(0,1,0.4375));
		draw(
			ellipsoid( (-0.19182,0.90354,-0.38317), (-0.30372,0.3166,0.89862), (-0.93325,-0.28875,-0.2137), 1.1009, 1.8164, 2.7019, (gDx*9,gDy*7,gDz*0)),rgb(0,1,0.25));
		draw(
			ellipsoid( (-0.39861,0.8447,-0.3572), (-0.26545,0.26655,0.92655), (-0.87787,-0.46415,-0.11797), 1.1322, 1.7436, 2.7174, (gDx*10,gDy*7,gDz*0)),rgb(0,1,0.25));
		draw(
			ellipsoid( (-0.59491,0.78467,-0.17426), (-0.16144,0.095741,0.98223), (-0.78741,-0.61247,-0.06972), 1.0776, 1.8396, 2.7477, (gDx*11,gDy*7,gDz*0)),rgb(0,1,0.34375));
		draw(
			ellipsoid( (0.71437,-0.69385,0.090786), (0.16197,0.037738,-0.98607), (0.68076,0.71913,0.13934), 1.1404, 2.1023, 2.8226, (gDx*12,gDy*7,gDz*0)),rgb(0,1,0.34375));
		draw(
			ellipsoid( (0.85907,-0.51147,0.020001), (0.20325,0.30499,-0.93041), (0.46978,0.80335,0.36596), 1.3346, 2.2892, 2.8406, (gDx*13,gDy*7,gDz*0)),rgb(0,1,0.0625));
		draw(
			ellipsoid( (0.95855,0.027111,-0.28362), (-0.26493,0.45111,-0.85224), (0.10484,0.89206,0.43959), 1.3469, 2.3481, 2.9754, (gDx*14,gDy*7,gDz*0)),rgb(0,1,0.15625));
		draw(
			ellipsoid( (0.68311,0.41848,-0.59852), (0.7139,-0.20989,0.66805), (-0.15395,0.88364,0.44213), 1.546, 2.5426, 2.9595, (gDx*15,gDy*7,gDz*0)),rgb(0.125,1,0));
		draw(
			ellipsoid( (-0.50402,-0.61176,0.60968), (0.66113,0.18095,0.72812), (0.55576,-0.77007,-0.31325), 1.6276, 2.6258, 3.2835, (gDx*16,gDy*7,gDz*0)),rgb(0.03125,1,0));
		draw(
			ellipsoid( (-0.40512,-0.7483,0.52528), (0.63303,0.18497,0.75171), (-0.65966,0.63705,0.39876), 1.7479, 2.454, 3.2886, (gDx*17,gDy*7,gDz*0)),rgb(0.21875,1,0));
		draw(
			ellipsoid( (-0.24722,-0.89357,0.37473), (0.58827,0.16889,0.79083), (-0.76995,0.41595,0.4839), 1.6966, 2.4317, 3.3971, (gDx*18,gDy*7,gDz*0)),rgb(0.03125,1,0));
		draw(
			ellipsoid( (-0.19365,-0.91671,0.34949), (0.64836,0.14777,0.74686), (-0.73629,0.37122,0.56574), 1.7064, 2.5557, 3.5213, (gDx*19,gDy*7,gDz*0)),rgb(0.03125,1,0));
		draw(
			ellipsoid( (-0.19305,-0.86476,0.46359), (0.75,0.17458,0.63798), (-0.63263,0.47086,0.61487), 1.7914, 2.685, 3.5434, (gDx*20,gDy*7,gDz*0)),rgb(0.03125,1,0));
		draw(
			ellipsoid( (-0.23954,-0.76957,0.59193), (0.81929,0.16692,0.54855), (-0.52095,0.61636,0.59051), 1.8805, 2.7759, 3.561, (gDx*21,gDy*7,gDz*0)),rgb(0.125,1,0));
		draw(
			ellipsoid( (-0.27608,-0.64276,0.71459), (0.84332,0.19466,0.50092), (-0.46108,0.74092,0.48831), 1.9513, 2.8339, 3.5234, (gDx*22,gDy*7,gDz*0)),rgb(0.21875,1,0));
		draw(
			ellipsoid( (-0.29078,-0.48568,0.82436), (0.88049,0.20133,0.42919), (-0.37441,0.85064,0.36909), 1.9648, 2.9158, 3.5722, (gDx*23,gDy*7,gDz*0)),rgb(0.21875,1,0));
		draw(
			ellipsoid( (-0.30481,-0.34019,0.88959), (0.9173,0.14642,0.3703), (-0.25622,0.92889,0.26742), 1.9086, 3.0041, 3.7665, (gDx*24,gDy*7,gDz*0)),rgb(0.03125,1,0));
		draw(
			ellipsoid( (0.030799,0.30437,0.95206), (-0.79895,0.57985,-0.15953), (-0.60061,-0.75573,0.26103), 0.89739, 1.2497, 3.3014, (gDx*0,gDy*8,gDz*0)),rgb(0,1,0.90625));
		draw(
			ellipsoid( (0.082153,0.077745,0.99358), (-0.74805,0.66357,0.0099285), (-0.65854,-0.74406,0.11267), 0.98472, 1.4627, 3.2068, (gDx*1,gDy*8,gDz*0)),rgb(0,1,0.71875));
		draw(
			ellipsoid( (0.069236,-0.13647,0.98822), (-0.72864,0.66969,0.14353), (-0.68139,-0.72999,-0.053068), 1.0207, 1.7194, 3.285, (gDx*2,gDy*8,gDz*0)),rgb(0,1,0.71875));
		draw(
			ellipsoid( (0.1182,-0.37771,0.91835), (-0.73582,0.5877,0.33642), (-0.66678,-0.7155,-0.20846), 1.0936, 1.7765, 3.2098, (gDx*3,gDy*8,gDz*0)),rgb(0,1,0.53125));
		draw(
			ellipsoid( (0.1414,-0.573,0.80727), (-0.71316,0.50661,0.48451), (-0.68659,-0.64422,-0.337), 1.1044, 1.8973, 3.1198, (gDx*4,gDy*8,gDz*0)),rgb(0,1,0.53125));
		draw(
			ellipsoid( (-0.082047,0.73734,-0.67052), (0.6129,-0.4932,-0.61734), (-0.78589,-0.46161,-0.41145), 1.1244, 1.9315, 2.8558, (gDx*5,gDy*8,gDz*0)),rgb(0,1,0.34375));
		draw(
			ellipsoid( (-0.0012219,-0.88617,0.46336), (-0.56175,0.38395,0.73282), (-0.82731,-0.2594,-0.49828), 1.0475, 1.9886, 2.8106, (gDx*6,gDy*8,gDz*0)),rgb(0,1,0.4375));
		draw(
			ellipsoid( (-0.085804,-0.93519,0.34359), (-0.56488,0.32974,0.75643), (-0.8207,-0.12918,-0.55657), 1.0381, 2.0195, 2.7328, (gDx*7,gDy*8,gDz*0)),rgb(0,1,0.4375));
		draw(
			ellipsoid( (0.1227,0.9538,-0.27424), (0.46195,-0.29946,-0.83482), (-0.87838,-0.024255,-0.47736), 1.0841, 2.002, 2.581, (gDx*8,gDy*8,gDz*0)),rgb(0,1,0.25));
		draw(
			ellipsoid( (0.057781,0.97264,-0.22503), (-0.24321,0.23233,0.94174), (-0.96825,-0.00031323,-0.24998), 1.1969, 1.9627, 2.4173, (gDx*9,gDy*8,gDz*0)),rgb(0.03125,1,0));
		draw(
			ellipsoid( (-0.10383,0.97973,-0.1713), (-0.085948,0.16275,0.98292), (-0.99087,-0.11678,-0.067308), 1.2519, 1.9219, 2.4019, (gDx*10,gDy*8,gDz*0)),rgb(0.125,1,0));
		draw(
			ellipsoid( (-0.28658,0.95359,-0.092351), (-0.036801,0.085366,0.99567), (-0.95735,-0.28874,-0.010629), 1.2189, 1.9851, 2.4938, (gDx*11,gDy*8,gDz*0)),rgb(0.03125,1,0));
		draw(
			ellipsoid( (-0.41419,0.90993,-0.021765), (-0.0023594,0.022839,0.99974), (-0.91019,-0.41413,0.0073128), 1.1852, 2.1187, 2.7543, (gDx*12,gDy*8,gDz*0)),rgb(0,1,0.25));
		draw(
			ellipsoid( (-0.49999,0.86556,0.028564), (0.012486,-0.025774,0.99959), (-0.86594,-0.50015,-0.0020791), 1.1809, 2.2545, 3.0397, (gDx*13,gDy*8,gDz*0)),rgb(0,1,0.4375));
		draw(
			ellipsoid( (0.58958,-0.80028,-0.1093), (0.10649,0.21116,-0.97163), (0.80066,0.56122,0.20972), 1.4194, 2.327, 3.0839, (gDx*14,gDy*8,gDz*0)),rgb(0,1,0.0625));
		draw(
			ellipsoid( (-0.74274,0.53987,0.39608), (0.01062,-0.58196,0.81315), (0.6695,0.60816,0.42651), 1.8143, 2.3588, 3.1182, (gDx*15,gDy*8,gDz*0)),rgb(0.40625,1,0));
		draw(
			ellipsoid( (-0.67405,-0.12441,0.72813), (0.70858,-0.38743,0.58976), (0.20873,0.91347,0.3493), 1.9523, 2.541, 3.1145, (gDx*16,gDy*8,gDz*0)),rgb(0.5,1,0));
		draw(
			ellipsoid( (-0.65201,-0.33231,0.68151), (0.74871,-0.14031,0.64788), (-0.11968,0.93267,0.34029), 1.9559, 2.4402, 3.1698, (gDx*17,gDy*8,gDz*0)),rgb(0.5,1,0));
		draw(
			ellipsoid( (0.61652,0.57905,-0.53348), (0.76472,-0.27917,0.58075), (-0.18735,0.76601,0.61492), 1.9993, 2.5259, 3.0131, (gDx*18,gDy*8,gDz*0)),rgb(0.6875,1,0));
		draw(
			ellipsoid( (0.46104,0.7895,-0.40513), (0.8583,-0.28081,0.4295), (-0.22533,0.54574,0.80709), 1.9357, 2.6641, 3.1492, (gDx*19,gDy*8,gDz*0)),rgb(0.5,1,0));
		draw(
			ellipsoid( (0.39417,0.81819,-0.41857), (0.87603,-0.1968,0.44027), (-0.27785,0.54022,0.79433), 1.8669, 2.7648, 3.3843, (gDx*20,gDy*8,gDz*0)),rgb(0.21875,1,0));
		draw(
			ellipsoid( (-0.39069,-0.78936,0.47357), (0.88627,-0.18351,0.42527), (0.24879,-0.58586,-0.77128), 1.8902, 2.8532, 3.5201, (gDx*21,gDy*8,gDz*0)),rgb(0.21875,1,0));
		draw(
			ellipsoid( (-0.42907,-0.71285,0.55475), (0.87572,-0.17776,0.44891), (0.22139,-0.67842,-0.70052), 1.9747, 2.8898, 3.5205, (gDx*22,gDy*8,gDz*0)),rgb(0.3125,1,0));
		draw(
			ellipsoid( (-0.43735,-0.59768,0.67194), (0.87336,-0.10413,0.47582), (-0.21442,0.79495,0.56752), 2.0197, 2.9275, 3.536, (gDx*23,gDy*8,gDz*0)),rgb(0.3125,1,0));
		draw(
			ellipsoid( (-0.42561,-0.47113,0.77258), (0.88648,-0.045664,0.46051), (-0.18168,0.88088,0.43709), 1.9995, 2.964, 3.6634, (gDx*24,gDy*8,gDz*0)),rgb(0.21875,1,0));
		draw(
			ellipsoid( (0.37454,0.27606,0.88516), (0.69686,-0.71355,-0.072325), (-0.61164,-0.64392,0.45963), 0.91152, 1.2326, 3.2629, (gDx*0,gDy*9,gDz*0)),rgb(0,1,0.90625));
		draw(
			ellipsoid( (0.18529,0.17351,0.96725), (-0.67017,0.74219,-0.0047597), (-0.71871,-0.64734,0.2538), 1.0253, 1.4924, 3.169, (gDx*1,gDy*9,gDz*0)),rgb(0,1,0.625));
		draw(
			ellipsoid( (0.052678,-0.00096106,0.99861), (0.59588,-0.80243,-0.032205), (0.80135,0.59674,-0.041698), 0.99406, 1.7878, 3.6199, (gDx*2,gDy*9,gDz*0)),rgb(0,1,0.8125));
		draw(
			ellipsoid( (0.10216,-0.23371,0.96692), (-0.56691,0.78504,0.24965), (-0.81742,-0.57367,-0.052291), 1.1018, 1.873, 3.3523, (gDx*3,gDy*9,gDz*0)),rgb(0,1,0.625));
		draw(
			ellipsoid( (0.12483,-0.45941,0.87941), (-0.59967,0.6712,0.43576), (-0.79045,-0.58175,-0.19171), 1.1371, 2.0449, 3.181, (gDx*4,gDy*9,gDz*0)),rgb(0,1,0.53125));
		draw(
