	import three;
	import settings;

	surface ellipsoid(triple v1,triple v2,triple v3,real l1,real l2, real l3, triple pos=O) {
		transform3 T = identity(4);
		T[0][0] = l1*v1.x;
		T[1][0] = l1*v1.y;
		T[2][0] = l1*v1.z;
		T[0][1] = l2*v2.x;
		T[1][1] = l2*v2.y;
		T[2][1] = l2*v2.z;
		T[0][2] = l3*v3.x;
		T[1][2] = l3*v3.y;
		T[2][2] = l3*v3.z;
		T[0][3] = pos.x;
		T[1][3] = pos.y;
		T[2][3] = pos.z;
		return T*unitsphere;
	}

	size(200);

	real gDx=4;
	real gDy=4;
	real gDz=4;

	currentprojection=perspective( camera=(gDx*12,gDy*12,25),up=Y, target=(gDx*12,gDy*12,gDz*-0.5));
		draw(
			ellipsoid( (0.032796,-0.079388,-0.9963), (0.98359,0.17952,0.018073), (-0.17743,0.98055,-0.083973), 3.7048, 1.2533, 0.96411, (gDx*0,gDy*0,gDz*0)),rgb(0,1,1));
		draw(
			ellipsoid( (0.31374,-0.14337,-0.93862), (-0.94653,0.03103,-0.32112), (-0.075165,-0.98918,0.12597), 3.1037, 1.5787, 1.0307, (gDx*1,gDy*0,gDz*0)),rgb(0,1,0.625));
		draw(
			ellipsoid( (0.70987,-0.2197,-0.66919), (-0.68964,-0.023741,-0.72376), (-0.14312,-0.97528,0.16837), 3.2629, 1.5229, 1.0572, (gDx*2,gDy*0,gDz*0)),rgb(0,1,0.625));
		draw(
			ellipsoid( (-0.86921,0.23693,0.43398), (0.35872,-0.30188,0.88328), (-0.34028,-0.92344,-0.1774), 3.4806, 1.2508, 1.1001, (gDx*3,gDy*0,gDz*0)),rgb(0,1,0.8125));
		draw(
			ellipsoid( (0.93923,-0.18122,-0.29157), (-0.32975,-0.71248,-0.61939), (0.095487,-0.67789,0.72893), 3.3689, 1.1163, 1.3177, (gDx*4,gDy*0,gDz*0)),rgb(0,1,0.71875));
		draw(
			ellipsoid( (0.98415,-0.099867,-0.14653), (-0.17597,-0.65199,-0.73752), (0.021879,-0.75162,0.65923), 3.3922, 1.0419, 1.4149, (gDx*5,gDy*0,gDz*0)),rgb(0,1,0.71875));
		draw(
			ellipsoid( (0.99915,-0.016133,-0.037925), (-0.038725,-0.68241,-0.72994), (0.014105,-0.73079,0.68246), 3.4993, 0.91577, 1.4655, (gDx*6,gDy*0,gDz*0)),rgb(0,1,0.90625));
		draw(
			ellipsoid( (0.99814,0.053645,0.029002), (0.059262,-0.7411,-0.66877), (0.014382,-0.66925,0.7429), 3.4604, 0.79676, 1.4252, (gDx*7,gDy*0,gDz*0)),rgb(0,1,1));
		draw(
			ellipsoid( (-0.99228,-0.10042,-0.072844), (-0.12406,0.80175,0.58465), (0.00030691,-0.58917,0.80801), 3.2746, 0.70066, 1.4115, (gDx*8,gDy*0,gDz*0)),rgb(0,0.90625,1));
		draw(
			ellipsoid( (0.98513,0.15023,0.083392), (0.17126,-0.81922,-0.54731), (0.013906,-0.55345,0.83276), 3.0241, 0.69279, 1.3894, (gDx*9,gDy*0,gDz*0)),rgb(0,1,1));
		draw(
			ellipsoid( (-0.90739,-0.41952,-0.025612), (-0.3694,0.76695,0.52471), (0.20048,-0.48558,0.85089), 2.6381, 1.0119, 1.6062, (gDx*10,gDy*0,gDz*0)),rgb(0,1,0.34375));
		draw(
			ellipsoid( (-0.55217,-0.83086,0.069102), (-0.80238,0.55209,0.22668), (0.22649,-0.069722,0.97151), 2.7642, 1.2343, 1.7451, (gDx*11,gDy*0,gDz*0)),rgb(0,1,0.15625));
		draw(
			ellipsoid( (0.31864,0.94772,0.01716), (0.94695,-0.31908,0.03835), (-0.041821,-0.00403,0.99912), 3.9361, 0.94193, 1.8677, (gDx*12,gDy*0,gDz*0)),rgb(0,1,1));
		draw(
			ellipsoid( (0.42925,0.90317,-0.0048948), (0.90161,-0.42817,0.061415), (-0.053372,0.030775,0.9981), 4.3518, 1.0737, 1.7603, (gDx*13,gDy*0,gDz*0)),rgb(0,1,1));
		draw(
			ellipsoid( (0.67961,0.72899,-0.081854), (0.73099,-0.66364,0.15883), (-0.061461,0.16778,0.98391), 4.1473, 1.0438, 1.9019, (gDx*14,gDy*0,gDz*0)),rgb(0,1,0.90625));
		draw(
			ellipsoid( (0.82887,0.54055,-0.14413), (0.55943,-0.79945,0.21892), (-0.0031142,0.26209,0.96504), 4.3081, 0.96884, 1.939, (gDx*15,gDy*0,gDz*0)),rgb(0,1,1));
		draw(
			ellipsoid( (0.91939,0.36637,-0.14316), (0.3921,-0.82463,0.40773), (-0.031321,0.43099,0.90181), 4.285, 1.0339, 1.8839, (gDx*16,gDy*0,gDz*0)),rgb(0,1,1));
		draw(
			ellipsoid( (0.97642,0.1707,-0.13212), (0.21569,-0.74686,0.62903), (-0.0086984,0.6427,0.76607), 4.3508, 1.0224, 1.8494, (gDx*17,gDy*0,gDz*0)),rgb(0,1,1));
		draw(
			ellipsoid( (0.99602,0.041035,-0.079133), (0.087163,-0.63425,0.7682), (0.018668,0.77204,0.63531), 4.3568, 1.0586, 1.9763, (gDx*18,gDy*0,gDz*0)),rgb(0,1,1));
		draw(
			ellipsoid( (0.99792,-0.059368,0.025309), (-0.052598,-0.52091,0.85199), (0.037397,0.85155,0.52294), 4.0793, 1.1442, 2.0962, (gDx*19,gDy*0,gDz*0)),rgb(0,1,0.8125));
		draw(
			ellipsoid( (0.97271,-0.18703,0.1373), (-0.2051,-0.41652,0.88569), (0.10846,0.88968,0.44352), 4.0103, 1.1298, 2.2245, (gDx*20,gDy*0,gDz*0)),rgb(0,1,0.8125));
		draw(
			ellipsoid( (0.94717,-0.21983,0.23353), (-0.29987,-0.34875,0.88795), (0.11375,0.91107,0.39625), 3.9933, 1.1992, 2.2347, (gDx*21,gDy*0,gDz*0)),rgb(0,1,0.71875));
		draw(
			ellipsoid( (0.91408,-0.24098,0.32618), (-0.38575,-0.2685,0.88267), (0.12512,0.93265,0.33838), 4.0366, 1.2633, 2.2283, (gDx*22,gDy*0,gDz*0)),rgb(0,1,0.625));
		draw(
			ellipsoid( (0.8314,-0.28857,0.47487), (-0.5444,-0.2517,0.80018), (0.11138,0.92378,0.36636), 3.6175, 1.6186, 2.3671, (gDx*23,gDy*0,gDz*0)),rgb(0,1,0.15625));
		draw(
			ellipsoid( (0.61425,-0.32873,0.71738), (-0.78714,-0.19108,0.58643), (0.055701,0.92489,0.37612), 3.6506, 1.8397, 2.5173, (gDx*24,gDy*0,gDz*0)),rgb(0.03125,1,0));
		draw(
			ellipsoid( (0.27871,-0.28032,-0.91855), (-0.95742,-0.0061645,-0.28862), (-0.075245,-0.95989,0.2701), 3.3725, 1.2522, 1.0427, (gDx*0,gDy*1,gDz*0)),rgb(0,1,0.8125));
		draw(
			ellipsoid( (0.24609,-0.31509,-0.9166), (-0.93576,-0.32368,-0.13997), (0.25258,-0.89216,0.3745), 3.1948, 1.2678, 1.121, (gDx*1,gDy*1,gDz*0)),rgb(0,1,0.625));
		draw(
			ellipsoid( (0.41285,-0.34362,-0.84349), (-0.89088,-0.34495,-0.29552), (0.18942,-0.87346,0.44854), 2.9606, 1.4649, 1.163, (gDx*2,gDy*1,gDz*0)),rgb(0,1,0.4375));
		draw(
			ellipsoid( (0.66057,-0.33934,-0.6697), (-0.74501,-0.40654,-0.52886), (0.092793,-0.84828,0.52135), 2.8961, 1.5059, 1.2269, (gDx*3,gDy*1,gDz*0)),rgb(0,1,0.25));
		draw(
			ellipsoid( (0.81145,-0.32693,-0.48443), (-0.58296,-0.51134,-0.63141), (0.04128,-0.79476,0.60552), 2.8512, 1.3963, 1.3477, (gDx*4,gDy*1,gDz*0)),rgb(0,1,0.25));
		draw(
			ellipsoid( (0.89927,-0.30875,-0.30981), (-0.43052,-0.49978,-0.75158), (-0.077215,-0.80926,0.58236), 2.825, 1.2579, 1.4439, (gDx*5,gDy*1,gDz*0)),rgb(0,1,0.25));
		draw(
			ellipsoid( (0.97033,-0.18479,-0.15594), (-0.24161,-0.7161,-0.65485), (-0.0093379,-0.67309,0.7395), 2.802, 1.097, 1.4641, (gDx*6,gDy*1,gDz*0)),rgb(0,1,0.34375));
		draw(
			ellipsoid( (0.99343,-0.10911,-0.034563), (-0.10778,-0.7903,-0.60316), (-0.038493,-0.60292,0.79687), 2.87, 0.90591, 1.438, (gDx*7,gDy*1,gDz*0)),rgb(0,1,0.625));
		draw(
			ellipsoid( (0.99902,-0.042405,0.012417), (-0.02582,-0.78832,-0.61473), (-0.035856,-0.6138,0.78864), 2.7548, 0.89154, 1.4239, (gDx*8,gDy*1,gDz*0)),rgb(0,1,0.625));
		draw(
			ellipsoid( (0.99836,0.036866,0.043773), (0.056083,-0.78259,-0.62001), (-0.011399,-0.62144,0.78338), 2.6787, 0.88898, 1.4148, (gDx*9,gDy*1,gDz*0)),rgb(0,1,0.625));
		draw(
			ellipsoid( (0.97441,0.22413,0.017075), (0.19125,-0.78676,-0.58688), (0.1181,-0.57513,0.80949), 2.6023, 1.0429, 1.4453, (gDx*10,gDy*1,gDz*0)),rgb(0,1,0.34375));
		draw(
			ellipsoid( (-0.90422,-0.4269,-0.012345), (-0.40482,0.84752,0.34327), (0.13608,-0.31538,0.93916), 2.7395, 1.147, 1.4609, (gDx*11,gDy*1,gDz*0)),rgb(0,1,0.25));
		draw(
			ellipsoid( (0.8287,0.55936,-0.019526), (0.55671,-0.82738,-0.074275), (0.057702,-0.050681,0.99705), 3.1732, 1.1458, 1.613, (gDx*12,gDy*1,gDz*0)),rgb(0,1,0.53125));
		draw(
			ellipsoid( (0.77693,0.62726,-0.054126), (0.62928,-0.77636,0.035703), (0.019627,0.061799,0.9979), 3.7243, 1.0978, 1.8351, (gDx*13,gDy*1,gDz*0)),rgb(0,1,0.71875));
		draw(
			ellipsoid( (0.80012,0.59063,-0.10472), (0.59926,-0.79472,0.09643), (0.026269,0.13991,0.98982), 3.938, 1.1002, 1.9179, (gDx*14,gDy*1,gDz*0)),rgb(0,1,0.8125));
		draw(
			ellipsoid( (0.87249,0.46179,-0.15973), (0.48617,-0.85322,0.18885), (0.049078,0.24243,0.96893), 4.1246, 1.0709, 1.9573, (gDx*15,gDy*1,gDz*0)),rgb(0,1,0.90625));
		draw(
			ellipsoid( (0.93175,0.31514,-0.18035), (0.36009,-0.86582,0.3474), (0.046669,0.38864,0.92021), 4.2034, 1.0928, 1.9368, (gDx*16,gDy*1,gDz*0)),rgb(0,1,0.90625));
		draw(
			ellipsoid( (0.97247,0.15178,-0.17681), (0.22521,-0.80697,0.54597), (0.059807,0.57076,0.81894), 4.2619, 1.0905, 1.9398, (gDx*17,gDy*1,gDz*0)),rgb(0,1,0.90625));
		draw(
			ellipsoid( (0.99155,0.024205,-0.12744), (0.1092,-0.68606,0.71931), (0.070023,0.72715,0.6829), 4.2107, 1.1287, 2.0553, (gDx*18,gDy*1,gDz*0)),rgb(0,1,0.8125));
		draw(
			ellipsoid( (0.99507,-0.090051,-0.041645), (-0.097772,-0.81872,-0.5658), (-0.016855,-0.56708,0.82349), 3.9973, 2.2068, 1.201, (gDx*19,gDy*1,gDz*0)),rgb(0,1,0.71875));
		draw(
			ellipsoid( (0.97421,-0.22099,0.045701), (-0.14625,-0.46404,0.87366), (0.17186,0.85781,0.48439), 3.9607, 1.1994, 2.3485, (gDx*20,gDy*1,gDz*0)),rgb(0,1,0.71875));
		draw(
			ellipsoid( (0.95499,-0.25566,0.15042), (-0.24704,-0.4048,0.8804), (0.16419,0.87794,0.44974), 3.876, 1.3092, 2.3585, (gDx*21,gDy*1,gDz*0)),rgb(0,1,0.53125));
		draw(
			ellipsoid( (0.92023,-0.28718,0.26592), (-0.3575,-0.34023,0.86973), (0.1593,0.89542,0.41576), 3.8327, 1.4446, 2.3511, (gDx*22,gDy*1,gDz*0)),rgb(0,1,0.4375));
		draw(
			ellipsoid( (-0.84771,0.35241,-0.39647), (0.49638,0.26346,-0.82716), (0.18705,0.898,0.39826), 3.6327, 1.7068, 2.4482, (gDx*23,gDy*1,gDz*0)),rgb(0,1,0.0625));
		draw(
			ellipsoid( (-0.69505,0.43988,-0.5687), (0.68102,0.14924,-0.71689), (0.23048,0.88557,0.4033), 3.7002, 1.8772, 2.5491, (gDx*24,gDy*1,gDz*0)),rgb(0.125,1,0));
		draw(
			ellipsoid( (0.49513,-0.40029,-0.77111), (-0.79954,-0.55722,-0.22413), (0.33996,-0.72751,0.59595), 3.1946, 1.1704, 1.1446, (gDx*0,gDy*2,gDz*0)),rgb(0,1,0.71875));
		draw(
			ellipsoid( (-0.23198,0.44405,0.86545), (0.78652,-0.43788,0.4355), (-0.57234,-0.78172,0.24768), 3.1856, 0.9992, 1.2591, (gDx*1,gDy*2,gDz*0)),rgb(0,1,0.71875));
		draw(
			ellipsoid( (-0.15933,0.48256,0.86125), (0.80256,0.57134,-0.17165), (0.5749,-0.66386,0.47832), 3.0931, 1.3946, 1.0828, (gDx*2,gDy*2,gDz*0)),rgb(0,1,0.625));
		draw(
			ellipsoid( (-0.17412,0.5099,0.84243), (-0.92605,-0.37569,0.035989), (-0.33484,0.77386,-0.53761), 2.9846, 1.6261, 1.1548, (gDx*3,gDy*2,gDz*0)),rgb(0,1,0.4375));
		draw(
			ellipsoid( (0.39978,-0.53045,-0.74753), (-0.88677,-0.43021,-0.16897), (0.23197,-0.73044,0.64238), 2.6809, 1.7047, 1.2912, (gDx*4,gDy*2,gDz*0)),rgb(0,1,0.0625));
		draw(
			ellipsoid( (-0.63457,0.54055,0.55238), (0.71048,0.68931,0.14165), (0.30419,-0.48234,0.82147), 2.4766, 1.6194, 1.3834, (gDx*5,gDy*2,gDz*0)),rgb(0.21875,1,0));
		draw(
			ellipsoid( (-0.81138,0.48247,0.32997), (0.4411,0.87581,-0.19595), (0.38353,0.013441,0.92343), 2.383, 1.5546, 1.3545, (gDx*6,gDy*2,gDz*0)),rgb(0.21875,1,0));
		draw(
			ellipsoid( (-0.89756,0.41534,0.14789), (0.32005,0.84452,-0.42936), (0.30323,0.33805,0.89094), 2.4084, 1.5451, 1.2189, (gDx*7,gDy*2,gDz*0)),rgb(0.03125,1,0));
		draw(
			ellipsoid( (-0.9433,0.32737,0.054917), (0.25326,0.81674,-0.51846), (0.21458,0.47515,0.85334), 2.4664, 1.4998, 1.1, (gDx*8,gDy*2,gDz*0)),rgb(0,1,0.15625));
		draw(
			ellipsoid( (0.98305,-0.18211,-0.021278), (-0.14298,-0.68875,-0.71077), (-0.11478,-0.70176,0.70311), 2.5566, 1.0543, 1.4467, (gDx*9,gDy*2,gDz*0)),rgb(0,1,0.25));
		draw(
			ellipsoid( (0.99963,-0.016127,-0.021877), (-0.025606,-0.82867,-0.55915), (0.0091111,-0.5595,0.82878), 2.6458, 1.0823, 1.4426, (gDx*10,gDy*2,gDz*0)),rgb(0,1,0.34375));
		draw(
			ellipsoid( (0.99054,0.1357,-0.020163), (0.11967,-0.92652,-0.35672), (0.067089,-0.35093,0.93399), 2.9086, 1.162, 1.5065, (gDx*11,gDy*2,gDz*0)),rgb(0,1,0.34375));
		draw(
			ellipsoid( (0.96742,0.25316,-0.0027585), (0.2502,-0.95768,-0.1423), (0.038666,-0.13697,0.98982), 3.306, 1.1671, 1.6374, (gDx*12,gDy*2,gDz*0)),rgb(0,1,0.53125));
		draw(
			ellipsoid( (0.92948,0.36591,-0.046689), (0.3629,-0.92975,-0.062167), (0.066157,-0.040839,0.99697), 3.7307, 1.1531, 1.8174, (gDx*13,gDy*2,gDz*0)),rgb(0,1,0.71875));
		draw(
			ellipsoid( (0.90027,0.42265,-0.10427), (0.42528,-0.90505,0.0033311), (0.092965,0.047344,0.99454), 4.0215, 1.1127, 1.938, (gDx*14,gDy*2,gDz*0)),rgb(0,1,0.8125));
		draw(
			ellipsoid( (0.91604,0.36559,-0.16496), (0.38839,-0.91122,0.13726), (0.10013,0.18981,0.9767), 4.0873, 1.1403, 1.9811, (gDx*15,gDy*2,gDz*0)),rgb(0,1,0.8125));
		draw(
			ellipsoid( (0.94022,0.26194,-0.21764), (0.31654,-0.90792,0.27475), (0.12563,0.32722,0.93656), 4.1635, 1.1408, 1.9965, (gDx*16,gDy*2,gDz*0)),rgb(0,1,0.8125));
		draw(
			ellipsoid( (0.96334,0.1304,-0.23445), (0.22779,-0.85921,0.45812), (0.1417,0.49473,0.85741), 4.1983, 1.1474, 2.0501, (gDx*17,gDy*2,gDz*0)),rgb(0,1,0.8125));
		draw(
			ellipsoid( (0.98166,0.0018633,-0.19064), (0.13073,-0.73444,0.66596), (0.13878,0.67867,0.72122), 4.0972, 1.1928, 2.1409, (gDx*18,gDy*2,gDz*0)),rgb(0,1,0.71875));
		draw(
			ellipsoid( (0.98303,-0.13281,-0.12656), (-0.18227,-0.7853,-0.59168), (0.020806,-0.60471,0.79618), 3.9636, 2.3136, 1.2502, (gDx*19,gDy*2,gDz*0)),rgb(0,1,0.625));
		draw(
			ellipsoid( (0.9609,-0.26902,-0.065539), (-0.26444,-0.82141,-0.50534), (-0.082112,-0.50291,0.86043), 3.9782, 2.4583, 1.2541, (gDx*20,gDy*2,gDz*0)),rgb(0,1,0.625));
		draw(
			ellipsoid( (-0.95004,0.30999,-0.036481), (0.18223,0.45597,-0.87114), (0.25341,0.83426,0.48968), 3.8088, 1.4165, 2.4745, (gDx*21,gDy*2,gDz*0)),rgb(0,1,0.4375));
		draw(
			ellipsoid( (-0.9205,0.35766,-0.15735), (0.29771,0.38114,-0.87527), (0.25308,0.85253,0.45732), 3.7056, 1.5974, 2.4963, (gDx*22,gDy*2,gDz*0)),rgb(0,1,0.25));
		draw(
			ellipsoid( (-0.85183,0.43741,-0.28821), (0.42628,0.2591,-0.86669), (0.30442,0.86113,0.40717), 3.6345, 1.7877, 2.5496, (gDx*23,gDy*2,gDz*0)),rgb(0.03125,1,0));
		draw(
			ellipsoid( (-0.72496,0.53609,-0.43247), (0.56863,0.11149,-0.815), (0.3887,0.83677,0.38566), 3.7768, 1.8859, 2.6065, (gDx*24,gDy*2,gDz*0)),rgb(0.03125,1,0));
		draw(
			ellipsoid( (-0.62544,0.53644,0.56662), (0.56848,0.81069,-0.14001), (0.53446,-0.23454,0.812), 3.1231, 1.2974, 1.0662, (gDx*0,gDy*3,gDz*0)),rgb(0,1,0.625));
		draw(
			ellipsoid( (-0.33059,0.58642,0.73947), (0.8291,0.55479,-0.0693), (0.45089,-0.59019,0.66961), 2.8622, 1.3514, 1.0827, (gDx*1,gDy*3,gDz*0)),rgb(0,1,0.4375));
		draw(
			ellipsoid( (-0.41155,0.70393,-0.57888), (0.90809,0.37067,-0.19486), (-0.077407,0.60587,0.79179), 1.0568, 1.4681, 2.9736, (gDx*2,gDy*3,gDz*0)),rgb(0,1,0.53125));
		draw(
			ellipsoid( (-0.34622,0.75816,-0.55256), (0.93446,0.22652,-0.27471), (0.083112,0.61146,0.7869), 1.0657, 1.5682, 3.0478, (gDx*3,gDy*3,gDz*0)),rgb(0,1,0.53125));
		draw(
			ellipsoid( (-0.33669,0.74095,-0.58105), (0.93647,0.19908,-0.28877), (0.098292,0.64137,0.76091), 1.1397, 1.6753, 2.8818, (gDx*4,gDy*3,gDz*0)),rgb(0,1,0.34375));
		draw(
			ellipsoid( (-0.35225,0.6494,-0.67395), (0.93534,0.21931,-0.27755), (0.032436,0.72814,0.68466), 1.2541, 1.7349, 2.5864, (gDx*5,gDy*3,gDz*0)),rgb(0.03125,1,0));
		draw(
			ellipsoid( (-0.42572,0.43458,-0.79367), (-0.89179,-0.35002,0.28669), (0.15321,-0.82984,-0.53656), 1.3121, 1.7407, 2.3785, (gDx*6,gDy*3,gDz*0)),rgb(0.21875,1,0));
		draw(
			ellipsoid( (-0.41238,0.84841,0.33189), (0.77796,0.51752,-0.3563), (0.47405,-0.11127,0.87344), 2.2679, 1.7225, 1.3184, (gDx*7,gDy*3,gDz*0)),rgb(0.40625,1,0));
		draw(
			ellipsoid( (-0.62585,0.76059,0.17267), (0.63228,0.62439,-0.45864), (0.45665,0.17787,0.87168), 2.2993, 1.7379, 1.2782, (gDx*8,gDy*3,gDz*0)),rgb(0.3125,1,0));
		draw(
			ellipsoid( (-0.87658,0.46392,0.12802), (0.36285,0.46234,0.80906), (-0.31615,-0.75566,0.57361), 2.3675, 1.277, 1.685, (gDx*9,gDy*3,gDz*0)),rgb(0.21875,1,0));
		draw(
			ellipsoid( (0.96092,-0.2648,-0.080672), (-0.26367,-0.78684,-0.558), (-0.084282,-0.55746,0.82591), 2.6122, 1.2508, 1.6116, (gDx*10,gDy*3,gDz*0)),rgb(0,1,0.0625));
		draw(
			ellipsoid( (0.9923,-0.11444,-0.047457), (-0.12339,-0.9473,-0.29563), (0.011124,-0.29921,0.95412), 2.9131, 1.277, 1.6279, (gDx*11,gDy*3,gDz*0)),rgb(0,1,0.25));
		draw(
			ellipsoid( (0.9999,-0.013892,0.0017426), (-0.013685,-0.99603,-0.087926), (-0.0029571,-0.087894,0.99613), 3.3515, 1.2183, 1.7072, (gDx*12,gDy*3,gDz*0)),rgb(0,1,0.53125));
		draw(
			ellipsoid( (0.99381,0.10647,-0.031778), (0.10586,-0.99417,-0.02028), (0.033752,-0.01679,0.99929), 3.6434, 1.2333, 1.8061, (gDx*13,gDy*3,gDz*0)),rgb(0,1,0.625));
		draw(
			ellipsoid( (0.97435,0.20451,-0.093942), (0.20778,-0.97782,0.026318), (0.086476,0.045162,0.99523), 3.8651, 1.2255, 1.9278, (gDx*14,gDy*3,gDz*0)),rgb(0,1,0.625));
		draw(
			ellipsoid( (0.95716,0.22926,-0.17687), (0.25191,-0.9605,0.11824), (0.14277,0.15773,0.97711), 4.0205, 1.1893, 2.0151, (gDx*15,gDy*3,gDz*0)),rgb(0,1,0.71875));
		draw(
			ellipsoid( (-0.94779,-0.19898,0.24921), (-0.25237,0.94573,-0.2047), (0.19496,0.25691,0.94657), 4.1209, 1.1578, 2.0608, (gDx*16,gDy*3,gDz*0)),rgb(0,1,0.8125));
		draw(
			ellipsoid( (-0.95475,-0.096043,0.28148), (-0.20551,0.89717,-0.39096), (0.21498,0.43112,0.87631), 4.114, 1.1752, 2.1087, (gDx*17,gDy*3,gDz*0)),rgb(0,1,0.8125));
		draw(
			ellipsoid( (0.96597,-0.029403,-0.25698), (0.21774,0.62868,0.74655), (-0.13961,0.7771,-0.61369), 4.0142, 2.2029, 1.2536, (gDx*18,gDy*3,gDz*0)),rgb(0,1,0.625));
		draw(
			ellipsoid( (0.95657,-0.1876,-0.22311), (-0.28653,-0.7459,-0.60128), (0.053624,-0.63909,0.76726), 3.9667, 2.3931, 1.2905, (gDx*19,gDy*3,gDz*0)),rgb(0,1,0.625));
		draw(
			ellipsoid( (0.93198,-0.31562,-0.1783), (-0.361,-0.76333,-0.53573), (-0.032987,-0.56366,0.82535), 3.9497, 2.533, 1.3286, (gDx*20,gDy*3,gDz*0)),rgb(0,1,0.625));
		draw(
			ellipsoid( (0.92122,-0.37642,-0.09831), (-0.37268,-0.78133,-0.50062), (-0.11163,-0.49782,0.86006), 3.781, 2.578, 1.5186, (gDx*21,gDy*3,gDz*0)),rgb(0,1,0.34375));
		draw(
			ellipsoid( (0.89634,-0.44321,0.011814), (-0.39108,-0.80291,-0.44989), (-0.20888,-0.39863,0.89301), 3.6626, 2.6201, 1.7225, (gDx*22,gDy*3,gDz*0)),rgb(0,1,0.0625));
		draw(
			ellipsoid( (-0.83002,0.53748,-0.14895), (0.45451,0.8066,0.37791), (-0.32326,-0.24598,0.91378), 3.6565, 2.6644, 1.8679, (gDx*23,gDy*3,gDz*0)),rgb(0.125,1,0));
		draw(
			ellipsoid( (-0.71181,0.64224,-0.28434), (0.55236,0.76192,0.33819), (-0.43384,-0.083666,0.8971), 3.8422, 2.7117, 1.9177, (gDx*24,gDy*3,gDz*0)),rgb(0.03125,1,0));
		draw(
			ellipsoid( (0.62211,-0.69768,-0.35527), (-0.73078,-0.68029,0.056276), (0.28095,-0.22461,0.93307), 3.2924, 1.4257, 0.94305, (gDx*0,gDy*4,gDz*0)),rgb(0,1,0.8125));
		draw(
			ellipsoid( (0.40804,-0.75258,-0.51685), (-0.88821,-0.45818,-0.034075), (0.21116,-0.47297,0.8554), 2.7921, 1.5069, 1.0113, (gDx*1,gDy*4,gDz*0)),rgb(0,1,0.4375));
		draw(
			ellipsoid( (-0.28463,0.62551,-0.72645), (0.95819,0.20877,-0.19567), (-0.029267,0.75177,0.65877), 0.99489, 1.5315, 2.8288, (gDx*2,gDy*4,gDz*0)),rgb(0,1,0.53125));
		draw(
			ellipsoid( (-0.21049,-0.68834,-0.69418), (-0.93662,-0.061435,0.34492), (0.28007,-0.72278,0.63178), 3.0075, 1.5342, 1.0393, (gDx*3,gDy*4,gDz*0)),rgb(0,1,0.53125));
		draw(
			ellipsoid( (-0.29759,-0.64838,-0.70075), (-0.90757,-0.03563,0.41838), (0.29624,-0.76048,0.57785), 2.9793, 1.6204, 1.0832, (gDx*4,gDy*4,gDz*0)),rgb(0,1,0.4375));
		draw(
			ellipsoid( (-0.36227,-0.64087,-0.6768), (-0.86831,-0.031905,0.49499), (0.33882,-0.76699,0.54491), 2.8868, 1.6963, 1.1496, (gDx*5,gDy*4,gDz*0)),rgb(0,1,0.34375));
		draw(
			ellipsoid( (-0.31428,-0.7338,-0.6023), (-0.8463,-0.070895,0.52797), (0.43013,-0.67565,0.59874), 2.656, 1.716, 1.2389, (gDx*6,gDy*4,gDz*0)),rgb(0,1,0.0625));
		draw(
			ellipsoid( (-0.54561,0.46585,-0.69663), (0.82124,0.13158,-0.55521), (0.16699,0.87503,0.45436), 1.3246, 1.7277, 2.4401, (gDx*7,gDy*4,gDz*0)),rgb(0.21875,1,0));
		draw(
			ellipsoid( (-0.64233,0.19093,-0.74227), (0.76616,0.18574,-0.61522), (-0.020409,0.96387,0.26559), 1.3226, 1.7667, 2.322, (gDx*8,gDy*4,gDz*0)),rgb(0.3125,1,0));
		draw(
			ellipsoid( (0.58639,0.013096,0.80992), (0.76031,0.33601,-0.5559), (0.27942,-0.94177,-0.18707), 1.3565, 1.8776, 2.1732, (gDx*9,gDy*4,gDz*0)),rgb(0.5,1,0));
		draw(
			ellipsoid( (-0.86993,0.43961,0.22353), (0.45777,0.55113,0.69764), (-0.1835,-0.70922,0.68068), 2.4008, 1.5023, 1.7192, (gDx*10,gDy*4,gDz*0)),rgb(0.5,1,0));
		draw(
			ellipsoid( (0.93895,-0.3318,-0.09094), (-0.34308,-0.9228,-0.17534), (0.025743,-0.19583,0.9803), 2.9927, 1.3513, 1.7588, (gDx*11,gDy*4,gDz*0)),rgb(0,1,0.15625));
		draw(
			ellipsoid( (0.96585,-0.25855,-0.016625), (-0.25586,-0.96197,0.09563), (0.040718,0.088111,0.99528), 3.5728, 1.2605, 1.8484, (gDx*12,gDy*4,gDz*0)),rgb(0,1,0.53125));
		draw(
			ellipsoid( (0.98592,-0.16496,-0.027229), (-0.15799,-0.9725,0.17112), (0.054708,0.16441,0.98487), 3.7208, 1.2744, 1.9685, (gDx*13,gDy*4,gDz*0)),rgb(0,1,0.53125));
		draw(
			ellipsoid( (0.99285,-0.069074,-0.097354), (-0.10847,-0.18153,-0.97739), (-0.049839,-0.98096,0.18772), 3.6901, 2.0472, 1.2625, (gDx*14,gDy*4,gDz*0)),rgb(0,1,0.53125));
		draw(
			ellipsoid( (0.9803,0.0152,-0.19691), (0.19001,0.19933,0.96133), (-0.053864,0.97981,-0.19252), 3.7182, 2.1093, 1.195, (gDx*15,gDy*4,gDz*0)),rgb(0,1,0.625));
		draw(
			ellipsoid( (0.95595,0.05133,-0.28901), (0.26729,0.25467,0.92935), (-0.1213,0.96567,-0.22973), 3.8113, 2.1415, 1.1441, (gDx*16,gDy*4,gDz*0)),rgb(0,1,0.71875));
		draw(
			ellipsoid( (0.9475,0.015495,-0.31937), (0.28887,0.38674,0.87578), (-0.13708,0.92206,-0.36196), 3.9104, 2.1374, 1.2023, (gDx*17,gDy*4,gDz*0)),rgb(0,1,0.71875));
		draw(
			ellipsoid( (0.94704,-0.08243,-0.31034), (-0.30163,-0.55983,-0.77176), (0.11012,-0.8245,0.55505), 3.9263, 2.2322, 1.3096, (gDx*18,gDy*4,gDz*0)),rgb(0,1,0.625));
		draw(
			ellipsoid( (0.92511,-0.23038,-0.30183), (-0.37496,-0.67955,-0.63057), (0.059834,-0.69652,0.71504), 3.9771, 2.4323, 1.3596, (gDx*19,gDy*4,gDz*0)),rgb(0,1,0.53125));
		draw(
			ellipsoid( (0.88985,-0.35939,-0.28106), (-0.45616,-0.68857,-0.56373), (-0.009069,-0.62984,0.77667), 3.8643, 2.584, 1.481, (gDx*20,gDy*4,gDz*0)),rgb(0,1,0.4375));
		draw(
			ellipsoid( (0.86277,-0.45385,-0.22282), (-0.50012,-0.70137,-0.50789), (-0.074227,-0.54963,0.8321), 3.7437, 2.661, 1.6325, (gDx*21,gDy*4,gDz*0)),rgb(0,1,0.15625));
		draw(
			ellipsoid( (0.83938,-0.53064,-0.11775), (-0.52515,-0.73584,-0.4275), (-0.1402,-0.42067,0.89632), 3.6541, 2.7123, 1.798, (gDx*22,gDy*4,gDz*0)),rgb(0.03125,1,0));
		draw(
			ellipsoid( (0.76958,-0.63848,0.0096402), (-0.59967,-0.72783,-0.33265), (-0.21941,-0.25022,0.943), 3.7003, 2.7709, 1.8963, (gDx*23,gDy*4,gDz*0)),rgb(0.125,1,0));
		draw(
			ellipsoid( (-0.6538,0.74522,-0.13116), (0.69572,0.66019,0.28304), (-0.29752,-0.0938,0.9501), 3.9294, 2.8303, 1.907, (gDx*24,gDy*4,gDz*0)),rgb(0.03125,1,0));
		draw(
			ellipsoid( (0.46324,-0.85773,-0.22295), (-0.87732,-0.47942,0.021542), (0.12536,-0.18562,0.97459), 3.4006, 1.5536, 0.85041, (gDx*0,gDy*5,gDz*0)),rgb(0,1,0.90625));
		draw(
			ellipsoid( (0.24211,-0.89915,-0.36458), (-0.96345,-0.2672,0.01919), (0.11467,-0.3466,0.93098), 2.8677, 1.6384, 0.93682, (gDx*1,gDy*5,gDz*0)),rgb(0,1,0.625));
		draw(
			ellipsoid( (-0.21553,0.51043,-0.83247), (0.97286,0.038737,-0.22813), (0.084197,0.85904,0.50493), 0.9436, 1.5831, 2.9008, (gDx*2,gDy*5,gDz*0)),rgb(0,1,0.625));
		draw(
			ellipsoid( (0.31159,0.75793,0.57311), (0.923,-0.098098,-0.37209), (0.2258,-0.64492,0.73013), 3.0062, 1.5757, 0.99638, (gDx*3,gDy*5,gDz*0)),rgb(0,1,0.625));
		draw(
			ellipsoid( (0.42999,0.65139,0.62514), (0.86985,-0.11346,-0.48009), (0.24179,-0.75021,0.6154), 2.9924, 1.6434, 1.0654, (gDx*4,gDy*5,gDz*0)),rgb(0,1,0.53125));
		draw(
			ellipsoid( (0.52215,0.54878,0.65284), (0.82176,-0.11893,-0.55728), (0.22818,-0.82746,0.51307), 2.9159, 1.7342, 1.1054, (gDx*5,gDy*5,gDz*0)),rgb(0,1,0.4375));
		draw(
			ellipsoid( (0.53829,0.54253,0.6449), (0.81349,-0.13458,-0.5658), (0.22017,-0.82919,0.51378), 2.7135, 1.7846, 1.1626, (gDx*6,gDy*5,gDz*0)),rgb(0,1,0.25));
		draw(
			ellipsoid( (-0.52526,-0.61383,-0.58934), (-0.79124,0.097451,0.6037), (0.31313,-0.7834,0.53687), 2.4664, 1.8043, 1.261, (gDx*7,gDy*5,gDz*0)),rgb(0.125,1,0));
		draw(
			ellipsoid( (-0.51612,-0.71704,-0.46849), (-0.73517,0.090204,0.67185), (0.43949,-0.69117,0.5737), 2.2885, 1.8279, 1.3374, (gDx*8,gDy*5,gDz*0)),rgb(0.40625,1,0));
		draw(
			ellipsoid( (0.56777,-0.53181,0.62835), (-0.64281,0.19041,0.74199), (0.51424,0.82518,0.23374), 1.3662, 1.8476, 2.2169, (gDx*9,gDy*5,gDz*0)),rgb(0.5,1,0));
		draw(
			ellipsoid( (0.35763,-0.3935,0.84691), (-0.85189,0.23409,0.46849), (0.38261,0.88902,0.2515), 1.6125, 2.1027, 1.9567, (gDx*10,gDy*5,gDz*0)),rgb(1,0.9375,0));
		draw(
			ellipsoid( (-0.88007,0.42555,0.21065), (0.41027,0.90483,-0.11387), (0.23906,0.013791,0.97091), 2.5955, 1.6826, 1.7694, (gDx*11,gDy*5,gDz*0)),rgb(0.5,1,0));
		draw(
			ellipsoid( (-0.89318,0.442,0.082865), (0.41345,0.8796,-0.23529), (0.17689,0.1759,0.96839), 3.2637, 1.4652, 1.9812, (gDx*12,gDy*5,gDz*0)),rgb(0,1,0.15625));
		draw(
			ellipsoid( (0.9075,-0.41524,-0.063476), (-0.38055,-0.87667,0.29432), (0.17786,0.24294,0.9536), 3.5564, 1.3466, 2.1927, (gDx*13,gDy*5,gDz*0)),rgb(0,1,0.4375));
		draw(
			ellipsoid( (-0.9328,0.34105,0.11651), (0.29343,0.90638,-0.30392), (0.20925,0.24931,0.94555), 3.5533, 1.3068, 2.2869, (gDx*14,gDy*5,gDz*0)),rgb(0,1,0.4375));
		draw(
			ellipsoid( (0.94811,-0.21151,-0.2374), (-0.28244,-0.21738,-0.93433), (-0.14602,-0.95289,0.26584), 3.5267, 2.2609, 1.2161, (gDx*15,gDy*5,gDz*0)),rgb(0,1,0.53125));
		draw(
			ellipsoid( (0.93789,-0.10622,-0.33026), (-0.34614,-0.22275,-0.91136), (-0.023239,-0.96907,0.24568), 3.7111, 2.2235, 1.0729, (gDx*16,gDy*5,gDz*0)),rgb(0,1,0.8125));
		draw(
			ellipsoid( (0.93192,-0.10132,-0.34822), (-0.36124,-0.34431,-0.86658), (0.032092,-0.93337,0.35748), 3.7522, 2.1928, 1.2312, (gDx*17,gDy*5,gDz*0)),rgb(0,1,0.625));
		draw(
			ellipsoid( (0.91901,-0.16572,-0.3577), (-0.3923,-0.47393,-0.78835), (0.038877,-0.86483,0.50056), 3.7733, 2.2832, 1.3814, (gDx*18,gDy*5,gDz*0)),rgb(0,1,0.4375));
		draw(
			ellipsoid( (0.8845,-0.27937,-0.37364), (-0.46586,-0.57198,-0.67514), (0.025095,-0.77123,0.63607), 3.8044, 2.4422, 1.5012, (gDx*19,gDy*5,gDz*0)),rgb(0,1,0.34375));
		draw(
			ellipsoid( (0.83609,-0.39953,-0.37593), (-0.54838,-0.58991,-0.59269), (-0.015037,-0.7017,0.71232), 3.7752, 2.5968, 1.633, (gDx*20,gDy*5,gDz*0)),rgb(0,1,0.15625));
		draw(
			ellipsoid( (0.80122,-0.50917,-0.3143), (-0.59413,-0.61457,-0.51895), (-0.071077,-0.60253,0.79492), 3.6743, 2.6887, 1.7445, (gDx*21,gDy*5,gDz*0)),rgb(0,1,0.0625));
		draw(
			ellipsoid( (0.77179,-0.60019,-0.21003), (-0.62254,-0.64591,-0.44187), (-0.12955,-0.47178,0.87215), 3.5992, 2.7641, 1.8563, (gDx*22,gDy*5,gDz*0)),rgb(0.125,1,0));
		draw(
			ellipsoid( (0.68756,-0.71927,-0.099526), (-0.69758,-0.61625,-0.36553), (-0.20158,-0.32075,0.92546), 3.6514, 2.8519, 1.9007, (gDx*23,gDy*5,gDz*0)),rgb(0.125,1,0));
		draw(
			ellipsoid( (-0.5665,0.82406,0.0014893), (0.7768,0.53341,0.33475), (-0.27506,-0.19079,0.94231), 3.8595, 2.9317, 1.8749, (gDx*24,gDy*5,gDz*0)),rgb(0.03125,1,0));
		draw(
			ellipsoid( (0.091725,-0.9872,-0.13045), (-0.99361,-0.099382,0.053435), (0.065715,-0.12471,0.99001), 2.9887, 1.6579, 0.88058, (gDx*0,gDy*6,gDz*0)),rgb(0,1,0.71875));
		draw(
			ellipsoid( (0.0881,0.96627,0.242), (0.99323,-0.06674,-0.095104), (0.075745,-0.24874,0.9656), 2.8441, 1.66, 0.93978, (gDx*1,gDy*6,gDz*0)),rgb(0,1,0.625));
		draw(
			ellipsoid( (0.25697,0.8971,0.35941), (0.95749,-0.18591,-0.22055), (0.13104,-0.40081,0.90674), 2.9042, 1.6335, 0.97228, (gDx*2,gDy*6,gDz*0)),rgb(0,1,0.53125));
		draw(
			ellipsoid( (0.42434,0.78287,0.45504), (0.89044,-0.26947,-0.36676), (0.16451,-0.56081,0.81144), 3.0223, 1.6475, 0.99363, (gDx*3,gDy*6,gDz*0)),rgb(0,1,0.625));
		draw(
			ellipsoid( (0.531,0.65362,0.53927), (0.82709,-0.26139,-0.49759), (0.18427,-0.71025,0.67941), 3.0045, 1.6907, 1.0627, (gDx*4,gDy*6,gDz*0)),rgb(0,1,0.53125));
		draw(
			ellipsoid( (0.61428,0.50378,0.60734), (0.77403,-0.23503,-0.58791), (0.15343,-0.83124,0.53432), 2.8736, 1.7699, 1.0988, (gDx*5,gDy*6,gDz*0)),rgb(0,1,0.34375));
		draw(
			ellipsoid( (0.68508,0.37185,0.62641), (0.72118,-0.22487,-0.65524), (0.10279,-0.90064,0.42222), 2.7998, 1.8711, 1.0727, (gDx*6,gDy*6,gDz*0)),rgb(0,1,0.4375));
		draw(
			ellipsoid( (0.73771,0.35334,0.57527), (0.66458,-0.23009,-0.71091), (0.11883,-0.90676,0.40457), 2.7043, 1.9232, 1.0987, (gDx*7,gDy*6,gDz*0)),rgb(0,1,0.34375));
		draw(
			ellipsoid( (-0.79056,-0.41804,-0.44749), (-0.56819,0.22819,0.79062), (0.2284,-0.8793,0.41793), 2.5507, 1.9059, 1.1575, (gDx*8,gDy*6,gDz*0)),rgb(0,1,0.15625));
		draw(
			ellipsoid( (0.38148,-0.81876,0.42907), (-0.81367,-0.51769,-0.26446), (-0.43865,0.24824,0.86369), 1.2256, 2.4906, 1.8887, (gDx*9,gDy*6,gDz*0)),rgb(0.03125,1,0));
		draw(
			ellipsoid( (0.44997,-0.77077,0.45104), (-0.81806,-0.55833,-0.13799), (-0.35819,0.30688,0.88177), 1.3636, 2.4211, 1.9278, (gDx*10,gDy*6,gDz*0)),rgb(0.3125,1,0));
		draw(
			ellipsoid( (0.47637,-0.70838,0.52083), (-0.78812,-0.60664,-0.10424), (-0.38979,0.36082,0.84727), 1.5915, 2.2894, 1.9966, (gDx*11,gDy*6,gDz*0)),rgb(0.78125,1,0));
		draw(
			ellipsoid( (-0.19952,-0.67172,0.71343), (-0.96419,0.0047513,-0.26517), (-0.17473,0.74079,0.64862), 1.8441, 2.0983, 2.2624, (gDx*12,gDy*6,gDz*0)),rgb(1,0.75,0));
		draw(
			ellipsoid( (0.64384,0.62957,-0.43487), (0.57986,-0.77227,-0.25954), (0.49924,0.085061,0.86228), 1.685, 2.7191, 2.2816, (gDx*13,gDy*6,gDz*0)),rgb(0.5,1,0));
		draw(
			ellipsoid( (0.49891,0.73293,-0.4625), (0.75692,-0.62842,-0.17935), (0.42209,0.2606,0.86829), 1.5377, 2.9668, 2.4641, (gDx*14,gDy*6,gDz*0)),rgb(0.125,1,0));
		draw(
			ellipsoid( (0.3297,0.83205,-0.44608), (0.8498,-0.46739,-0.2437), (0.41127,0.29873,0.86117), 1.5026, 3.022, 2.4485, (gDx*15,gDy*6,gDz*0)),rgb(0.03125,1,0));
		draw(
			ellipsoid( (0.89224,-0.32946,-0.30881), (-0.41456,-0.3265,-0.84943), (-0.17903,-0.88592,0.4279), 3.1957, 2.4169, 1.4316, (gDx*16,gDy*6,gDz*0)),rgb(0,1,0.15625));
		draw(
			ellipsoid( (0.87867,-0.29905,-0.37217), (-0.46367,-0.34863,-0.81454), (-0.11383,-0.88827,0.44499), 3.3362, 2.3767, 1.4906, (gDx*17,gDy*6,gDz*0)),rgb(0,1,0.15625));
		draw(
			ellipsoid( (0.86642,-0.28307,-0.41132), (-0.49561,-0.38742,-0.77735), (-0.060688,-0.87737,0.47596), 3.5121, 2.39, 1.5546, (gDx*18,gDy*6,gDz*0)),rgb(0,1,0.15625));
		draw(
			ellipsoid( (0.82037,-0.33686,-0.46208), (-0.56988,-0.41493,-0.70927), (-0.047188,-0.8452,0.53237), 3.6262, 2.4666, 1.6256, (gDx*19,gDy*6,gDz*0)),rgb(0,1,0.15625));
		draw(
			ellipsoid( (0.77444,-0.4401,-0.45447), (-0.62851,-0.45321,-0.63212), (-0.072224,-0.77518,0.6276), 3.6254, 2.5944, 1.7518, (gDx*20,gDy*6,gDz*0)),rgb(0.03125,1,0));
		draw(
			ellipsoid( (0.71419,-0.56563,-0.41231), (-0.69017,-0.47091,-0.54946), (-0.11663,-0.67698,0.7267), 3.5666, 2.7038, 1.8478, (gDx*21,gDy*6,gDz*0)),rgb(0.125,1,0));
		draw(
			ellipsoid( (0.66259,-0.67911,-0.31589), (-0.73103,-0.49459,-0.47008), (-0.163,-0.54239,0.82416), 3.5176, 2.7931, 1.9181, (gDx*22,gDy*6,gDz*0)),rgb(0.21875,1,0));
		draw(
			ellipsoid( (0.55557,-0.80143,-0.22149), (-0.8026,-0.44732,-0.39464), (-0.2172,-0.39702,0.89174), 3.5916, 2.8895, 1.9235, (gDx*23,gDy*6,gDz*0)),rgb(0.21875,1,0));
		draw(
			ellipsoid( (-0.42422,0.8943,0.14238), (0.86358,0.3522,0.3608), (-0.27252,-0.27602,0.92171), 3.802, 2.9753, 1.8699, (gDx*24,gDy*6,gDz*0)),rgb(0.03125,1,0));
		draw(
			ellipsoid( (0.41062,0.91014,-0.055123), (0.90353,-0.41427,-0.10958), (0.12257,0.0048086,0.99245), 2.8654, 1.5919, 0.88427, (gDx*0,gDy*7,gDz*0)),rgb(0,1,0.71875));
		draw(
			ellipsoid( (0.46874,0.88083,0.066491), (0.87414,-0.45172,-0.1784), (0.1271,-0.14174,0.98171), 2.7977, 1.6432, 0.97867, (gDx*1,gDy*7,gDz*0)),rgb(0,1,0.53125));
		draw(
			ellipsoid( (0.49984,0.84079,0.20792), (0.85518,-0.44106,-0.27226), (0.13721,-0.31389,0.93949), 2.8784, 1.7072, 1.0212, (gDx*2,gDy*7,gDz*0)),rgb(0,1,0.53125));
		draw(
			ellipsoid( (0.55468,0.75962,0.33957), (0.81742,-0.42126,-0.39289), (0.1554,-0.4955,0.8546), 2.9848, 1.7287, 1.0599, (gDx*3,gDy*7,gDz*0)),rgb(0,1,0.53125));
		draw(
			ellipsoid( (0.62021,0.6465,0.44426), (0.76904,-0.38947,-0.50684), (0.15465,-0.65601,0.73874), 2.9689, 1.7794, 1.092, (gDx*4,gDy*7,gDz*0)),rgb(0,1,0.4375));
		draw(
			ellipsoid( (0.71385,0.4826,0.50746), (0.69177,-0.3732,-0.61821), (0.10896,-0.79235,0.60025), 2.795, 1.8419, 1.1214, (gDx*5,gDy*7,gDz*0)),rgb(0,1,0.34375));
		draw(
			ellipsoid( (0.77138,0.31019,0.55566), (0.63442,-0.30648,-0.70964), (0.049826,-0.89992,0.4332), 2.7813, 1.9208, 1.0669, (gDx*6,gDy*7,gDz*0)),rgb(0,1,0.4375));
		draw(
			ellipsoid( (0.80034,0.2363,0.55102), (0.59914,-0.28104,-0.7497), (0.022294,-0.93015,0.3665), 2.6942, 1.9646, 1.0736, (gDx*7,gDy*7,gDz*0)),rgb(0,1,0.34375));
		draw(
			ellipsoid( (0.87627,0.21199,0.43268), (0.47835,-0.27516,-0.83394), (0.057726,-0.93774,0.34252), 2.5798, 1.9444, 1.1006, (gDx*8,gDy*7,gDz*0)),rgb(0,1,0.25));
		draw(
			ellipsoid( (-0.90974,-0.30462,-0.28209), (-0.20041,0.91726,-0.34421), (-0.36361,0.25661,0.89551), 2.5229, 1.169, 1.8883, (gDx*9,gDy*7,gDz*0)),rgb(0,1,0.0625));
		draw(
			ellipsoid( (-0.88626,-0.43565,-0.15731), (-0.37311,0.87272,-0.31488), (-0.27446,0.22037,0.93601), 2.5235, 1.2134, 1.8459, (gDx*10,gDy*7,gDz*0)),rgb(0,1,0.0625));
		draw(
			ellipsoid( (0.54711,-0.81459,0.19264), (-0.812,-0.57238,-0.11421), (-0.20329,0.093937,0.9746), 1.2182, 2.5386, 1.9099, (gDx*11,gDy*7,gDz*0)),rgb(0,1,0.0625));
		draw(
			ellipsoid( (0.67031,-0.73315,0.1148), (-0.70258,-0.67679,-0.21986), (-0.23888,-0.066718,0.96875), 1.3217, 2.5919, 2.0746, (gDx*12,gDy*7,gDz*0)),rgb(0.03125,1,0));
		draw(
			ellipsoid( (0.81751,-0.57545,0.023143), (-0.49022,-0.71639,-0.49645), (-0.30226,-0.39451,0.86776), 1.6034, 2.6132, 2.1408, (gDx*13,gDy*7,gDz*0)),rgb(0.5,1,0));
		draw(
			ellipsoid( (0.90758,0.076312,-0.4129), (-0.21635,-0.75778,-0.6156), (0.35986,-0.64803,0.67123), 1.7604, 2.7034, 2.2198, (gDx*14,gDy*7,gDz*0)),rgb(0.59375,1,0));
		draw(
			ellipsoid( (-0.5953,-0.50189,0.62747), (-0.80242,0.33096,-0.49657), (-0.041558,0.79911,0.59975), 1.7828, 2.4733, 2.7302, (gDx*15,gDy*7,gDz*0)),rgb(0.59375,1,0));
		draw(
			ellipsoid( (0.43385,0.67136,-0.60087), (0.70306,0.1648,0.69177), (-0.56346,0.72257,0.40051), 1.7817, 2.5789, 2.9262, (gDx*16,gDy*7,gDz*0)),rgb(0.40625,1,0));
		draw(
			ellipsoid( (0.31837,0.77721,-0.54276), (0.67614,-0.58748,-0.44463), (0.66443,0.22543,0.71254), 1.8071, 3.0393, 2.5521, (gDx*17,gDy*7,gDz*0)),rgb(0.40625,1,0));
		draw(
			ellipsoid( (0.74145,-0.46358,-0.48513), (-0.63451,-0.24917,-0.73165), (-0.2183,-0.8503,0.47889), 3.231, 2.5328, 1.7829, (gDx*18,gDy*7,gDz*0)),rgb(0.21875,1,0));
		draw(
			ellipsoid( (0.71584,-0.4531,-0.53129), (-0.67273,-0.24363,-0.69863), (-0.18711,-0.85752,0.47922), 3.3311, 2.5948, 1.801, (gDx*19,gDy*7,gDz*0)),rgb(0.21875,1,0));
		draw(
			ellipsoid( (0.64129,-0.52629,-0.55836), (-0.74187,-0.23949,-0.62631), (-0.1959,-0.81588,0.54402), 3.3854, 2.6878, 1.8548, (gDx*20,gDy*7,gDz*0)),rgb(0.21875,1,0));
		draw(
			ellipsoid( (0.56558,-0.6324,-0.52933), (-0.78955,-0.22984,-0.56903), (-0.23819,-0.73976,0.6293), 3.4152, 2.7682, 1.9253, (gDx*21,gDy*7,gDz*0)),rgb(0.3125,1,0));
		draw(
			ellipsoid( (-0.5202,0.73116,0.44136), (0.80748,0.25274,0.53302), (-0.27817,-0.63366,0.72187), 3.407, 2.8253, 1.991, (gDx*22,gDy*7,gDz*0)),rgb(0.3125,1,0));
		draw(
			ellipsoid( (0.31727,0.51034,-0.79931), (0.83873,0.24235,0.48765), (-0.44258,0.82512,0.35114), 2.0096, 2.8864, 3.4783, (gDx*23,gDy*7,gDz*0)),rgb(0.3125,1,0));
		draw(
			ellipsoid( (0.35135,0.39481,-0.84893), (0.86756,0.20359,0.45375), (-0.35197,0.89592,0.27099), 1.9822, 2.9478, 3.6356, (gDx*24,gDy*7,gDz*0)),rgb(0.21875,1,0));
		draw(
			ellipsoid( (0.59948,0.76117,-0.2475), (0.79092,-0.61078,0.037313), (0.12277,0.21812,0.96817), 3.1849, 1.3279, 0.93148, (gDx*0,gDy*8,gDz*0)),rgb(0,1,0.8125));
		draw(
			ellipsoid( (0.65462,0.7482,-0.10804), (0.74289,-0.66316,-0.091267), (0.13993,0.020516,0.98995), 3.0421, 1.502, 1.0235, (gDx*1,gDy*8,gDz*0)),rgb(0,1,0.625));
		draw(
			ellipsoid( (0.68351,0.7279,0.054628), (0.72075,-0.66117,-0.20827), (0.11548,-0.18173,0.97655), 3.0839, 1.7119, 1.0504, (gDx*2,gDy*8,gDz*0)),rgb(0,1,0.53125));
		draw(
			ellipsoid( (0.6955,0.69072,0.19797), (0.70577,-0.605,-0.36861), (0.13483,-0.39608,0.90826), 3.0118, 1.7846, 1.111, (gDx*3,gDy*8,gDz*0)),rgb(0,1,0.4375));
		draw(
			ellipsoid( (0.73057,0.6058,0.31507), (0.66932,-0.54399,-0.50605), (0.13517,-0.58058,0.8029), 2.9454, 1.8753, 1.1332, (gDx*4,gDy*8,gDz*0)),rgb(0,1,0.34375));
		draw(
			ellipsoid( (0.81145,0.44326,0.38087), (0.57856,-0.51722,-0.63068), (0.082562,-0.73212,0.67615), 2.7634, 1.8979, 1.1588, (gDx*5,gDy*8,gDz*0)),rgb(0,1,0.25));
		draw(
			ellipsoid( (0.84578,0.27473,0.45736), (0.53346,-0.42106,-0.73357), (0.0089576,-0.86443,0.50268), 2.7186, 1.942, 1.111, (gDx*6,gDy*8,gDz*0)),rgb(0,1,0.34375));
		draw(
			ellipsoid( (0.85307,0.15495,0.49826), (0.51836,-0.36103,-0.77522), (-0.059765,-0.91959,0.3883), 2.6317, 1.9744, 1.0956, (gDx*7,gDy*8,gDz*0)),rgb(0,1,0.25));
		draw(
			ellipsoid( (0.89119,0.068211,0.44848), (-0.44588,0.31372,0.83831), (0.083515,0.94706,-0.31), 2.523, 1.9753, 1.1231, (gDx*8,gDy*8,gDz*0)),rgb(0,1,0.15625));
		draw(
			ellipsoid( (0.94821,0.053422,0.31313), (0.31652,-0.24198,-0.9172), (-0.026773,-0.96881,0.24636), 2.4126, 1.9645, 1.2032, (gDx*9,gDy*8,gDz*0)),rgb(0.03125,1,0));
		draw(
			ellipsoid( (0.98091,0.11925,0.15362), (0.092082,-0.98057,0.17321), (-0.17129,0.15576,0.97283), 2.3802, 1.2664, 1.9585, (gDx*10,gDy*8,gDz*0)),rgb(0.125,1,0));
		draw(
			ellipsoid( (-0.25685,0.96204,-0.092218), (0.95885,0.26562,0.10029), (-0.12098,0.062663,0.99068), 1.2784, 2.4459, 2.023, (gDx*11,gDy*8,gDz*0)),rgb(0.125,1,0));
		draw(
			ellipsoid( (-0.38842,0.92126,-0.020506), (0.91867,0.38887,0.06949), (-0.071992,-0.0081533,0.99737), 1.2738, 2.6334, 2.1312, (gDx*12,gDy*8,gDz*0)),rgb(0,1,0.0625));
		draw(
			ellipsoid( (-0.47767,0.87792,0.033064), (0.87601,0.4731,0.093695), (-0.066613,-0.07372,0.99505), 1.3144, 2.8329, 2.233, (gDx*13,gDy*8,gDz*0)),rgb(0,1,0.15625));
		draw(
			ellipsoid( (0.55241,-0.82762,-0.099425), (-0.80788,-0.50217,-0.30849), (-0.20538,-0.25073,0.94602), 1.6249, 2.8427, 2.2507, (gDx*14,gDy*8,gDz*0)),rgb(0.3125,1,0));
		draw(
			ellipsoid( (0.69426,0.53544,0.48094), (0.71887,-0.54839,-0.4272), (-0.035004,-0.64232,0.76564), 2.88, 1.9855, 2.259, (gDx*15,gDy*8,gDz*0)),rgb(0.78125,1,0));
		draw(
			ellipsoid( (0.5908,0.2228,-0.77544), (-0.70518,0.60959,-0.36212), (-0.39202,-0.76077,-0.51726), 2.0636, 2.4986, 2.8389, (gDx*16,gDy*8,gDz*0)),rgb(0.875,1,0));
		draw(
			ellipsoid( (-0.51716,-0.45518,0.72481), (-0.85585,0.26731,-0.44279), (-0.0078022,0.84933,0.52781), 2.0659, 2.5546, 2.8709, (gDx*17,gDy*8,gDz*0)),rgb(0.875,1,0));
		draw(
			ellipsoid( (-0.44969,-0.64926,0.61338), (-0.87954,0.20233,-0.43066), (-0.15551,0.73316,0.66204), 2.0598, 2.6231, 2.9316, (gDx*18,gDy*8,gDz*0)),rgb(0.78125,1,0));
		draw(
			ellipsoid( (0.39326,0.76682,-0.50727), (0.87347,-0.13934,0.46651), (-0.28705,0.62655,0.72459), 1.9964, 2.6985, 3.0836, (gDx*19,gDy*8,gDz*0)),rgb(0.59375,1,0));
		draw(
			ellipsoid( (0.36921,0.78468,-0.49796), (0.87336,-0.1098,0.47453), (-0.31768,0.6101,0.72585), 1.9506, 2.7628, 3.2403, (gDx*20,gDy*8,gDz*0)),rgb(0.40625,1,0));
		draw(
			ellipsoid( (0.38085,0.75354,-0.53584), (0.87861,-0.11437,0.46364), (-0.28809,0.64737,0.70563), 1.9703, 2.828, 3.3279, (gDx*21,gDy*8,gDz*0)),rgb(0.40625,1,0));
		draw(
			ellipsoid( (0.41465,0.68206,-0.60238), (0.86904,-0.10049,0.48443), (-0.26988,0.72436,0.6344), 2.0201, 2.861, 3.3543, (gDx*22,gDy*8,gDz*0)),rgb(0.40625,1,0));
		draw(
			ellipsoid( (-0.44011,-0.59933,0.66866), (-0.8616,0.072149,-0.50243), (-0.25288,0.79724,0.54814), 2.0454, 2.8918, 3.4162, (gDx*23,gDy*8,gDz*0)),rgb(0.40625,1,0));
		draw(
			ellipsoid( (-0.45618,-0.51609,0.72495), (-0.8598,0.045573,-0.50859), (-0.22944,0.85532,0.46453), 2.0461, 2.9221, 3.5227, (gDx*24,gDy*8,gDz*0)),rgb(0.3125,1,0));
		draw(
			ellipsoid( (-0.63079,-0.65324,0.41879), (-0.69823,0.71328,0.060909), (0.3385,0.25399,0.90604), 3.1605, 1.2936, 0.95553, (gDx*0,gDy*9,gDz*0)),rgb(0,1,0.71875));
		draw(
			ellipsoid( (0.7213,0.64654,-0.24842), (0.65292,-0.7544,-0.067639), (0.23114,0.11341,0.96629), 3.0208, 1.4906, 1.0575, (gDx*1,gDy*9,gDz*0)),rgb(0,1,0.53125));
		draw(
			ellipsoid( (0.79174,0.60832,-0.055628), (0.59899,-0.79099,-0.12467), (0.11984,-0.065383,0.99064), 3.2164, 1.7119, 1.054, (gDx*2,gDy*9,gDz*0)),rgb(0,1,0.625));
		draw(
			ellipsoid( (0.82945,0.55653,0.047808), (0.5423,-0.78179,-0.30776), (0.1339,-0.2812,0.95026), 3.0896, 1.8108, 1.1233, (gDx*3,gDy*9,gDz*0)),rgb(0,1,0.4375));
		draw(
			ellipsoid( (0.84107,0.51391,0.16879), (0.52616,-0.70488,-0.4757), (0.12549,-0.48891,0.86326), 2.9923, 1.9347, 1.1543, (gDx*4,gDy*9,gDz*0)),rgb(0,1,0.34375));
		draw(
			ellipsoid( (0.89246,0.37611,0.24912), (0.44683,-0.66089,-0.60296), (0.062137,-0.64943,0.75788), 2.7992, 1.935, 1.1807, (gDx*5,gDy*9,gDz*0)),rgb(0,1,0.25));
