	import three;
	import settings;

	surface ellipsoid(triple v1,triple v2,triple v3,real l1,real l2, real l3, triple pos=O) {
		transform3 T = identity(4);
		T[0][0] = l1*v1.x;
		T[1][0] = l1*v1.y;
		T[2][0] = l1*v1.z;
		T[0][1] = l2*v2.x;
		T[1][1] = l2*v2.y;
		T[2][1] = l2*v2.z;
		T[0][2] = l3*v3.x;
		T[1][2] = l3*v3.y;
		T[2][2] = l3*v3.z;
		T[0][3] = pos.x;
		T[1][3] = pos.y;
		T[2][3] = pos.z;
		return T*unitsphere;
	}

	size(200);

	real gDx=0.25;
	real gDy=0.25;
	real gDz=0.25;

	currentprojection=perspective( camera=(gDx*55.5,gDy*55.5,112),up=Y, target=(gDx*55.5,gDy*55.5,gDz*-0.5));
		draw(
			ellipsoid( (0.44908,0.89154,0.058976), (0.89237,-0.45085,0.02047), (-0.044839,-0.043435,0.99805), 0.25624, 0.21485, 0.18735, (gDx*58,gDy*22,gDz*0)),rgb(0.92188,1,0));
		draw(
			ellipsoid( (0.3798,0.92333,0.056651), (0.92242,-0.38263,0.052333), (-0.069997,-0.032379,0.99702), 0.25718, 0.22272, 0.19541, (gDx*59,gDy*22,gDz*0)),rgb(1,0.96094,0));
		draw(
			ellipsoid( (0.36159,0.93141,0.041663), (0.92963,-0.36358,0.059977), (-0.07101,-0.017044,0.99733), 0.2495, 0.21759, 0.19141, (gDx*60,gDy*22,gDz*0)),rgb(1,0.9375,0));
		draw(
			ellipsoid( (0.20302,0.95497,0.21638), (0.95522,-0.24173,0.17064), (-0.21526,-0.17205,0.96128), 0.32597, 0.2958, 0.27304, (gDx*61,gDy*22,gDz*0)),rgb(1,0.65625,0));
		draw(
			ellipsoid( (0.31819,0.92999,0.18407), (0.90364,-0.35623,0.23776), (-0.28668,-0.090683,0.95372), 0.3408, 0.30159, 0.28693, (gDx*62,gDy*22,gDz*0)),rgb(1,0.65625,0));
		draw(
			ellipsoid( (-0.45415,-0.63241,0.62754), (-0.651,0.71643,0.25085), (0.60823,0.2946,0.73707), 0.19243, 0.17384, 0.16968, (gDx*63,gDy*22,gDz*0)),rgb(1,0.51562,0));
		draw(
			ellipsoid( (0.4669,0.76621,-0.44151), (0.8291,-0.20565,0.5199), (-0.30756,0.6088,0.73128), 0.1728, 0.14141, 0.13445, (gDx*64,gDy*22,gDz*0)),rgb(1,0.9375,0));
		draw(
			ellipsoid( (-0.16405,-0.97238,0.16603), (-0.91044,0.084462,-0.40493), (-0.37972,0.21759,0.89915), 0.20722, 0.17586, 0.16237, (gDx*65,gDy*22,gDz*0)),rgb(1,0.89062,0));
		draw(
			ellipsoid( (-0.1934,-0.033059,0.98056), (0.97713,-0.09656,0.18946), (-0.08842,-0.99478,-0.050977), 0.25099, 0.27549, 0.31705, (gDx*66,gDy*22,gDz*0)),rgb(1,0.84375,0));
		draw(
			ellipsoid( (-0.17369,-0.083672,0.98124), (0.98381,-0.059451,0.16907), (-0.04419,-0.99472,-0.092643), 0.20594, 0.2329, 0.27316, (gDx*67,gDy*22,gDz*0)),rgb(0.99219,1,0));
		draw(
			ellipsoid( (-0.066376,-0.1604,0.98482), (0.99766,-0.027035,0.062838), (-0.016546,-0.98668,-0.16181), 0.1532, 0.19673, 0.2308, (gDx*68,gDy*22,gDz*0)),rgb(0.64062,1,0));
		draw(
			ellipsoid( (0.18428,0.89438,0.40759), (0.96735,-0.091628,-0.23629), (0.17399,-0.43783,0.88206), 0.44951, 0.37901, 0.33472, (gDx*69,gDy*22,gDz*0)),rgb(0.96875,1,0));
		draw(
			ellipsoid( (0.63155,0.3924,0.66871), (0.76111,-0.1493,-0.6312), (0.14785,-0.9076,0.39295), 0.46737, 0.38108, 0.41172, (gDx*44,gDy*23,gDz*0)),rgb(1,0.75,0));
		draw(
			ellipsoid( (0.64597,0.37296,0.66605), (0.7472,-0.13035,-0.65169), (0.15624,-0.91864,0.36288), 0.47651, 0.38735, 0.41867, (gDx*45,gDy*23,gDz*0)),rgb(1,0.77344,0));
		draw(
			ellipsoid( (0.5247,0.61532,0.58828), (0.80425,-0.58483,-0.10562), (-0.27905,-0.52854,0.80173), 0.39554, 0.33183, 0.31523, (gDx*49,gDy*23,gDz*0)),rgb(1,0.86719,0));
		draw(
			ellipsoid( (-0.93206,0.3558,0.068329), (0.36062,0.89291,0.26958), (-0.034906,-0.27591,0.96055), 0.38867, 0.39518, 0.35783, (gDx*56,gDy*23,gDz*0)),rgb(1,0.42188,0));
		draw(
			ellipsoid( (-0.71596,-0.59905,0.35852), (-0.49236,0.79734,0.34904), (0.49495,-0.073384,0.86581), 0.21145, 0.16965, 0.1605, (gDx*57,gDy*23,gDz*0)),rgb(0.96875,1,0));
		draw(
			ellipsoid( (-0.6218,-0.60027,0.50303), (-0.61443,-0.024375,-0.7886), (-0.48563,0.79942,0.35367), 0.20323, 0.14904, 0.1599, (gDx*58,gDy*23,gDz*0)),rgb(0.875,1,0));
		draw(
			ellipsoid( (0.2407,0.75089,-0.615), (0.96412,-0.25807,0.062244), (0.11197,0.60791,0.78607), 0.18585, 0.16547, 0.14141, (gDx*59,gDy*23,gDz*0)),rgb(1,0.96094,0));
		draw(
			ellipsoid( (-0.26507,-0.59231,-0.76086), (-0.95933,0.082551,0.26995), (0.097084,-0.80147,0.5901), 0.13238, 0.14829, 0.18185, (gDx*60,gDy*23,gDz*0)),rgb(0.89844,1,0));
		draw(
			ellipsoid( (-0.64537,-0.42323,-0.63591), (-0.72561,0.079481,0.6835), (0.23874,-0.90253,0.35839), 0.1519, 0.16891, 0.18112, (gDx*61,gDy*23,gDz*0)),rgb(1,0.65625,0));
		draw(
			ellipsoid( (-0.63078,-0.49754,-0.59547), (-0.74107,0.61379,0.27217), (-0.23007,-0.61296,0.75587), 0.16298, 0.17343, 0.18625, (gDx*62,gDy*23,gDz*0)),rgb(1,0.51562,0));
		draw(
			ellipsoid( (-0.35793,-0.52263,0.77379), (-0.81545,0.57867,0.013646), (0.4549,0.6261,0.6333), 0.19001, 0.17085, 0.1667, (gDx*63,gDy*23,gDz*0)),rgb(1,0.53906,0));
		draw(
			ellipsoid( (0.30366,0.45558,-0.8368), (0.92545,0.06781,0.37275), (-0.22656,0.88761,0.40103), 0.18239, 0.15665, 0.14484, (gDx*64,gDy*23,gDz*0)),rgb(1,0.84375,0));
		draw(
			ellipsoid( (-0.9175,0.38939,0.081004), (0.39569,0.87307,0.28491), (-0.04022,-0.29346,0.95513), 0.14223, 0.15274, 0.18638, (gDx*65,gDy*23,gDz*0)),rgb(1,0.98438,0));
		draw(
			ellipsoid( (-0.17774,0.50539,-0.84439), (0.92953,0.36793,0.024559), (-0.32309,0.78052,0.53517), 0.19315, 0.15888, 0.17342, (gDx*66,gDy*23,gDz*0)),rgb(1,0.72656,0));
		draw(
			ellipsoid( (-0.42977,0.68924,-0.58331), (0.83404,0.55052,0.035995), (-0.34593,0.47104,0.81145), 0.19136, 0.15919, 0.1741, (gDx*67,gDy*23,gDz*0)),rgb(1,0.67969,0));
		draw(
			ellipsoid( (-0.597,0.68557,-0.41663), (0.7354,0.67521,0.05729), (-0.32059,0.27219,0.90727), 0.19831, 0.17266, 0.17848, (gDx*68,gDy*23,gDz*0)),rgb(1,0.5625,0));
		draw(
			ellipsoid( (-0.235,-0.085808,0.9682), (0.96068,-0.17202,0.21793), (-0.14785,-0.98135,-0.12286), 0.27454, 0.29169, 0.30194, (gDx*69,gDy*23,gDz*0)),rgb(1,0.375,0));
		draw(
			ellipsoid( (0.15574,0.97587,0.15305), (0.97851,-0.13122,-0.15904), (0.13511,-0.17453,0.97534), 0.27909, 0.24934, 0.24286, (gDx*70,gDy*23,gDz*0)),rgb(1,0.5625,0));
		draw(
			ellipsoid( (0.22138,0.97485,-0.02566), (0.97288,-0.22259,-0.062989), (0.067116,0.01102,0.99768), 0.1789, 0.14778, 0.13219, (gDx*71,gDy*23,gDz*0)),rgb(0.94531,1,0));
		draw(
			ellipsoid( (-0.61898,-0.21314,-0.75593), (-0.55623,-0.56054,0.61351), (0.55449,-0.80023,-0.22841), 0.38945, 0.34881, 0.3382, (gDx*39,gDy*24,gDz*0)),rgb(1,0.5625,0));
		draw(
			ellipsoid( (-0.72953,-0.67576,-0.10546), (-0.61412,0.57935,0.53592), (0.30106,-0.45574,0.83766), 0.22588, 0.18962, 0.20399, (gDx*40,gDy*24,gDz*0)),rgb(1,0.65625,0));
		draw(
			ellipsoid( (-0.5442,-0.81205,0.21075), (-0.65442,0.2537,-0.7123), (-0.52496,0.52556,0.66949), 0.18188, 0.16465, 0.16357, (gDx*41,gDy*24,gDz*0)),rgb(1,0.46875,0));
		draw(
			ellipsoid( (0.39885,-0.9007,0.17222), (-0.89397,-0.34008,0.29181), (0.20427,0.27035,0.94084), 0.17324, 0.15795, 0.16113, (gDx*42,gDy*24,gDz*0)),rgb(1,0.375,0));
		draw(
			ellipsoid( (0.49971,-0.83945,0.21357), (-0.85797,-0.44579,0.25527), (0.11908,0.3108,0.94299), 0.17223, 0.15724, 0.1607, (gDx*43,gDy*24,gDz*0)),rgb(1,0.375,0));
		draw(
			ellipsoid( (-0.57743,-0.63603,-0.51189), (-0.77458,0.2286,0.58971), (0.25806,-0.73702,0.62466), 0.30601, 0.27113, 0.28478, (gDx*44,gDy*24,gDz*0)),rgb(1,0.46875,0));
		draw(
			ellipsoid( (0.56552,0.66618,0.48619), (0.80328,-0.31136,-0.50773), (0.18686,-0.67768,0.71121), 0.31503, 0.27891, 0.2908, (gDx*45,gDy*24,gDz*0)),rgb(1,0.49219,0));
		draw(
			ellipsoid( (-0.56582,-0.75383,-0.33405), (-0.75398,0.30908,0.57964), (0.3337,-0.57984,0.74326), 0.18741, 0.16234, 0.15353, (gDx*46,gDy*24,gDz*0)),rgb(1,0.75,0));
		draw(
			ellipsoid( (0.47144,0.85676,0.20907), (0.88129,-0.46651,-0.07551), (-0.032837,-0.21984,0.97498), 0.18158, 0.17184, 0.15587, (gDx*47,gDy*24,gDz*0)),rgb(1,0.58594,0));
		draw(
			ellipsoid( (0.24202,-0.22431,-0.94399), (0.86339,-0.39412,0.31501), (0.4427,0.89127,-0.09828), 0.14742, 0.18696, 0.17333, (gDx*48,gDy*24,gDz*0)),rgb(1,0.86719,0));
		draw(
			ellipsoid( (-0.44638,-0.049221,0.89349), (-0.87881,0.2123,-0.42735), (0.16866,0.97596,0.13802), 0.17706, 0.2221, 0.20998, (gDx*49,gDy*24,gDz*0)),rgb(1,0.84375,0));
		draw(
			ellipsoid( (0.51229,0.23163,-0.82698), (-0.61413,0.77193,-0.16423), (-0.60033,-0.59201,-0.53771), 0.26888, 0.31499, 0.33343, (gDx*50,gDy*24,gDz*0)),rgb(1,0.82031,0));
		draw(
			ellipsoid( (-0.68801,-0.50571,-0.52049), (-0.52952,-0.1406,0.83656), (0.49624,-0.85117,0.17105), 0.45185, 0.34226, 0.36825, (gDx*51,gDy*24,gDz*0)),rgb(0.99219,1,0));
		draw(
			ellipsoid( (-0.78108,-0.52306,0.34107), (-0.61394,0.54356,-0.57238), (-0.11399,0.65647,0.74569), 0.47408, 0.51255, 0.54298, (gDx*55,gDy*24,gDz*0)),rgb(1,0.51562,0));
		draw(
			ellipsoid( (0.97939,0.17915,-0.093297), (0.15897,-0.39872,0.90319), (-0.1246,0.89941,0.41898), 0.32484, 0.29757, 0.30899, (gDx*56,gDy*24,gDz*0)),rgb(1,0.35156,0));
		draw(
			ellipsoid( (0.77273,0.28078,-0.56926), (0.60992,-0.080103,0.7884), (-0.17577,0.95642,0.23315), 0.1454, 0.07918, 0.069953, (gDx*57,gDy*24,gDz*0)),rgb(0,1,0.13281));
		draw(
			ellipsoid( (-0.5491,-0.32785,0.76877), (-0.65616,-0.4006,-0.63951), (-0.51763,0.85559,-0.0048502), 0.24388, 0.15268, 0.1852, (gDx*58,gDy*24,gDz*0)),rgb(0.5,1,0));
		draw(
			ellipsoid( (0.55448,0.5724,-0.60407), (0.83038,-0.42842,0.35625), (0.054881,0.69915,0.71287), 0.18457, 0.16843, 0.12788, (gDx*59,gDy*24,gDz*0)),rgb(0.73438,1,0));
		draw(
			ellipsoid( (-0.2379,0.66324,0.70959), (0.95896,0.044343,0.28006), (-0.15428,-0.74709,0.64657), 0.13138, 0.1758, 0.20389, (gDx*60,gDy*24,gDz*0)),rgb(0.57031,1,0));
		draw(
			ellipsoid( (0.26667,0.70448,-0.65772), (0.95104,-0.081741,0.29805), (-0.15621,0.705,0.69179), 0.19773, 0.13143, 0.10006, (gDx*61,gDy*24,gDz*0)),rgb(0.054688,1,0));
		draw(
			ellipsoid( (-0.39365,-0.52575,0.75407), (-0.80955,0.58689,-0.013416), (0.43551,0.61574,0.65665), 0.18143, 0.14018, 0.11925, (gDx*62,gDy*24,gDz*0)),rgb(0.61719,1,0));
		draw(
			ellipsoid( (-0.35361,-0.090512,0.931), (0.75537,-0.61467,0.22715), (-0.5517,-0.78358,-0.28572), 0.19402, 0.17888, 0.16865, (gDx*63,gDy*24,gDz*0)),rgb(1,0.53906,0));
		draw(
			ellipsoid( (0.51831,-0.16654,-0.83882), (-0.8202,0.18091,-0.54272), (-0.24213,-0.9693,0.04283), 0.19565, 0.17919, 0.16934, (gDx*64,gDy*24,gDz*0)),rgb(1,0.5625,0));
		draw(
			ellipsoid( (-0.14105,-0.028563,0.98959), (0.88326,0.44786,0.13882), (0.44716,-0.89365,0.037943), 0.18436, 0.13451, 0.1474, (gDx*65,gDy*24,gDz*0)),rgb(0.875,1,0));
		draw(
			ellipsoid( (-0.84747,-0.51286,0.13699), (-0.49176,0.85568,0.16121), (0.1999,-0.069248,0.97737), 0.10898, 0.17475, 0.21081, (gDx*66,gDy*24,gDz*0)),rgb(0.054688,1,0));
		draw(
			ellipsoid( (-0.5744,-0.77532,0.26256), (-0.76833,0.62131,0.1538), (0.28237,0.11339,0.95258), 0.10443, 0.15623, 0.15011, (gDx*67,gDy*24,gDz*0)),rgb(0.57031,1,0));
		draw(
			ellipsoid( (0.28618,0.94899,0.13234), (0.86128,-0.3153,0.39847), (-0.41987,5.1352e-05,0.90758), 0.19828, 0.22036, 0.21406, (gDx*68,gDy*24,gDz*0)),rgb(1,0.42188,0));
		draw(
			ellipsoid( (-0.036421,-0.96648,-0.25413), (-0.99838,0.024045,0.05164), (0.043798,-0.25559,0.96579), 0.20978, 0.22691, 0.23143, (gDx*69,gDy*24,gDz*0)),rgb(1,0.39844,0));
		draw(
			ellipsoid( (-0.26936,-0.62619,0.73166), (-0.7887,-0.29253,-0.54072), (-0.55263,0.72271,0.41508), 0.19991, 0.17036, 0.1585, (gDx*70,gDy*24,gDz*0)),rgb(1,0.86719,0));
		draw(
			ellipsoid( (0.086672,0.73269,-0.67502), (0.96838,-0.22108,-0.11563), (0.23396,0.64365,0.72868), 0.18022, 0.14059, 0.14527, (gDx*71,gDy*24,gDz*0)),rgb(1,0.96094,0));
		draw(
			ellipsoid( (0.30759,-0.75585,0.578), (-0.95083,-0.22109,0.21688), (0.036138,0.61629,0.78669), 0.21914, 0.19919, 0.1961, (gDx*72,gDy*24,gDz*0)),rgb(1,0.46875,0));
		draw(
			ellipsoid( (0.21061,0.88801,0.40876), (0.97051,-0.13978,-0.19639), (0.11726,-0.43807,0.89126), 0.42817, 0.41327, 0.38767, (gDx*73,gDy*24,gDz*0)),rgb(1,0.39844,0));
		draw(
			ellipsoid( (-0.21552,0.46671,-0.85775), (0.96831,-0.01138,-0.24949), (0.1262,0.88434,0.44947), 0.44755, 0.52694, 0.57115, (gDx*74,gDy*24,gDz*0)),rgb(1,0.89062,0));
		draw(
			ellipsoid( (-0.54504,-0.13072,-0.82816), (-0.60103,0.7496,0.27723), (-0.58455,-0.64885,0.48713), 0.61708, 0.4977, 0.49194, (gDx*36,gDy*25,gDz*0)),rgb(1,0.91406,0));
		draw(
			ellipsoid( (-0.55097,-0.13714,-0.82318), (-0.71271,-0.43581,0.54964), (0.43413,-0.88953,-0.14238), 0.59695, 0.48787, 0.49725, (gDx*37,gDy*25,gDz*0)),rgb(1,0.82031,0));
		draw(
			ellipsoid( (-0.42254,-0.31809,-0.84869), (-0.72746,0.67756,0.10823), (-0.54061,-0.66312,0.51769), 0.47413, 0.42306, 0.41735, (gDx*38,gDy*25,gDz*0)),rgb(1,0.53906,0));
		draw(
			ellipsoid( (-0.56806,0.80779,0.15745), (0.8115,0.58163,-0.056258), (0.13702,-0.095812,0.98592), 0.23641, 0.25655, 0.24673, (gDx*39,gDy*25,gDz*0)),rgb(1,0.32812,0));
		draw(
			ellipsoid( (0.80665,0.53618,-0.24864), (0.58479,-0.66315,0.46717), (-0.085603,0.52225,0.84848), 0.17754, 0.14465, 0.13434, (gDx*40,gDy*25,gDz*0)),rgb(0.99219,1,0));
		draw(
			ellipsoid( (-0.5507,-0.80535,0.21939), (-0.68171,0.28228,-0.67497), (-0.48166,0.52127,0.70447), 0.18168, 0.16439, 0.16327, (gDx*41,gDy*25,gDz*0)),rgb(1,0.46875,0));
		draw(
			ellipsoid( (0.84848,0.43625,0.29962), (0.49499,-0.85448,-0.15762), (-0.18725,-0.28205,0.94095), 0.13693, 0.17381, 0.16425, (gDx*42,gDy*25,gDz*0)),rgb(1,0.89062,0));
		draw(
			ellipsoid( (0.80409,-0.56426,0.18723), (-0.59263,-0.78575,0.17714), (-0.047161,0.25339,0.96621), 0.16746, 0.14622, 0.15255, (gDx*43,gDy*25,gDz*0)),rgb(1,0.53906,0));
		draw(
			ellipsoid( (0.73386,-0.28627,-0.61603), (-0.6647,-0.48961,-0.56432), (0.14007,-0.82361,0.54959), 0.19372, 0.2092, 0.20208, (gDx*44,gDy*25,gDz*0)),rgb(1,0.30469,0));
		draw(
			ellipsoid( (-0.72947,-0.56102,-0.39131), (-0.50072,0.048243,0.86426), (0.466,-0.82639,0.31611), 0.16757, 0.13806, 0.1452, (gDx*45,gDy*25,gDz*0)),rgb(1,0.75,0));
		draw(
			ellipsoid( (-0.15976,0.3308,-0.93008), (0.98399,-0.022069,-0.17687), (0.079033,0.94344,0.32198), 0.12469, 0.14161, 0.16343, (gDx*46,gDy*25,gDz*0)),rgb(1,0.96094,0));
		draw(
			ellipsoid( (0.41205,0.02437,0.91083), (0.63622,-0.72329,-0.26847), (-0.65225,-0.69012,0.31354), 0.14122, 0.19961, 0.17481, (gDx*47,gDy*25,gDz*0)),rgb(0.82812,1,0));
		draw(
			ellipsoid( (0.99236,0.064207,0.10532), (0.12312,-0.4643,-0.87708), (0.0074162,-0.88335,0.46866), 0.18799, 0.1342, 0.16291, (gDx*48,gDy*25,gDz*0)),rgb(0.85156,1,0));
		draw(
			ellipsoid( (0.88337,-0.08701,0.46052), (-0.44762,0.13454,0.88404), (0.13888,0.98708,-0.079901), 0.1961, 0.1331, 0.16252, (gDx*49,gDy*25,gDz*0)),rgb(0.71094,1,0));
		draw(
			ellipsoid( (-0.82727,0.45453,-0.33019), (0.44659,0.17546,-0.87737), (0.34086,0.87328,0.34814), 0.19052, 0.12462, 0.15148, (gDx*50,gDy*25,gDz*0)),rgb(0.61719,1,0));
		draw(
			ellipsoid( (-0.90395,0.31113,-0.29338), (0.36701,0.21229,-0.90567), (0.2195,0.92635,0.30609), 0.22584, 0.17005, 0.19034, (gDx*51,gDy*25,gDz*0)),rgb(0.99219,1,0));
		draw(
			ellipsoid( (0.85819,0.41042,0.30832), (0.45875,-0.88271,-0.10186), (-0.23035,-0.22885,0.94582), 0.36139, 0.33101, 0.32024, (gDx*52,gDy*25,gDz*0)),rgb(1,0.49219,0));
		draw(
			ellipsoid( (-0.77793,-0.56765,0.26945), (-0.61877,0.61745,-0.48566), (-0.10931,0.54454,0.83158), 0.47217, 0.50249, 0.53384, (gDx*55,gDy*25,gDz*0)),rgb(1,0.46875,0));
		draw(
			ellipsoid( (0.98894,0.058139,0.13643), (0.12434,-0.82648,-0.54906), (-0.080837,-0.55995,0.82457), 0.2442, 0.21878, 0.20783, (gDx*56,gDy*25,gDz*0)),rgb(1,0.63281,0));
		draw(
			ellipsoid( (0.83531,-0.059771,-0.54651), (-0.47652,-0.57448,-0.6655), (0.27419,-0.81633,0.50836), 0.18113, 0.13627, 0.13315, (gDx*57,gDy*25,gDz*0)),rgb(0.82812,1,0));
		draw(
			ellipsoid( (0.6698,0.29799,-0.68012), (0.73961,-0.18653,0.64667), (-0.065838,0.93617,0.34534), 0.26549, 0.1749, 0.2015, (gDx*58,gDy*25,gDz*0)),rgb(0.61719,1,0));
		draw(
			ellipsoid( (0.82482,0.49939,-0.26512), (0.54406,-0.57339,0.61255), (-0.15388,0.64949,0.74464), 0.17877, 0.14674, 0.14124, (gDx*59,gDy*25,gDz*0)),rgb(1,0.91406,0));
		draw(
			ellipsoid( (0.56384,0.69733,-0.44251), (0.80219,-0.335,0.49423), (-0.1964,0.63365,0.74828), 0.1825, 0.16216, 0.14139, (gDx*60,gDy*25,gDz*0)),rgb(1,0.91406,0));
		draw(
			ellipsoid( (-0.34465,-0.71446,0.60891), (-0.90031,0.067905,-0.42991), (-0.2658,0.69638,0.66664), 0.19928, 0.15711, 0.12321, (gDx*61,gDy*25,gDz*0)),rgb(0.47656,1,0));
		draw(
			ellipsoid( (0.3782,0.679,-0.62922), (0.89626,-0.098464,0.43245), (-0.23168,0.7275,0.64581), 0.22923, 0.16233, 0.12142, (gDx*62,gDy*25,gDz*0)),rgb(0.14844,1,0));
		draw(
			ellipsoid( (0.4541,0.63433,-0.62564), (0.8684,-0.15816,0.46996), (-0.19916,0.75672,0.62267), 0.20043, 0.15359, 0.11476, (gDx*63,gDy*25,gDz*0)),rgb(0.3125,1,0));
		draw(
			ellipsoid( (0.20273,0.56321,-0.80106), (-0.9733,0.20584,-0.1016), (-0.10767,-0.80027,-0.5899), 0.1979, 0.16549, 0.11591, (gDx*64,gDy*25,gDz*0)),rgb(0.33594,1,0));
		draw(
			ellipsoid( (0.59439,0.63457,0.49399), (0.75675,-0.23352,-0.61058), (0.27209,-0.73675,0.61901), 0.1158, 0.15617, 0.21404, (gDx*65,gDy*25,gDz*0)),rgb(0.19531,1,0));
		draw(
			ellipsoid( (-0.35436,0.88031,-0.3154), (0.90698,0.24147,-0.34507), (0.22761,0.40834,0.884), 0.26698, 0.12868, 0.18113, (gDx*66,gDy*25,gDz*0)),rgb(0,1,0.039062));
		draw(
			ellipsoid( (-0.59686,0.78006,-0.18776), (0.58175,0.25959,-0.77083), (0.55255,0.56931,0.60874), 0.17391, 0.13586, 0.14809, (gDx*67,gDy*25,gDz*0)),rgb(1,0.89062,0));
		draw(
			ellipsoid( (-0.093695,-0.98471,-0.14683), (-0.99497,0.087373,0.048944), (0.035367,-0.15068,0.98795), 0.21937, 0.23515, 0.23225, (gDx*68,gDy*25,gDz*0)),rgb(1,0.30469,0));
		draw(
			ellipsoid( (-0.034692,-0.96779,-0.24935), (-0.99869,0.024185,0.04508), (0.037597,-0.25059,0.96736), 0.20964, 0.22713, 0.23179, (gDx*69,gDy*25,gDz*0)),rgb(1,0.42188,0));
		draw(
			ellipsoid( (-0.30238,-0.59508,0.74461), (-0.77023,-0.30764,-0.55866), (-0.56152,0.74245,0.36533), 0.20144, 0.16956, 0.1519, (gDx*70,gDy*25,gDz*0)),rgb(0.99219,1,0));
		draw(
			ellipsoid( (-0.87989,0.44556,0.16516), (0.44891,0.66542,0.5964), (-0.15583,-0.59891,0.78551), 0.14392, 0.16612, 0.20882, (gDx*71,gDy*25,gDz*0)),rgb(0.75781,1,0));
		draw(
			ellipsoid( (-0.87533,0.4069,0.26121), (0.48333,0.75173,0.44865), (0.013804,-0.51897,0.85468), 0.17285, 0.17798, 0.20713, (gDx*72,gDy*25,gDz*0)),rgb(1,0.72656,0));
		draw(
			ellipsoid( (0.1192,0.99023,0.07238), (0.99222,-0.12144,0.027359), (-0.035881,-0.068556,0.997), 0.31039, 0.29281, 0.27726, (gDx*73,gDy*25,gDz*0)),rgb(1,0.44531,0));
		draw(
			ellipsoid( (0.99305,-0.11743,-0.0076418), (-0.11768,-0.99074,-0.067765), (-0.00038685,-0.068193,0.99767), 0.29892, 0.31934, 0.28089, (gDx*74,gDy*25,gDz*0)),rgb(1,0.49219,0));
		draw(
			ellipsoid( (-0.99701,0.07221,0.027508), (0.073527,0.99602,0.050344), (0.023763,-0.052216,0.99835), 0.25509, 0.27871, 0.2186, (gDx*75,gDy*25,gDz*0)),rgb(1,0.89062,0));
		draw(
			ellipsoid( (-0.61575,0.0020051,-0.78794), (0.61554,-0.62306,-0.4826), (0.49191,0.78217,-0.38241), 0.46203, 0.40066, 0.39297, (gDx*35,gDy*26,gDz*0)),rgb(1,0.65625,0));
		draw(
			ellipsoid( (0.62165,0.082979,0.77888), (0.74818,0.2315,-0.62181), (0.23191,-0.96929,-0.081828), 0.4164, 0.36069, 0.36824, (gDx*36,gDy*26,gDz*0)),rgb(1,0.58594,0));
		draw(
			ellipsoid( (0.61172,0.13577,0.77934), (0.7775,0.078573,-0.62396), (0.14595,-0.98762,0.057496), 0.38246, 0.33675, 0.34417, (gDx*37,gDy*26,gDz*0)),rgb(1,0.51562,0));
		draw(
			ellipsoid( (0.71139,-0.70186,-0.036108), (-0.56615,-0.60276,0.56227), (0.4164,0.37955,0.82616), 0.24421, 0.25203, 0.25688, (gDx*38,gDy*26,gDz*0)),rgb(1,0.21094,0));
		draw(
			ellipsoid( (0.67936,0.39849,-0.61618), (0.72007,-0.20031,0.66436), (-0.14131,0.89503,0.42303), 0.16216, 0.12964, 0.14382, (gDx*39,gDy*26,gDz*0)),rgb(1,0.82031,0));
		draw(
			ellipsoid( (0.74356,0.55982,-0.36567), (0.65148,-0.48332,0.58479), (-0.15063,0.67306,0.72409), 0.17881, 0.15852, 0.14883, (gDx*40,gDy*26,gDz*0)),rgb(1,0.70312,0));
		draw(
			ellipsoid( (-0.78641,0.41216,0.46009), (0.60138,0.68096,0.41789), (0.14107,-0.60532,0.78338), 0.14664, 0.1748, 0.21124, (gDx*41,gDy*26,gDz*0)),rgb(0.78125,1,0));
		draw(
			ellipsoid( (-0.97132,0.02036,0.23692), (-0.19325,0.51299,-0.83636), (0.13857,0.85815,0.49434), 0.1231, 0.1961, 0.16314, (gDx*42,gDy*26,gDz*0)),rgb(0.5,1,0));
		draw(
			ellipsoid( (0.47603,0.30484,0.8249), (0.8419,-0.42904,-0.32729), (-0.25415,-0.85029,0.46088), 0.21187, 0.19159, 0.19695, (gDx*43,gDy*26,gDz*0)),rgb(1,0.39844,0));
		draw(
			ellipsoid( (0.58986,-0.79308,-0.15198), (-0.64902,-0.35364,-0.67358), (-0.48046,-0.49595,0.72332), 0.22467, 0.24553, 0.23815, (gDx*44,gDy*26,gDz*0)),rgb(1,0.35156,0));
		draw(
			ellipsoid( (0.4241,-0.17987,-0.88757), (0.66751,0.72443,0.17214), (-0.61202,0.66547,-0.42729), 0.13033, 0.16163, 0.17433, (gDx*45,gDy*26,gDz*0)),rgb(0.94531,1,0));
		draw(
			ellipsoid( (0.28028,-0.94183,0.18546), (-0.95681,-0.28964,-0.024871), (-0.07714,0.17048,0.98234), 0.23784, 0.15044, 0.1356, (gDx*46,gDy*26,gDz*0)),rgb(0.21875,1,0));
		draw(
			ellipsoid( (-0.40798,0.91015,0.072003), (0.83268,0.40327,-0.3795), (0.37444,0.094873,0.92239), 0.22202, 0.15462, 0.11467, (gDx*47,gDy*26,gDz*0)),rgb(0.10156,1,0));
		draw(
			ellipsoid( (0.97177,-0.089747,0.21818), (-0.20908,0.10073,0.9727), (0.10928,0.99086,-0.079127), 0.20487, 0.14536, 0.17203, (gDx*48,gDy*26,gDz*0)),rgb(0.82812,1,0));
		draw(
			ellipsoid( (0.88988,-0.0059864,0.45616), (0.45231,-0.11868,-0.88393), (-0.059428,-0.99291,0.1029), 0.20991, 0.13421, 0.16511, (gDx*49,gDy*26,gDz*0)),rgb(0.57031,1,0));
		draw(
			ellipsoid( (0.88899,-0.1937,0.41494), (-0.45638,-0.44907,0.76815), (-0.037548,0.87225,0.48762), 0.22575, 0.15663, 0.18008, (gDx*50,gDy*26,gDz*0)),rgb(0.75781,1,0));
		draw(
			ellipsoid( (-0.92116,0.38909,0.0089046), (0.36452,0.85452,0.37003), (-0.13637,-0.3441,0.92898), 0.13041, 0.066994, 0.076121, (gDx*51,gDy*26,gDz*0)),rgb(0.0078125,1,0));
		draw(
			ellipsoid( (0.98675,-0.12858,0.098956), (-0.13385,-0.3004,0.94437), (0.091699,0.94511,0.31363), 0.32873, 0.31001, 0.3146, (gDx*52,gDy*26,gDz*0)),rgb(1,0.25781,0));
		draw(
			ellipsoid( (-0.97103,0.20941,-0.11507), (0.23888,0.86229,-0.44653), (-0.0057149,0.46109,0.88734), 0.44284, 0.48581, 0.54292, (gDx*53,gDy*26,gDz*0)),rgb(1,0.75,0));
		draw(
			ellipsoid( (-0.54699,-0.7395,0.39235), (-0.83148,0.42554,-0.35716), (-0.097154,0.5216,0.84764), 0.41213, 0.43412, 0.50396, (gDx*54,gDy*26,gDz*0)),rgb(1,0.77344,0));
		draw(
			ellipsoid( (-0.80625,-0.56796,0.16549), (-0.58622,0.72947,-0.35246), (-0.079464,0.38118,0.92108), 0.48674, 0.51141, 0.55293, (gDx*55,gDy*26,gDz*0)),rgb(1,0.49219,0));
		draw(
			ellipsoid( (-0.10004,-0.92973,0.3544), (-0.98366,0.146,0.10535), (0.14969,0.33807,0.92914), 0.30515, 0.3312, 0.32491, (gDx*56,gDy*26,gDz*0)),rgb(1,0.35156,0));
		draw(
			ellipsoid( (0.91499,-0.3133,-0.25422), (-0.34888,-0.29787,-0.88857), (-0.20267,-0.90173,0.38186), 0.17479, 0.14337, 0.14013, (gDx*57,gDy*26,gDz*0)),rgb(1,0.86719,0));
		draw(
			ellipsoid( (0.76456,0.4154,-0.49284), (0.64441,-0.50888,0.57077), (0.013704,0.75398,0.65675), 0.21539, 0.154, 0.17183, (gDx*58,gDy*26,gDz*0)),rgb(0.82812,1,0));
		draw(
			ellipsoid( (0.81099,0.51957,-0.26898), (0.58497,-0.72842,0.35668), (0.010606,0.44661,0.89467), 0.18698, 0.098564, 0.14406, (gDx*59,gDy*26,gDz*0)),rgb(0.125,1,0));
		draw(
			ellipsoid( (-0.63385,0.64494,-0.42695), (0.77216,0.49576,-0.39747), (0.044677,0.58161,0.81224), 0.14176, 0.17402, 0.16263, (gDx*60,gDy*26,gDz*0)),rgb(1,0.77344,0));
		draw(
			ellipsoid( (0.34865,-0.77496,-0.52714), (-0.85514,-0.032815,-0.51735), (-0.38363,-0.63116,0.67414), 0.14487, 0.15459, 0.16177, (gDx*61,gDy*26,gDz*0)),rgb(1,0.44531,0));
		draw(
			ellipsoid( (-0.41723,-0.66212,0.6225), (-0.83929,0.018004,-0.54339), (-0.34858,0.74918,0.56323), 0.1844, 0.16252, 0.14517, (gDx*62,gDy*26,gDz*0)),rgb(1,0.86719,0));
		draw(
			ellipsoid( (0.48544,0.63773,-0.59804), (0.84865,-0.17934,0.49762), (-0.2101,0.74909,0.62827), 0.19888, 0.15316, 0.11284, (gDx*63,gDy*26,gDz*0)),rgb(0.28906,1,0));
		draw(
			ellipsoid( (-0.99794,-0.024673,0.059144), (-0.060836,0.65487,-0.75329), (0.020146,0.75534,0.65502), 0.16514, 0.21678, 0.10327, (gDx*64,gDy*26,gDz*0)),rgb(0,1,0.0625));
		draw(
			ellipsoid( (0.21441,-0.71358,0.66696), (-0.97639,-0.1749,0.12675), (-0.026203,0.67839,0.73424), 0.22428, 0.13182, 0.097137, (gDx*65,gDy*26,gDz*0)),rgb(0,1,0.25));
		draw(
			ellipsoid( (-0.18293,0.83741,-0.51505), (0.77094,0.44728,0.45342), (-0.61007,0.31413,0.72742), 0.26197, 0.15418, 0.1201, (gDx*66,gDy*26,gDz*0)),rgb(0,1,0.15625));
		draw(
			ellipsoid( (0.5054,-0.74244,0.43972), (-0.84483,-0.52945,0.077069), (-0.17559,0.41044,0.89482), 0.17939, 0.13417, 0.12378, (gDx*67,gDy*26,gDz*0)),rgb(0.71094,1,0));
		draw(
			ellipsoid( (-0.22308,-0.9711,-0.084869), (-0.96511,0.20778,0.15936), (0.13712,-0.11746,0.98357), 0.21927, 0.23572, 0.23106, (gDx*68,gDy*26,gDz*0)),rgb(1,0.30469,0));
		draw(
			ellipsoid( (0.48619,-0.077306,-0.87043), (-0.85031,0.18782,-0.49163), (-0.20149,-0.97916,-0.025582), 0.27008, 0.258, 0.24498, (gDx*69,gDy*26,gDz*0)),rgb(1,0.375,0));
		draw(
			ellipsoid( (0.33452,0.43644,-0.83524), (0.94217,-0.13593,0.30632), (-0.020155,0.88941,0.45667), 0.19811, 0.1692, 0.17278, (gDx*70,gDy*26,gDz*0)),rgb(1,0.65625,0));
		draw(
			ellipsoid( (-0.90065,0.41936,0.11384), (0.38931,0.66235,0.6401), (-0.19303,-0.62083,0.75981), 0.12675, 0.16656, 0.21617, (gDx*71,gDy*26,gDz*0)),rgb(0.35938,1,0));
		draw(
			ellipsoid( (-0.64613,0.6986,0.30736), (0.76093,0.62086,0.18847), (0.059157,-0.35566,0.93274), 0.14157, 0.16713, 0.23057, (gDx*72,gDy*26,gDz*0)),rgb(0.45312,1,0));
		draw(
			ellipsoid( (-0.21936,0.23522,-0.94686), (-0.89022,-0.44539,0.095595), (0.39923,-0.86389,-0.3071), 0.19959, 0.14102, 0.12619, (gDx*73,gDy*26,gDz*0)),rgb(0.5,1,0));
		draw(
			ellipsoid( (0.33324,-0.33801,0.88017), (-0.86044,0.27266,0.43047), (0.38549,0.90078,0.19997), 0.19915, 0.13362, 0.13511, (gDx*74,gDy*26,gDz*0)),rgb(0.54688,1,0));
		draw(
			ellipsoid( (-0.46454,0.67053,-0.57844), (0.64042,-0.19676,-0.7424), (0.61161,0.71532,0.33801), 0.19819, 0.16932, 0.17122, (gDx*75,gDy*26,gDz*0)),rgb(1,0.65625,0));
		draw(
			ellipsoid( (0.34786,-0.93508,-0.067974), (-0.93674,-0.34966,0.016278), (0.038989,-0.058011,0.99755), 0.2152, 0.18947, 0.17479, (gDx*76,gDy*26,gDz*0)),rgb(1,0.77344,0));
		draw(
			ellipsoid( (-0.50132,0.25865,-0.8257), (0.76002,0.58776,-0.27732), (-0.41358,0.76657,0.49124), 0.43739, 0.38132, 0.40338, (gDx*33,gDy*27,gDz*0)),rgb(1,0.53906,0));
		draw(
			ellipsoid( (-0.49917,0.23345,-0.83447), (0.6867,0.69391,-0.21665), (-0.52846,0.68117,0.50668), 0.40133, 0.36442, 0.37665, (gDx*34,gDy*27,gDz*0)),rgb(1,0.39844,0));
		draw(
			ellipsoid( (0.5439,-0.14193,-0.82706), (-0.62875,0.58379,-0.51368), (-0.55573,-0.79941,-0.22828), 0.22532, 0.24508, 0.25314, (gDx*35,gDy*27,gDz*0)),rgb(1,0.46875,0));
		draw(
			ellipsoid( (-0.4007,-0.85095,-0.3396), (-0.7803,0.51121,-0.36027), (-0.48018,-0.12063,0.86884), 0.16948, 0.14717, 0.12893, (gDx*36,gDy*27,gDz*0)),rgb(1,0.96094,0));
		draw(
			ellipsoid( (-0.40825,-0.77675,-0.47958), (-0.77601,0.57198,-0.26582), (-0.48078,-0.26364,0.83627), 0.18172, 0.16798, 0.15798, (gDx*37,gDy*27,gDz*0)),rgb(1,0.53906,0));
		draw(
			ellipsoid( (-0.64896,0.75865,-0.057357), (0.73823,0.64614,0.19372), (-0.18403,-0.083377,0.97938), 0.21463, 0.21996, 0.22354, (gDx*38,gDy*27,gDz*0)),rgb(1,0.16406,0));
		draw(
			ellipsoid( (-0.30108,-0.1429,0.94283), (-0.76732,0.62334,-0.15056), (0.56619,0.76878,0.29732), 0.24386, 0.22716, 0.23061, (gDx*39,gDy*27,gDz*0)),rgb(1,0.30469,0));
		draw(
			ellipsoid( (-0.65094,0.65884,0.3771), (0.73976,0.43906,0.50988), (-0.17036,-0.61087,0.77318), 0.18745, 0.19456, 0.20491, (gDx*40,gDy*27,gDz*0)),rgb(1,0.35156,0));
		draw(
			ellipsoid( (-0.79247,0.40872,0.4527), (0.60388,0.62993,0.48838), (0.085565,-0.66041,0.74602), 0.14442, 0.16815, 0.19174, (gDx*41,gDy*27,gDz*0)),rgb(0.99219,1,0));
		draw(
			ellipsoid( (-0.8744,0.29838,0.38262), (0.44303,0.16939,0.88036), (-0.19787,-0.9393,0.2803), 0.11506, 0.17726, 0.18629, (gDx*42,gDy*27,gDz*0)),rgb(0.35938,1,0));
		draw(
			ellipsoid( (0.83369,-0.27785,-0.47724), (-0.51916,-0.68889,-0.50586), (0.18821,-0.6695,0.71857), 0.18045, 0.2015, 0.19465, (gDx*43,gDy*27,gDz*0)),rgb(1,0.44531,0));
		draw(
			ellipsoid( (0.80806,-0.31029,-0.50076), (-0.53608,-0.73974,-0.4067), (0.24424,-0.59708,0.76409), 0.18484, 0.20331, 0.19509, (gDx*44,gDy*27,gDz*0)),rgb(1,0.375,0));
		draw(
			ellipsoid( (0.33263,-0.90963,0.24886), (-0.89786,-0.38618,-0.21147), (-0.28846,0.15311,0.94517), 0.2105, 0.11644, 0.10534, (gDx*45,gDy*27,gDz*0)),rgb(0,1,0.0625));
		draw(
			ellipsoid( (-0.30323,0.93106,-0.20293), (0.84602,0.16504,-0.50696), (0.43852,0.32541,0.83774), 0.27436, 0.12302, 0.10325, (gDx*46,gDy*27,gDz*0)),rgb(0,1,0.53125));
		draw(
			ellipsoid( (-0.3955,0.91563,0.072119), (0.83795,0.39186,-0.37985), (0.37606,0.089798,0.92223), 0.21812, 0.15258, 0.11439, (gDx*47,gDy*27,gDz*0)),rgb(0.125,1,0));
		draw(
			ellipsoid( (-0.69849,0.71556,0.0094085), (0.66789,0.64713,0.36762), (-0.25697,-0.26306,0.92993), 0.20003, 0.14656, 0.11939, (gDx*48,gDy*27,gDz*0)),rgb(0.38281,1,0));
		draw(
			ellipsoid( (0.52116,0.32289,-0.79003), (0.69616,-0.69632,0.17464), (0.49372,0.641,0.58767), 0.09042, 0.19979, 0.15002, (gDx*49,gDy*27,gDz*0)),rgb(0,1,0.15625));
		draw(
			ellipsoid( (0.42779,0.50699,-0.7483), (0.73533,0.28623,0.6143), (-0.52563,0.81304,0.25036), 0.15676, 0.20087, 0.21774, (gDx*50,gDy*27,gDz*0)),rgb(0.82812,1,0));
		draw(
			ellipsoid( (-0.92265,0.063154,0.38043), (-0.29056,0.53479,-0.79346), (0.25356,0.84262,0.47508), 0.16487, 0.13477, 0.14537, (gDx*51,gDy*27,gDz*0)),rgb(1,0.75,0));
		draw(
			ellipsoid( (-0.18479,-0.71997,0.66895), (-0.93968,-0.069913,-0.33482), (-0.28783,0.69048,0.66362), 0.32513, 0.3419, 0.33967, (gDx*52,gDy*27,gDz*0)),rgb(1,0.21094,0));
		draw(
			ellipsoid( (-0.99636,-0.084246,0.013369), (-0.0399,0.59882,0.79989), (0.075394,-0.79644,0.6), 0.48265, 0.59069, 0.53256, (gDx*53,gDy*27,gDz*0)),rgb(1,0.75,0));
		draw(
			ellipsoid( (0.6092,-0.66392,-0.43368), (-0.78925,-0.56084,-0.2501), (0.077179,-0.49464,0.86567), 0.51239, 0.32409, 0.392, (gDx*54,gDy*27,gDz*0)),rgb(0.52344,1,0));
		draw(
			ellipsoid( (-0.70633,-0.66557,0.24106), (-0.69873,0.60095,-0.38813), (-0.11346,0.44258,0.88952), 0.49129, 0.52431, 0.5551, (gDx*55,gDy*27,gDz*0)),rgb(1,0.46875,0));
		draw(
			ellipsoid( (-0.91309,0.10454,0.39414), (0.40764,0.25864,0.87575), (0.010393,-0.9603,0.27878), 0.37801, 0.38334, 0.35144, (gDx*56,gDy*27,gDz*0)),rgb(1,0.375,0));
		draw(
			ellipsoid( (-0.84422,-0.53562,0.020253), (-0.44046,0.71477,0.54323), (0.30544,-0.44969,0.83934), 0.23548, 0.22132, 0.21963, (gDx*57,gDy*27,gDz*0)),rgb(1,0.30469,0));
		draw(
			ellipsoid( (0.78955,0.56882,0.23035), (0.56611,-0.81999,0.084435), (-0.23691,-0.063737,0.96944), 0.24364, 0.23629, 0.23151, (gDx*58,gDy*27,gDz*0)),rgb(1,0.21094,0));
		draw(
			ellipsoid( (0.74805,0.64544,-0.15438), (0.66324,-0.71894,0.20794), (-0.023218,0.25794,0.96588), 0.20891, 0.13605, 0.15947, (gDx*59,gDy*27,gDz*0)),rgb(0.59375,1,0));
		draw(
			ellipsoid( (0.72157,0.65408,-0.22697), (0.68799,-0.71409,0.12936), (0.077469,0.24949,0.96527), 0.20899, 0.11439, 0.15486, (gDx*60,gDy*27,gDz*0)),rgb(0.21875,1,0));
		draw(
			ellipsoid( (0.69082,-0.66256,0.28945), (-0.59159,-0.28782,0.75311), (0.41567,0.6915,0.5908), 0.146, 0.18714, 0.17095, (gDx*61,gDy*27,gDz*0)),rgb(1,0.89062,0));
		draw(
			ellipsoid( (-0.60984,-0.29661,0.73493), (-0.70405,0.62853,-0.33054), (0.36388,0.719,0.59213), 0.17837, 0.15777, 0.16755, (gDx*62,gDy*27,gDz*0)),rgb(1,0.46875,0));
		draw(
			ellipsoid( (0.49392,0.061589,-0.86732), (0.83339,-0.31801,0.45202), (0.24798,0.94608,0.2084), 0.17475, 0.15656, 0.16046, (gDx*63,gDy*27,gDz*0)),rgb(1,0.44531,0));
		draw(
			ellipsoid( (-0.32989,-0.359,0.8731), (0.81935,-0.56824,0.075928), (-0.46887,-0.74042,-0.4816), 0.17694, 0.16234, 0.15523, (gDx*64,gDy*27,gDz*0)),rgb(1,0.51562,0));
		draw(
			ellipsoid( (0.51572,-0.4182,-0.74776), (0.82086,0.49116,0.29145), (-0.24539,0.76411,-0.59659), 0.12246, 0.15111, 0.19702, (gDx*65,gDy*27,gDz*0)),rgb(0.5,1,0));
		draw(
			ellipsoid( (-0.24904,0.79969,-0.54634), (0.76487,-0.18364,-0.61746), (0.5941,0.57164,0.56592), 0.25574, 0.13414, 0.17958, (gDx*66,gDy*27,gDz*0)),rgb(0.125,1,0));
		draw(
			ellipsoid( (-0.5044,0.64656,-0.57231), (0.70191,0.69305,0.16434), (-0.5029,0.31882,0.8034), 0.18143, 0.12905, 0.11708, (gDx*67,gDy*27,gDz*0)),rgb(0.52344,1,0));
		draw(
			ellipsoid( (-0.13593,-0.97594,-0.17046), (-0.97903,0.15868,-0.12775), (-0.15173,-0.14952,0.97705), 0.21601, 0.23038, 0.22502, (gDx*68,gDy*27,gDz*0)),rgb(1,0.25781,0));
		draw(
			ellipsoid( (0.46124,-0.27815,-0.84255), (-0.87799,-0.0060632,-0.47864), (-0.12803,-0.96052,0.24701), 0.28294, 0.27332, 0.26401, (gDx*69,gDy*27,gDz*0)),rgb(1,0.28125,0));
		draw(
			ellipsoid( (-0.63315,0.15029,0.7593), (0.72462,0.45996,0.51319), (0.27213,-0.87513,0.40012), 0.19691, 0.16359, 0.18124, (gDx*70,gDy*27,gDz*0)),rgb(1,0.70312,0));
		draw(
			ellipsoid( (-0.89631,-0.35464,-0.26619), (-0.41059,0.89047,0.19617), (-0.16746,-0.28513,0.94375), 0.1462, 0.16716, 0.17843, (gDx*71,gDy*27,gDz*0)),rgb(1,0.75,0));
		draw(
			ellipsoid( (-0.24922,0.18124,-0.95134), (-0.84792,-0.51543,0.12393), (0.46789,-0.83755,-0.28214), 0.22721, 0.15826, 0.13176, (gDx*72,gDy*27,gDz*0)),rgb(0.3125,1,0));
		draw(
			ellipsoid( (0.32042,-0.11929,0.93973), (0.93037,0.22619,-0.28852), (0.17814,-0.96675,-0.18346), 0.2089, 0.1255, 0.088288, (gDx*73,gDy*27,gDz*0)),rgb(0,1,0.27344));
		draw(
			ellipsoid( (0.42452,-0.17721,0.88791), (-0.87186,-0.34452,0.34809), (-0.24422,0.9219,0.30076), 0.23335, 0.15034, 0.13396, (gDx*74,gDy*27,gDz*0)),rgb(0.24219,1,0));
		draw(
			ellipsoid( (0.4682,-0.28859,0.83517), (0.85573,0.38371,-0.34713), (0.22028,-0.8772,-0.42661), 0.21595, 0.17742, 0.14947, (gDx*75,gDy*27,gDz*0)),rgb(0.75781,1,0));
		draw(
			ellipsoid( (0.20285,-0.51393,0.83351), (-0.96533,0.03784,0.25827), (0.16427,0.857,0.48843), 0.19066, 0.15612, 0.14062, (gDx*76,gDy*27,gDz*0)),rgb(0.92188,1,0));
		draw(
			ellipsoid( (0.21765,-0.52706,0.82148), (-0.94878,0.083214,0.30477), (0.22899,0.84574,0.48195), 0.19307, 0.15352, 0.13964, (gDx*77,gDy*27,gDz*0)),rgb(0.85156,1,0));
		draw(
			ellipsoid( (0.53602,-0.37876,0.75447), (-0.84048,-0.15558,0.51903), (0.079206,0.91232,0.40173), 0.20209, 0.17795, 0.17071, (gDx*78,gDy*27,gDz*0)),rgb(1,0.65625,0));
		draw(
			ellipsoid( (0.20901,-0.14786,0.96667), (-0.97232,0.074111,0.22157), (0.1044,0.98623,0.12828), 0.32385, 0.30996, 0.28982, (gDx*32,gDy*28,gDz*0)),rgb(1,0.44531,0));
		draw(
			ellipsoid( (0.19831,-0.15056,0.96851), (-0.97504,0.070373,0.21058), (0.099862,0.98609,0.13284), 0.32273, 0.30933, 0.28962, (gDx*33,gDy*28,gDz*0)),rgb(1,0.42188,0));
		draw(
			ellipsoid( (0.64681,0.62001,-0.44411), (0.75304,-0.42701,0.5006), (-0.12073,0.65822,0.74308), 0.25097, 0.24475, 0.23358, (gDx*34,gDy*28,gDz*0)),rgb(1,0.28125,0));
		draw(
			ellipsoid( (0.39312,0.91302,-0.10887), (0.91685,-0.38026,0.12161), (-0.069637,0.14762,0.98659), 0.15546, 0.12485, 0.1063, (gDx*35,gDy*28,gDz*0)),rgb(0.73438,1,0));
		draw(
			ellipsoid( (-0.33662,-0.94027,0.050758), (-0.88953,0.29985,-0.3447), (-0.30889,0.16118,0.93734), 0.18329, 0.1535, 0.14091, (gDx*36,gDy*28,gDz*0)),rgb(1,0.96094,0));
		draw(
			ellipsoid( (0.46842,0.049365,-0.88212), (-0.83798,0.34118,-0.42589), (-0.27994,-0.9387,-0.20119), 0.17889, 0.18819, 0.20138, (gDx*37,gDy*28,gDz*0)),rgb(1,0.46875,0));
		draw(
			ellipsoid( (0.47687,0.60898,0.63383), (0.83421,-0.54076,-0.10807), (-0.27694,-0.58028,0.76589), 0.2239, 0.21646, 0.21344, (gDx*38,gDy*28,gDz*0)),rgb(1,0.21094,0));
		draw(
			ellipsoid( (-0.18213,0.097825,-0.9784), (0.89309,-0.39982,-0.20623), (0.41135,0.91136,0.014548), 0.28604, 0.27674, 0.27338, (gDx*39,gDy*28,gDz*0)),rgb(1,0.1875,0));
		draw(
			ellipsoid( (0.53673,0.84208,0.053044), (0.68701,-0.47266,0.55191), (-0.48983,0.25979,0.83221), 0.28324, 0.29735, 0.30852, (gDx*40,gDy*28,gDz*0)),rgb(1,0.35156,0));
		draw(
			ellipsoid( (-0.96925,0.2226,0.10485), (0.23761,0.95745,0.16382), (0.06392,-0.18369,0.9809), 0.18656, 0.19524, 0.20132, (gDx*41,gDy*28,gDz*0)),rgb(1,0.30469,0));
		draw(
			ellipsoid( (0.86485,-0.35897,-0.35097), (-0.4201,-0.90024,-0.11443), (0.27488,-0.2464,0.92937), 0.11153, 0.185, 0.17245, (gDx*42,gDy*28,gDz*0)),rgb(0.33594,1,0));
		draw(
			ellipsoid( (0.8488,-0.30542,-0.43157), (-0.3379,0.31443,-0.88711), (-0.40664,-0.89881,-0.16368), 0.13393, 0.17566, 0.18684, (gDx*43,gDy*28,gDz*0)),rgb(0.80469,1,0));
		draw(
			ellipsoid( (0.70198,-0.65968,0.26842), (-0.7104,-0.62174,0.32981), (0.050684,0.4222,0.90508), 0.18816, 0.12055, 0.11415, (gDx*44,gDy*28,gDz*0)),rgb(0.33594,1,0));
		draw(
			ellipsoid( (0.49154,-0.82637,0.27476), (-0.85496,-0.51792,-0.028203), (-0.16561,0.22104,0.9611), 0.25211, 0.1105, 0.104, (gDx*45,gDy*28,gDz*0)),rgb(0,1,0.46094));
		draw(
			ellipsoid( (0.33132,-0.91849,0.2159), (-0.93895,-0.29848,0.17111), (0.092727,0.25941,0.96131), 0.26132, 0.11672, 0.09363, (gDx*46,gDy*28,gDz*0)),rgb(0,1,0.57812));
		draw(
			ellipsoid( (-0.29679,0.95393,0.04404), (0.91287,0.29695,-0.28016), (0.28033,0.042947,0.95894), 0.21834, 0.15175, 0.10554, (gDx*47,gDy*28,gDz*0)),rgb(0,1,0.039062));
		draw(
			ellipsoid( (-0.69442,0.71951,0.0090549), (0.67168,0.64364,0.36685), (-0.25812,-0.26083,0.93024), 0.20027, 0.14678, 0.11931, (gDx*48,gDy*28,gDz*0)),rgb(0.38281,1,0));
		draw(
			ellipsoid( (-0.62629,0.77549,-0.079835), (0.5729,0.38837,-0.72177), (0.52872,0.49778,0.68751), 0.21346, 0.095111, 0.15076, (gDx*49,gDy*28,gDz*0)),rgb(0,1,0.17969));
		draw(
			ellipsoid( (-0.55766,0.80366,0.20769), (0.78669,0.43188,0.44113), (-0.26483,-0.40939,0.87308), 0.19395, 0.17415, 0.1572, (gDx*50,gDy*28,gDz*0)),rgb(1,0.77344,0));
		draw(
			ellipsoid( (-0.8853,-0.060203,0.4611), (-0.37911,0.66766,-0.64071), (0.26929,0.74203,0.6139), 0.18729, 0.16226, 0.17014, (gDx*51,gDy*28,gDz*0)),rgb(1,0.5625,0));
		draw(
			ellipsoid( (-0.18509,-0.72098,0.66778), (-0.93349,-0.083396,-0.34878), (-0.30715,0.68792,0.65759), 0.32527, 0.34204, 0.33992, (gDx*52,gDy*28,gDz*0)),rgb(1,0.23438,0));
		draw(
			ellipsoid( (-0.99049,-0.13331,0.033982), (-0.12882,0.81201,-0.56925), (-0.048294,0.56821,0.82146), 0.45045, 0.48675, 0.53489, (gDx*53,gDy*28,gDz*0)),rgb(1,0.65625,0));
		draw(
			ellipsoid( (-0.91756,-0.39009,-0.076883), (-0.36205,0.89969,-0.24387), (-0.1643,0.19593,0.96676), 0.47778, 0.60558, 0.63095, (gDx*54,gDy*28,gDz*0)),rgb(0.94531,1,0));
		draw(
			ellipsoid( (-0.89747,-0.42107,0.13132), (-0.40433,0.66643,-0.62641), (-0.17625,0.61529,0.76835), 0.4154, 0.43574, 0.46291, (gDx*55,gDy*28,gDz*0)),rgb(1,0.42188,0));
		draw(
			ellipsoid( (-0.76602,-0.62951,0.13013), (-0.58009,0.76418,0.282), (0.27697,-0.14053,0.95055), 0.22349, 0.17998, 0.18636, (gDx*56,gDy*28,gDz*0)),rgb(1,0.84375,0));
		draw(
			ellipsoid( (-0.73176,-0.65444,0.19035), (-0.62372,0.75561,0.20008), (0.27477,-0.027686,0.96111), 0.21838, 0.17225, 0.18305, (gDx*57,gDy*28,gDz*0)),rgb(1,0.89062,0));
		draw(
			ellipsoid( (0.39704,0.29154,-0.87027), (-0.708,0.70068,-0.088278), (-0.58404,-0.6512,-0.4846), 0.24444, 0.25128, 0.25639, (gDx*58,gDy*28,gDz*0)),rgb(1,0.1875,0));
		draw(
			ellipsoid( (0.44442,0.46304,-0.76687), (0.79868,0.1829,0.57329), (-0.40572,0.86726,0.28854), 0.25141, 0.26341, 0.25998, (gDx*59,gDy*28,gDz*0)),rgb(1,0.1875,0));
		draw(
			ellipsoid( (-0.68238,-0.71587,0.14793), (-0.67078,0.69365,0.26251), (0.29054,-0.079902,0.95352), 0.21488, 0.12459, 0.14671, (gDx*60,gDy*28,gDz*0)),rgb(0.3125,1,0));
		draw(
			ellipsoid( (0.66123,0.71642,-0.22254), (0.75003,-0.63727,0.17701), (0.015004,0.28396,0.95872), 0.21633, 0.11203, 0.16172, (gDx*61,gDy*28,gDz*0)),rgb(0.10156,1,0));
		draw(
			ellipsoid( (0.73486,-0.61609,0.28356), (-0.51127,-0.22851,0.82848), (0.44562,0.7538,0.48291), 0.13761, 0.18952, 0.16804, (gDx*62,gDy*28,gDz*0)),rgb(0.89844,1,0));
		draw(
			ellipsoid( (0.4779,0.15457,-0.86471), (0.82975,-0.40253,0.38663), (0.28831,0.90226,0.32062), 0.17573, 0.15661, 0.16052, (gDx*63,gDy*28,gDz*0)),rgb(1,0.46875,0));
		draw(
			ellipsoid( (-0.39968,-0.046102,0.91549), (0.75707,0.5465,0.35804), (0.51682,-0.83619,0.18352), 0.17894, 0.15846, 0.16427, (gDx*64,gDy*28,gDz*0)),rgb(1,0.49219,0));
		draw(
			ellipsoid( (0.45673,-0.68869,0.56312), (-0.88687,-0.30291,0.34886), (0.069677,0.65875,0.74913), 0.18057, 0.14476, 0.15193, (gDx*65,gDy*28,gDz*0)),rgb(1,0.84375,0));
		draw(
