	import three;
	import settings;

	surface ellipsoid(triple v1,triple v2,triple v3,real l1,real l2, real l3, triple pos=O) {
		transform3 T = identity(4);
		T[0][0] = l1*v1.x;
		T[1][0] = l1*v1.y;
		T[2][0] = l1*v1.z;
		T[0][1] = l2*v2.x;
		T[1][1] = l2*v2.y;
		T[2][1] = l2*v2.z;
		T[0][2] = l3*v3.x;
		T[1][2] = l3*v3.y;
		T[2][2] = l3*v3.z;
		T[0][3] = pos.x;
		T[1][3] = pos.y;
		T[2][3] = pos.z;
		return T*unitsphere;
	}

	size(200);

	real gDx=0.25;
	real gDy=0.25;
	real gDz=0.25;

	currentprojection=perspective( camera=(gDx*55.5,gDy*55.5,112),up=Y, target=(gDx*55.5,gDy*55.5,gDz*-0.5));
		draw(
			ellipsoid( (0.48145,0.87248,0.083559), (0.87322,-0.48569,0.039948), (-0.075437,-0.053732,0.9957), 0.25489, 0.20563, 0.17614, (gDx*58,gDy*22,gDz*0)),rgb(0.78125,1,0));
		draw(
			ellipsoid( (0.35298,0.92886,0.11234), (0.93003,-0.36144,0.066321), (-0.10221,-0.081073,0.99145), 0.24998, 0.21417, 0.18405, (gDx*59,gDy*22,gDz*0)),rgb(0.96875,1,0));
		draw(
			ellipsoid( (-0.16347,-0.12164,0.97902), (0.98302,-0.10394,0.15123), (-0.083362,-0.98712,-0.13657), 0.18943, 0.21775, 0.24504, (gDx*60,gDy*22,gDz*0)),rgb(1,0.9375,0));
		draw(
			ellipsoid( (-0.22122,-0.21241,0.95181), (0.96665,-0.17687,0.1852), (-0.12901,-0.96104,-0.24445), 0.25634, 0.28536, 0.31435, (gDx*61,gDy*22,gDz*0)),rgb(1,0.75,0));
		draw(
			ellipsoid( (0.3485,0.92086,0.17482), (0.88501,-0.38471,0.26223), (-0.30873,-0.06333,0.94904), 0.33094, 0.28901, 0.27738, (gDx*62,gDy*22,gDz*0)),rgb(1,0.65625,0));
		draw(
			ellipsoid( (-0.49601,-0.82689,0.26499), (-0.72806,0.56235,0.39203), (0.47319,-0.0015238,0.88096), 0.20477, 0.17827, 0.17177, (gDx*63,gDy*22,gDz*0)),rgb(1,0.65625,0));
		draw(
			ellipsoid( (0.47741,0.77497,-0.41412), (0.8209,-0.2253,0.52475), (-0.31337,0.59047,0.74373), 0.1631, 0.12999, 0.12351, (gDx*64,gDy*22,gDz*0)),rgb(0.96875,1,0));
		draw(
			ellipsoid( (0.26589,0.95176,-0.15315), (0.94263,-0.22342,0.24804), (-0.20186,0.21032,0.95657), 0.21107, 0.17833, 0.16432, (gDx*65,gDy*22,gDz*0)),rgb(1,0.9375,0));
		draw(
			ellipsoid( (0.12171,0.99125,0.051142), (0.97858,-0.12846,0.16088), (-0.16604,-0.030465,0.98565), 0.30929, 0.26751, 0.24142, (gDx*66,gDy*22,gDz*0)),rgb(1,0.84375,0));
		draw(
			ellipsoid( (0.091433,0.988,0.1245), (0.99127,-0.10222,0.083223), (-0.094952,-0.11581,0.98872), 0.26489, 0.22338, 0.18713, (gDx*67,gDy*22,gDz*0)),rgb(0.875,1,0));
		draw(
			ellipsoid( (-0.052142,-0.17104,0.98388), (0.99718,-0.062241,0.042026), (-0.054049,-0.9833,-0.17381), 0.14252, 0.18943, 0.22851, (gDx*68,gDy*22,gDz*0)),rgb(0.5,1,0));
		draw(
			ellipsoid( (0.18123,0.89256,0.4129), (0.9673,-0.086035,-0.23859), (0.17744,-0.44264,0.87897), 0.44462, 0.37137, 0.32601, (gDx*69,gDy*22,gDz*0)),rgb(0.96875,1,0));
		draw(
			ellipsoid( (0.60739,0.41399,0.67801), (0.78353,-0.17148,-0.59722), (0.13098,-0.89398,0.42853), 0.45562, 0.36964, 0.40072, (gDx*44,gDy*23,gDz*0)),rgb(1,0.75,0));
		draw(
			ellipsoid( (0.65269,0.36045,0.66639), (0.74059,-0.11805,-0.66151), (0.15977,-0.92528,0.34399), 0.46985, 0.3799, 0.41125, (gDx*45,gDy*23,gDz*0)),rgb(1,0.75,0));
		draw(
			ellipsoid( (0.49812,0.63059,0.59517), (0.83028,-0.54477,-0.11771), (-0.25001,-0.5528,0.79493), 0.38691, 0.32245, 0.30818, (gDx*49,gDy*23,gDz*0)),rgb(1,0.84375,0));
		draw(
			ellipsoid( (-0.95225,0.30439,0.023906), (0.29934,0.91529,0.26951), (-0.060153,-0.26379,0.9627), 0.38147, 0.38993, 0.35031, (gDx*56,gDy*23,gDz*0)),rgb(1,0.46875,0));
		draw(
			ellipsoid( (-0.7305,-0.61035,0.30633), (-0.52105,0.78811,0.32772), (0.44144,-0.079785,0.89373), 0.2172, 0.17802, 0.16807, (gDx*57,gDy*23,gDz*0)),rgb(1,0.9375,0));
		draw(
			ellipsoid( (-0.59703,-0.62735,0.5), (-0.58684,-0.083416,-0.80539), (-0.54697,0.77426,0.31835), 0.19153, 0.14065, 0.15108, (gDx*58,gDy*23,gDz*0)),rgb(0.875,1,0));
		draw(
			ellipsoid( (0.33953,0.77605,-0.53148), (0.91381,-0.40604,-0.0090959), (0.22286,0.48258,0.84702), 0.18316, 0.159, 0.14321, (gDx*59,gDy*23,gDz*0)),rgb(1,0.84375,0));
		draw(
			ellipsoid( (-0.13986,0.80637,-0.57464), (0.9414,-0.071601,-0.32959), (0.30692,0.58706,0.7491), 0.17548, 0.13919, 0.1262, (gDx*60,gDy*23,gDz*0)),rgb(0.875,1,0));
		draw(
			ellipsoid( (-0.58858,-0.44213,-0.67682), (-0.78816,0.1275,0.60212), (0.17992,-0.88784,0.42351), 0.1427, 0.15774, 0.17524, (gDx*61,gDy*23,gDz*0)),rgb(1,0.75,0));
		draw(
			ellipsoid( (-0.61969,-0.45594,-0.63883), (-0.76705,0.52419,0.36994), (-0.16619,-0.71926,0.67457), 0.15657, 0.16708, 0.18125, (gDx*62,gDy*23,gDz*0)),rgb(1,0.5625,0));
		draw(
			ellipsoid( (-0.38827,-0.51839,0.76192), (-0.7877,0.61581,0.017572), (0.47831,0.59334,0.64744), 0.18458, 0.16694, 0.16252, (gDx*63,gDy*23,gDz*0)),rgb(1,0.46875,0));
		draw(
			ellipsoid( (0.34394,0.42281,-0.83841), (0.92413,0.0058003,0.38203), (-0.16639,0.9062,0.38874), 0.17352, 0.15021, 0.138, (gDx*64,gDy*23,gDz*0)),rgb(1,0.84375,0));
		draw(
			ellipsoid( (-0.94491,0.32203,0.058611), (0.32536,0.90452,0.27564), (-0.035748,-0.27952,0.95947), 0.13661, 0.14603, 0.17781, (gDx*65,gDy*23,gDz*0)),rgb(1,0.9375,0));
		draw(
			ellipsoid( (0.9413,0.33756,-0.00024994), (0.16992,-0.47319,0.86442), (-0.29168,0.81372,0.50278), 0.15211, 0.18336, 0.16646, (gDx*66,gDy*23,gDz*0)),rgb(1,0.65625,0));
		draw(
			ellipsoid( (-0.46068,0.72173,-0.5166), (0.82935,0.55736,0.039111), (-0.31616,0.41042,0.85533), 0.18077, 0.14794, 0.16335, (gDx*67,gDy*23,gDz*0)),rgb(1,0.75,0));
		draw(
			ellipsoid( (0.70042,-0.63091,0.33372), (-0.60503,-0.77288,-0.19131), (-0.37862,0.067917,0.92306), 0.19349, 0.16893, 0.17048, (gDx*68,gDy*23,gDz*0)),rgb(1,0.5625,0));
		draw(
			ellipsoid( (-0.19323,-0.17406,0.96559), (0.9534,-0.26573,0.14289), (-0.23171,-0.9482,-0.21729), 0.26654, 0.28293, 0.29467, (gDx*69,gDy*23,gDz*0)),rgb(1,0.375,0));
		draw(
			ellipsoid( (0.13607,0.97291,0.1869), (0.97739,-0.10101,-0.18577), (0.16186,-0.20795,0.96465), 0.26811, 0.23332, 0.22364, (gDx*70,gDy*23,gDz*0)),rgb(1,0.65625,0));
		draw(
			ellipsoid( (0.21418,0.97675,0.0088529), (0.97456,-0.21307,-0.069491), (0.06599,-0.023512,0.99754), 0.17166, 0.14039, 0.12178, (gDx*71,gDy*23,gDz*0)),rgb(0.875,1,0));
		draw(
			ellipsoid( (-0.62927,-0.21551,-0.74671), (-0.54804,-0.5582,0.62295), (0.55106,-0.80123,-0.23315), 0.38682, 0.34367, 0.33428, (gDx*39,gDy*24,gDz*0)),rgb(1,0.5625,0));
		draw(
			ellipsoid( (-0.71023,-0.67207,-0.20951), (-0.66895,0.55163,0.49821), (0.21926,-0.494,0.84136), 0.23653, 0.20432, 0.2154, (gDx*40,gDy*24,gDz*0)),rgb(1,0.5625,0));
		draw(
			ellipsoid( (-0.51106,-0.85859,-0.040481), (-0.63787,0.4104,-0.65168), (-0.57614,0.30723,0.75741), 0.18335, 0.16165, 0.15883, (gDx*41,gDy*24,gDz*0)),rgb(1,0.5625,0));
		draw(
			ellipsoid( (-0.56412,0.087552,0.82104), (0.82479,0.013282,0.56528), (-0.038586,-0.99607,0.079704), 0.15261, 0.16195, 0.17416, (gDx*42,gDy*24,gDz*0)),rgb(1,0.46875,0));
		draw(
			ellipsoid( (-0.46336,0.78227,-0.41635), (0.67202,0.0039239,-0.74053), (0.57766,0.62293,0.52752), 0.17907, 0.14909, 0.16128, (gDx*43,gDy*24,gDz*0)),rgb(1,0.65625,0));
		draw(
			ellipsoid( (0.67168,0.34421,0.65602), (0.72858,-0.14648,-0.66912), (0.13422,-0.9274,0.34917), 0.29245, 0.25409, 0.27067, (gDx*44,gDy*24,gDz*0)),rgb(1,0.5625,0));
		draw(
			ellipsoid( (0.58585,0.65043,0.48345), (0.80595,-0.40508,-0.43169), (0.084949,-0.64254,0.76153), 0.30078, 0.26298, 0.27224, (gDx*45,gDy*24,gDz*0)),rgb(1,0.5625,0));
		draw(
			ellipsoid( (-0.61494,-0.67593,-0.40616), (-0.56165,0.73696,-0.37609), (-0.55354,0.0031513,0.83282), 0.19384, 0.14942, 0.16325, (gDx*46,gDy*24,gDz*0)),rgb(1,0.9375,0));
		draw(
			ellipsoid( (-0.68151,-0.65236,-0.33162), (-0.62819,0.75395,-0.19218), (-0.37539,-0.07735,0.92363), 0.18111, 0.16397, 0.15552, (gDx*47,gDy*24,gDz*0)),rgb(1,0.5625,0));
		draw(
			ellipsoid( (0.35806,-0.070217,-0.93105), (0.70022,-0.63943,0.31751), (0.61764,0.76563,0.17979), 0.14832, 0.17957, 0.17032, (gDx*48,gDy*24,gDz*0)),rgb(1,0.75,0));
		draw(
			ellipsoid( (-0.51837,-0.090454,0.85036), (-0.84773,0.18514,-0.49707), (0.11247,0.97854,0.17265), 0.18216, 0.22287, 0.21966, (gDx*49,gDy*24,gDz*0)),rgb(1,0.84375,0));
		draw(
			ellipsoid( (0.52791,0.17007,-0.8321), (-0.65234,-0.54617,-0.5255), (0.54383,-0.82023,0.17739), 0.25713, 0.32231, 0.29497, (gDx*50,gDy*24,gDz*0)),rgb(1,0.84375,0));
		draw(
			ellipsoid( (-0.67299,-0.51822,-0.52776), (-0.54584,-0.13356,0.82718), (0.49915,-0.84475,0.19298), 0.45116, 0.33906, 0.36464, (gDx*51,gDy*24,gDz*0)),rgb(0.96875,1,0));
		draw(
			ellipsoid( (-0.77016,-0.48504,0.41424), (-0.6231,0.43323,-0.6512), (-0.13639,0.75964,0.63588), 0.45622, 0.5039, 0.53444, (gDx*55,gDy*24,gDz*0)),rgb(1,0.5625,0));
		draw(
			ellipsoid( (0.99486,0.10122,-0.00012413), (0.092183,-0.90654,-0.41193), (0.041809,-0.40981,0.91121), 0.29547, 0.27974, 0.26552, (gDx*56,gDy*24,gDz*0)),rgb(1,0.375,0));
		draw(
			ellipsoid( (0.77865,0.27733,-0.56283), (0.6028,-0.081692,0.7937), (-0.17414,0.95729,0.23079), 0.13817, 0.076213, 0.067608, (gDx*57,gDy*24,gDz*0)),rgb(0,1,0.0625));
		draw(
			ellipsoid( (-0.54941,-0.29156,0.78303), (-0.65304,-0.43476,-0.62009), (-0.52123,0.85204,-0.048462), 0.23788, 0.14083, 0.17519, (gDx*58,gDy*24,gDz*0)),rgb(0.40625,1,0));
		draw(
			ellipsoid( (0.54176,0.55387,-0.63224), (0.83743,-0.42026,0.34942), (0.072168,0.71876,0.69151), 0.17984, 0.15932, 0.12007, (gDx*59,gDy*24,gDz*0)),rgb(0.6875,1,0));
		draw(
			ellipsoid( (-0.23876,0.66152,0.7109), (0.96895,0.1138,0.21953), (-0.064327,-0.74124,0.66815), 0.12296, 0.16842, 0.19902, (gDx*60,gDy*24,gDz*0)),rgb(0.5,1,0));
		draw(
			ellipsoid( (0.25189,0.70407,-0.66396), (0.95855,-0.087106,0.27128), (-0.13317,0.70477,0.69682), 0.18637, 0.12275, 0.093339, (gDx*61,gDy*24,gDz*0)),rgb(0.03125,1,0));
		draw(
			ellipsoid( (-0.38806,-0.51715,0.76287), (-0.805,0.59322,-0.0073367), (0.44876,0.61696,0.64652), 0.17237, 0.13469, 0.11447, (gDx*62,gDy*24,gDz*0)),rgb(0.6875,1,0));
		draw(
			ellipsoid( (0.56271,0.74542,0.35735), (0.75913,-0.63709,0.13357), (-0.32723,-0.19612,0.92437), 0.15888, 0.17184, 0.18723, (gDx*63,gDy*24,gDz*0)),rgb(1,0.65625,0));
		draw(
			ellipsoid( (-0.4919,0.19402,0.84876), (0.82401,-0.21106,0.5258), (-0.28116,-0.95802,0.056054), 0.18733, 0.17099, 0.15927, (gDx*64,gDy*24,gDz*0)),rgb(1,0.5625,0));
		draw(
			ellipsoid( (-0.86468,-0.49012,-0.11004), (-0.49231,0.87038,-0.0081972), (-0.099792,-0.047084,0.99389), 0.12507, 0.14096, 0.1755, (gDx*65,gDy*24,gDz*0)),rgb(0.875,1,0));
		draw(
			ellipsoid( (-0.8461,-0.51829,0.12446), (-0.50576,0.85435,0.11953), (0.16828,-0.038188,0.985), 0.10405, 0.1637, 0.20115, (gDx*66,gDy*24,gDz*0)),rgb(0.125,1,0));
		draw(
			ellipsoid( (-0.54753,-0.79051,0.27443), (-0.77958,0.60106,0.17602), (0.30409,0.11756,0.94536), 0.099107, 0.14972, 0.14169, (gDx*67,gDy*24,gDz*0)),rgb(0.59375,1,0));
		draw(
			ellipsoid( (0.32396,0.94188,0.088997), (0.89713,-0.3357,0.28717), (-0.30036,0.01319,0.95374), 0.18198, 0.20632, 0.19566, (gDx*68,gDy*24,gDz*0)),rgb(1,0.46875,0));
		draw(
			ellipsoid( (0.39458,-0.51562,0.76056), (-0.91822,-0.25211,0.30546), (-0.034245,0.81889,0.57293), 0.21659, 0.20647, 0.19355, (gDx*69,gDy*24,gDz*0)),rgb(1,0.46875,0));
		draw(
			ellipsoid( (-0.14439,-0.70322,0.69615), (-0.90187,-0.19596,-0.38502), (-0.40717,0.68343,0.60592), 0.19195, 0.16538, 0.15738, (gDx*70,gDy*24,gDz*0)),rgb(1,0.75,0));
		draw(
			ellipsoid( (0.055892,0.75056,-0.65843), (0.99515,-0.095381,-0.024253), (0.081005,0.65388,0.75225), 0.16846, 0.13122, 0.13485, (gDx*71,gDy*24,gDz*0)),rgb(1,0.9375,0));
		draw(
			ellipsoid( (0.32109,-0.85145,0.41466), (-0.94571,-0.31158,0.092512), (-0.050431,0.42185,0.90526), 0.23019, 0.21272, 0.20818, (gDx*72,gDy*24,gDz*0)),rgb(1,0.375,0));
		draw(
			ellipsoid( (-0.9799,0.1234,0.15676), (0.17801,0.8956,0.40769), (0.090086,-0.4274,0.89956), 0.38858, 0.40011, 0.36677, (gDx*73,gDy*24,gDz*0)),rgb(1,0.375,0));
		draw(
			ellipsoid( (-0.21998,0.46093,-0.85974), (0.9682,-0.0044494,-0.25012), (0.11911,0.88743,0.4453), 0.43599, 0.52218, 0.5687, (gDx*74,gDy*24,gDz*0)),rgb(1,0.9375,0));
		draw(
			ellipsoid( (0.5398,0.12507,0.83245), (0.78162,-0.44165,-0.44048), (-0.31256,-0.88843,0.33616), 0.61557, 0.48369, 0.47817, (gDx*36,gDy*25,gDz*0)),rgb(0.96875,1,0));
		draw(
			ellipsoid( (-0.54281,-0.1564,-0.82517), (-0.71917,-0.42088,0.55285), (0.43376,-0.89353,-0.11598), 0.56875, 0.47168, 0.4826, (gDx*37,gDy*25,gDz*0)),rgb(1,0.75,0));
		draw(
			ellipsoid( (0.40113,0.37073,0.83765), (0.8316,-0.53083,-0.16329), (-0.38412,-0.76209,0.52123), 0.44676, 0.40247, 0.39797, (gDx*38,gDy*25,gDz*0)),rgb(1,0.46875,0));
		draw(
			ellipsoid( (0.83261,0.54669,-0.088805), (0.52688,-0.83124,-0.17731), (0.17075,-0.10084,0.98014), 0.25628, 0.22705, 0.23353, (gDx*39,gDy*25,gDz*0)),rgb(1,0.46875,0));
		draw(
			ellipsoid( (0.80942,0.53883,-0.23346), (0.5854,-0.70905,0.39313), (-0.046294,0.45487,0.88935), 0.16897, 0.13388, 0.12568, (gDx*40,gDy*25,gDz*0)),rgb(0.96875,1,0));
		draw(
			ellipsoid( (-0.55596,-0.72232,0.41129), (-0.7507,0.22389,-0.62155), (-0.35688,0.65432,0.66671), 0.16946, 0.15002, 0.15317, (gDx*41,gDy*25,gDz*0)),rgb(1,0.46875,0));
		draw(
			ellipsoid( (-0.85508,-0.42343,-0.29924), (-0.49129,0.84616,0.20653), (-0.16576,-0.32361,0.93156), 0.12878, 0.16476, 0.1582, (gDx*42,gDy*25,gDz*0)),rgb(1,0.9375,0));
		draw(
			ellipsoid( (0.83307,-0.51228,0.20872), (-0.54641,-0.82087,0.16615), (-0.086216,0.25246,0.96376), 0.16118, 0.1393, 0.14717, (gDx*43,gDy*25,gDz*0)),rgb(1,0.5625,0));
		draw(
			ellipsoid( (-0.58423,0.16832,0.79394), (0.80963,0.052973,0.58454), (-0.056334,-0.98431,0.16723), 0.17379, 0.18902, 0.18217, (gDx*44,gDy*25,gDz*0)),rgb(1,0.375,0));
		draw(
			ellipsoid( (-0.70962,-0.58691,-0.38983), (-0.53722,0.80869,-0.23962), (-0.45589,-0.039388,0.88916), 0.16093, 0.1398, 0.13472, (gDx*45,gDy*25,gDz*0)),rgb(1,0.65625,0));
		draw(
			ellipsoid( (-0.17789,0.36285,-0.91471), (0.97574,-0.055529,-0.21179), (0.12764,0.93019,0.34417), 0.11965, 0.13537, 0.15584, (gDx*46,gDy*25,gDz*0)),rgb(1,0.9375,0));
		draw(
			ellipsoid( (0.39326,0.030074,0.91894), (0.63963,-0.72692,-0.24994), (-0.66047,-0.68606,0.3051), 0.13645, 0.18852, 0.16759, (gDx*47,gDy*25,gDz*0)),rgb(0.875,1,0));
		draw(
			ellipsoid( (0.99518,0.08294,0.052276), (0.084064,-0.44752,-0.89031), (0.050448,-0.89042,0.45234), 0.17685, 0.12625, 0.15404, (gDx*48,gDy*25,gDz*0)),rgb(0.875,1,0));
		draw(
			ellipsoid( (-0.86377,0.31081,-0.39661), (0.38831,-0.091,-0.91702), (0.32111,0.94611,0.04209), 0.17791, 0.12782, 0.15325, (gDx*49,gDy*25,gDz*0)),rgb(0.875,1,0));
		draw(
			ellipsoid( (-0.81841,0.48526,-0.30779), (0.35321,0.84729,0.39666), (-0.45327,-0.21591,0.86483), 0.18077, 0.13923, 0.11482, (gDx*50,gDy*25,gDz*0)),rgb(0.59375,1,0));
		draw(
			ellipsoid( (-0.92723,0.31507,-0.2024), (0.31592,0.36794,-0.87454), (0.20107,0.87484,0.4407), 0.22206, 0.16664, 0.18016, (gDx*51,gDy*25,gDz*0)),rgb(0.96875,1,0));
		draw(
			ellipsoid( (0.8302,0.47011,0.29961), (0.51059,-0.85695,-0.070195), (-0.22375,-0.21125,0.95148), 0.35756, 0.3192, 0.30968, (gDx*52,gDy*25,gDz*0)),rgb(1,0.5625,0));
		draw(
			ellipsoid( (-0.75982,-0.55172,0.34392), (-0.63462,0.5145,-0.57667), (-0.14121,0.65642,0.74106), 0.45639, 0.49626, 0.52373, (gDx*55,gDy*25,gDz*0)),rgb(1,0.5625,0));
		draw(
			ellipsoid( (0.99506,0.035032,0.092882), (0.085451,-0.77847,-0.62184), (-0.050521,-0.6267,0.77762), 0.23214, 0.20846, 0.19919, (gDx*56,gDy*25,gDz*0)),rgb(1,0.5625,0));
		draw(
			ellipsoid( (0.88047,0.076633,-0.46787), (0.46551,0.047312,0.88378), (-0.089863,0.99594,-0.0059832), 0.16138, 0.1215, 0.11819, (gDx*57,gDy*25,gDz*0)),rgb(0.875,1,0));
		draw(
			ellipsoid( (0.66496,0.28968,-0.68841), (0.74349,-0.16905,0.64703), (-0.071056,0.94207,0.32779), 0.25589, 0.16633, 0.19187, (gDx*58,gDy*25,gDz*0)),rgb(0.59375,1,0));
		draw(
			ellipsoid( (0.83591,0.48072,-0.26488), (0.5139,-0.85498,0.070081), (0.19278,0.1947,0.96173), 0.17136, 0.13393, 0.13577, (gDx*59,gDy*25,gDz*0)),rgb(1,0.9375,0));
		draw(
			ellipsoid( (-0.52483,-0.66467,0.53176), (-0.79493,0.15934,-0.58541), (-0.30437,0.72995,0.61199), 0.17398, 0.15455, 0.13689, (gDx*60,gDy*25,gDz*0)),rgb(1,0.84375,0));
		draw(
			ellipsoid( (-0.3158,-0.73613,0.59865), (-0.90053,0.033801,-0.43348), (-0.29886,0.67599,0.67358), 0.1859, 0.14615, 0.11259, (gDx*61,gDy*25,gDz*0)),rgb(0.5,1,0));
		draw(
			ellipsoid( (0.36194,0.6804,-0.63723), (0.90376,-0.088558,0.41877), (-0.2285,0.72747,0.64697), 0.22049, 0.15443, 0.11628, (gDx*62,gDy*25,gDz*0)),rgb(0.125,1,0));
		draw(
			ellipsoid( (0.39525,0.5936,-0.70102), (0.90791,-0.13648,0.39633), (-0.13959,0.79311,0.59287), 0.19292, 0.14475, 0.1103, (gDx*63,gDy*25,gDz*0)),rgb(0.3125,1,0));
		draw(
			ellipsoid( (-0.1917,-0.79192,-0.57975), (-0.97355,0.22824,0.010142), (-0.12429,-0.56636,0.81473), 0.11142, 0.15589, 0.18838, (gDx*64,gDy*25,gDz*0)),rgb(0.40625,1,0));
		draw(
			ellipsoid( (0.5915,0.63898,0.49176), (0.7598,-0.2376,-0.60519), (0.26986,-0.73161,0.62604), 0.10783, 0.1461, 0.20458, (gDx*65,gDy*25,gDz*0)),rgb(0.125,1,0));
		draw(
			ellipsoid( (-0.34621,0.87304,-0.34342), (0.91017,0.22382,-0.34856), (0.22744,0.43324,0.87211), 0.25416, 0.12257, 0.17001, (gDx*66,gDy*25,gDz*0)),rgb(0.03125,1,0));
		draw(
			ellipsoid( (-0.66364,0.72518,-0.18355), (0.56389,0.32373,-0.75975), (0.49154,0.6077,0.62377), 0.16309, 0.12898, 0.13923, (gDx*67,gDy*25,gDz*0)),rgb(1,0.84375,0));
		draw(
			ellipsoid( (-0.046098,-0.98492,-0.16674), (-0.99479,0.060464,-0.082132), (-0.090975,-0.16209,0.98257), 0.20568, 0.22298, 0.2198, (gDx*68,gDy*25,gDz*0)),rgb(1,0.375,0));
		draw(
			ellipsoid( (0.26616,-0.39583,0.87891), (-0.95982,-0.024772,0.27951), (0.088863,0.91799,0.38652), 0.22622, 0.22094, 0.20801, (gDx*69,gDy*25,gDz*0)),rgb(1,0.375,0));
		draw(
			ellipsoid( (-0.40133,-0.55504,0.7286), (-0.8226,-0.13142,-0.55322), (-0.40282,0.82137,0.40383), 0.1926, 0.16797, 0.14775, (gDx*70,gDy*25,gDz*0)),rgb(1,0.9375,0));
		draw(
			ellipsoid( (-0.89728,0.41561,0.14889), (0.4179,0.69088,0.58995), (-0.14233,-0.59157,0.79359), 0.13434, 0.1582, 0.20068, (gDx*71,gDy*25,gDz*0)),rgb(0.6875,1,0));
		draw(
			ellipsoid( (0.087904,-0.47544,0.87535), (-0.98205,0.10585,0.15611), (0.16688,0.87336,0.4576), 0.201, 0.1722, 0.17314, (gDx*72,gDy*25,gDz*0)),rgb(1,0.65625,0));
		draw(
			ellipsoid( (-0.44122,-0.31632,0.8398), (0.87763,-0.34742,0.33024), (-0.1873,-0.88275,-0.4309), 0.27049, 0.27501, 0.27887, (gDx*73,gDy*25,gDz*0)),rgb(1,0.09375,0));
		draw(
			ellipsoid( (0.080009,0.99489,0.061549), (0.99265,-0.085147,0.085963), (-0.090765,-0.054219,0.9944), 0.30495, 0.28361, 0.26813, (gDx*74,gDy*25,gDz*0)),rgb(1,0.46875,0));
		draw(
			ellipsoid( (-0.99123,0.1133,0.068017), (0.11835,0.9901,0.075517), (0.058788,-0.082904,0.99482), 0.2489, 0.27983, 0.20275, (gDx*75,gDy*25,gDz*0)),rgb(0.875,1,0));
		draw(
			ellipsoid( (-0.6256,0.015389,-0.77999), (0.602,-0.6264,-0.4952), (0.49621,0.77935,-0.38261), 0.45962, 0.39499, 0.38547, (gDx*35,gDy*26,gDz*0)),rgb(1,0.65625,0));
		draw(
			ellipsoid( (0.63317,0.081556,0.7697), (0.73163,0.26151,-0.62955), (0.25263,-0.96175,-0.10591), 0.37872, 0.33152, 0.33937, (gDx*36,gDy*26,gDz*0)),rgb(1,0.5625,0));
		draw(
			ellipsoid( (0.63394,0.21874,0.74181), (0.76059,-0.0025458,-0.64923), (0.14012,-0.97578,0.16798), 0.32909, 0.29857, 0.30937, (gDx*37,gDy*26,gDz*0)),rgb(1,0.375,0));
		draw(
			ellipsoid( (0.75293,-0.65062,0.098931), (-0.52883,-0.68763,-0.4975), (-0.39171,-0.32226,0.8618), 0.23208, 0.24549, 0.24007, (gDx*38,gDy*26,gDz*0)),rgb(1,0.1875,0));
		draw(
			ellipsoid( (0.68918,0.37395,-0.62063), (0.71423,-0.20629,0.66882), (-0.12208,0.90421,0.40926), 0.15555, 0.12296, 0.13834, (gDx*39,gDy*26,gDz*0)),rgb(1,0.84375,0));
		draw(
			ellipsoid( (-0.37254,-0.65631,0.65611), (-0.85971,-0.022142,-0.5103), (-0.34944,0.75417,0.55599), 0.16975, 0.15289, 0.14486, (gDx*40,gDy*26,gDz*0)),rgb(1,0.5625,0));
		draw(
			ellipsoid( (-0.75408,0.45583,0.47284), (0.64542,0.64765,0.40496), (0.12164,-0.61055,0.78258), 0.1434, 0.16852, 0.20322, (gDx*41,gDy*26,gDz*0)),rgb(0.875,1,0));
		draw(
			ellipsoid( (-0.97629,0.0011927,0.21647), (-0.18154,0.54019,-0.82173), (0.11791,0.84154,0.52716), 0.1175, 0.18041, 0.1546, (gDx*42,gDy*26,gDz*0)),rgb(0.59375,1,0));
		draw(
			ellipsoid( (0.39039,0.1881,0.90123), (0.85543,-0.43599,-0.27956), (-0.34034,-0.88007,0.33111), 0.20252, 0.18272, 0.18455, (gDx*43,gDy*26,gDz*0)),rgb(1,0.46875,0));
		draw(
			ellipsoid( (0.55214,-0.81783,-0.16216), (-0.69134,-0.34038,-0.63733), (-0.46603,-0.464,0.75334), 0.21723, 0.2365, 0.23078, (gDx*44,gDy*26,gDz*0)),rgb(1,0.375,0));
		draw(
			ellipsoid( (0.43845,-0.164,-0.88367), (0.70972,0.66641,0.22847), (-0.55141,0.72733,-0.40858), 0.1231, 0.15022, 0.16429, (gDx*45,gDy*26,gDz*0)),rgb(0.96875,1,0));
		draw(
			ellipsoid( (0.28965,-0.94294,0.16424), (-0.95425,-0.27117,0.12603), (0.0743,0.19323,0.97834), 0.22699, 0.14237, 0.12724, (gDx*46,gDy*26,gDz*0)),rgb(0.21875,1,0));
		draw(
			ellipsoid( (-0.42381,0.90173,0.085195), (0.81838,0.42154,-0.3906), (0.38813,0.095818,0.91661), 0.20995, 0.15216, 0.11318, (gDx*47,gDy*26,gDz*0)),rgb(0.21875,1,0));
		draw(
			ellipsoid( (0.15289,-0.021863,-0.988), (0.95438,-0.25621,0.15336), (0.25649,0.96637,0.018307), 0.13547, 0.19166, 0.16745, (gDx*48,gDy*26,gDz*0)),rgb(0.875,1,0));
		draw(
			ellipsoid( (0.88962,-0.016862,0.45639), (-0.45611,0.018012,0.88974), (0.023224,0.9997,-0.0083331), 0.20536, 0.12419, 0.1568, (gDx*49,gDy*26,gDz*0)),rgb(0.40625,1,0));
		draw(
			ellipsoid( (0.88784,-0.23198,0.3974), (-0.45928,-0.49991,0.73427), (-0.028327,0.83443,0.55039), 0.21383, 0.14712, 0.17306, (gDx*50,gDy*26,gDz*0)),rgb(0.78125,1,0));
		draw(
			ellipsoid( (-0.91545,0.40232,-0.0099167), (0.36361,0.83743,0.40804), (-0.17247,-0.36994,0.91291), 0.12292, 0.064719, 0.072565, (gDx*51,gDy*26,gDz*0)),rgb(0.03125,1,0));
		draw(
			ellipsoid( (0.99023,-0.13288,0.042207), (-0.11403,-0.9461,-0.30315), (-0.080212,-0.29537,0.95201), 0.30516, 0.28964, 0.28578, (gDx*52,gDy*26,gDz*0)),rgb(1,0.28125,0));
		draw(
			ellipsoid( (-0.91952,0.36022,-0.15722), (0.39303,0.84053,-0.37288), (0.0021745,0.40466,0.91446), 0.40904, 0.4666, 0.51779, (gDx*53,gDy*26,gDz*0)),rgb(1,0.84375,0));
		draw(
			ellipsoid( (-0.43896,-0.78893,0.43001), (-0.89498,0.34156,-0.28696), (-0.079524,0.51081,0.85601), 0.39025, 0.41343, 0.48073, (gDx*54,gDy*26,gDz*0)),rgb(1,0.75,0));
		draw(
			ellipsoid( (-0.74478,-0.6339,0.20849), (-0.65922,0.65043,-0.37732), (-0.10358,0.41846,0.90231), 0.46744, 0.49708, 0.53097, (gDx*55,gDy*26,gDz*0)),rgb(1,0.46875,0));
		draw(
			ellipsoid( (-0.19499,-0.97433,0.11253), (-0.97554,0.20454,0.080584), (0.10153,0.094069,0.99037), 0.27057, 0.30193, 0.29176, (gDx*56,gDy*26,gDz*0)),rgb(1,0.46875,0));
		draw(
			ellipsoid( (0.93259,-0.31008,-0.18474), (-0.28191,-0.30613,-0.90929), (-0.2254,-0.90008,0.37291), 0.16846, 0.13957, 0.13533, (gDx*57,gDy*26,gDz*0)),rgb(1,0.84375,0));
		draw(
			ellipsoid( (0.80773,0.43416,-0.39883), (0.5883,-0.63763,0.49733), (0.038383,0.63634,0.77045), 0.1964, 0.14117, 0.1601, (gDx*58,gDy*26,gDz*0)),rgb(0.875,1,0));
		draw(
			ellipsoid( (-0.58205,0.7289,-0.36045), (0.81286,0.50966,-0.28197), (0.021822,0.45712,0.88914), 0.092397, 0.17775, 0.13693, (gDx*59,gDy*26,gDz*0)),rgb(0.125,1,0));
		draw(
			ellipsoid( (-0.6016,0.66069,-0.44897), (0.77825,0.35809,-0.51585), (0.18004,0.65974,0.72961), 0.13121, 0.16341, 0.15393, (gDx*60,gDy*26,gDz*0)),rgb(1,0.84375,0));
		draw(
			ellipsoid( (0.39699,-0.79637,-0.45627), (-0.73523,0.021635,-0.67747), (-0.54939,-0.60442,0.57693), 0.13766, 0.146, 0.15064, (gDx*61,gDy*26,gDz*0)),rgb(1,0.375,0));
		draw(
			ellipsoid( (-0.4281,-0.66313,0.614), (-0.84737,0.058349,-0.52779), (-0.31416,0.74623,0.58689), 0.17603, 0.15423, 0.13597, (gDx*62,gDy*26,gDz*0)),rgb(1,0.9375,0));
		draw(
			ellipsoid( (0.48599,0.65629,-0.57714), (0.85041,-0.20284,0.48545), (-0.20153,0.72673,0.6567), 0.18284, 0.14917, 0.10937, (gDx*63,gDy*26,gDz*0)),rgb(0.40625,1,0));
		draw(
			ellipsoid( (-0.99838,-0.038687,0.041799), (-0.056942,0.6627,-0.74672), (-0.0011876,0.74789,0.66382), 0.15656, 0.20585, 0.097828, (gDx*64,gDy*26,gDz*0)),rgb(0,1,0.0625));
		draw(
			ellipsoid( (-0.21821,0.71457,-0.66466), (0.9759,0.15947,-0.14895), (0.00044288,0.68114,0.73215), 0.21587, 0.12428, 0.092317, (gDx*65,gDy*26,gDz*0)),rgb(0,1,0.25));
		draw(
			ellipsoid( (-0.18539,0.83609,-0.51631), (0.77244,0.44878,0.44937), (-0.60742,0.31551,0.72903), 0.25042, 0.14576, 0.1143, (gDx*66,gDy*26,gDz*0)),rgb(0,1,0.15625));
		draw(
			ellipsoid( (0.55377,-0.72267,0.41363), (-0.82574,-0.54055,0.16112), (-0.10715,0.43077,0.89608), 0.16832, 0.12748, 0.11907, (gDx*67,gDy*26,gDz*0)),rgb(0.78125,1,0));
		draw(
			ellipsoid( (0.9692,-0.24538,-0.020845), (-0.24612,-0.96807,-0.047614), (0.0084956,-0.051278,0.99865), 0.22298, 0.20313, 0.21331, (gDx*68,gDy*26,gDz*0)),rgb(1,0.375,0));
		draw(
			ellipsoid( (0.4298,-0.0085941,-0.90288), (-0.87862,0.22644,-0.42041), (-0.20806,-0.97399,-0.089773), 0.25433, 0.24577, 0.2336, (gDx*69,gDy*26,gDz*0)),rgb(1,0.375,0));
		draw(
			ellipsoid( (0.44396,0.38775,-0.80781), (0.79092,0.25412,0.55666), (-0.42112,0.88604,0.19386), 0.19081, 0.16584, 0.16672, (gDx*70,gDy*26,gDz*0)),rgb(1,0.5625,0));
		draw(
			ellipsoid( (-0.90061,0.42077,0.10892), (0.39058,0.67354,0.62753), (-0.19068,-0.6077,0.77094), 0.11868, 0.15748, 0.20561, (gDx*71,gDy*26,gDz*0)),rgb(0.3125,1,0));
		draw(
			ellipsoid( (-0.71512,0.63592,0.29017), (0.69896,0.65491,0.28731), (0.0073295,-0.40828,0.91283), 0.13446, 0.15966, 0.22045, (gDx*72,gDy*26,gDz*0)),rgb(0.40625,1,0));
		draw(
			ellipsoid( (-0.18573,0.29909,-0.93597), (-0.80042,-0.59856,-0.032435), (0.56994,-0.74315,-0.35057), 0.18793, 0.13574, 0.12528, (gDx*73,gDy*26,gDz*0)),rgb(0.59375,1,0));
		draw(
			ellipsoid( (0.3322,-0.411,0.84896), (-0.93806,-0.050079,0.34282), (0.098384,0.91026,0.40218), 0.18291, 0.1266, 0.13073, (gDx*74,gDy*26,gDz*0)),rgb(0.6875,1,0));
		draw(
			ellipsoid( (0.42063,-0.71559,0.55768), (-0.87846,-0.16766,0.44744), (0.22668,0.67811,0.69914), 0.18265, 0.15556, 0.16265, (gDx*75,gDy*26,gDz*0)),rgb(1,0.65625,0));
		draw(
			ellipsoid( (0.33186,-0.93604,-0.11703), (-0.94162,-0.33616,0.01852), (0.056676,-0.10405,0.99296), 0.21378, 0.18509, 0.16489, (gDx*76,gDy*26,gDz*0)),rgb(1,0.9375,0));
		draw(
			ellipsoid( (-0.4989,0.25365,-0.82871), (0.77155,0.5655,-0.2914), (-0.39472,0.78478,0.47783), 0.43724, 0.37514, 0.4012, (gDx*33,gDy*27,gDz*0)),rgb(1,0.5625,0));
		draw(
			ellipsoid( (-0.52067,0.17853,-0.83488), (0.63556,0.734,-0.2394), (-0.57006,0.65526,0.49564), 0.3771, 0.34973, 0.35879, (gDx*34,gDy*27,gDz*0)),rgb(1,0.28125,0));
		draw(
			ellipsoid( (0.51423,-0.067525,-0.85499), (-0.68103,0.57379,-0.45492), (-0.52131,-0.81621,-0.24907), 0.20614, 0.22615, 0.23666, (gDx*35,gDy*27,gDz*0)),rgb(1,0.5625,0));
		draw(
			ellipsoid( (-0.42531,-0.82561,-0.37079), (-0.76822,0.54592,-0.33438), (-0.47849,-0.14264,0.86643), 0.1621, 0.14115, 0.122, (gDx*36,gDy*27,gDz*0)),rgb(0.96875,1,0));
		draw(
			ellipsoid( (-0.43673,-0.77974,-0.44864), (-0.76233,0.58557,-0.27561), (-0.47761,-0.22164,0.85015), 0.17569, 0.16102, 0.15062, (gDx*37,gDy*27,gDz*0)),rgb(1,0.5625,0));
		draw(
			ellipsoid( (0.51281,0.80424,0.30038), (0.84757,-0.52995,-0.028069), (-0.13661,-0.26899,0.95341), 0.20308, 0.19452, 0.19645, (gDx*38,gDy*27,gDz*0)),rgb(1,0.1875,0));
		draw(
			ellipsoid( (-0.36016,-0.18475,0.91441), (-0.87349,0.41096,-0.26101), (0.32757,0.89273,0.30939), 0.23317, 0.2143, 0.21796, (gDx*39,gDy*27,gDz*0)),rgb(1,0.375,0));
		draw(
			ellipsoid( (-0.73608,0.60523,0.30312), (0.6639,0.55815,0.4977), (-0.13204,-0.56759,0.81266), 0.18418, 0.19055, 0.20165, (gDx*40,gDy*27,gDz*0)),rgb(1,0.375,0));
		draw(
			ellipsoid( (-0.825,0.38304,0.41551), (0.56422,0.60001,0.56714), (0.03207,-0.70233,0.71113), 0.13957, 0.16377, 0.17848, (gDx*41,gDy*27,gDz*0)),rgb(1,0.84375,0));
		draw(
			ellipsoid( (-0.87793,0.29351,0.37826), (0.44425,0.20477,0.87219), (-0.17855,-0.93377,0.31016), 0.10894, 0.16888, 0.17641, (gDx*42,gDy*27,gDz*0)),rgb(0.40625,1,0));
		draw(
			ellipsoid( (0.4236,0.71204,0.55997), (0.8985,-0.25167,-0.35967), (0.11517,-0.65549,0.74637), 0.1978, 0.16768, 0.18, (gDx*43,gDy*27,gDz*0)),rgb(1,0.65625,0));
		draw(
			ellipsoid( (-0.44263,-0.89526,-0.050813), (-0.77462,0.4103,-0.48126), (-0.45171,0.17366,0.8751), 0.19127, 0.18285, 0.17498, (gDx*44,gDy*27,gDz*0)),rgb(1,0.375,0));
		draw(
			ellipsoid( (-0.37062,0.88659,-0.27676), (0.84503,0.44554,0.29566), (-0.38544,0.12429,0.91433), 0.19106, 0.11717, 0.10323, (gDx*45,gDy*27,gDz*0)),rgb(0.125,1,0));
		draw(
			ellipsoid( (-0.30321,0.93427,-0.18762), (0.84384,0.17177,-0.50835), (0.44271,0.31246,0.84046), 0.25919, 0.12125, 0.09982, (gDx*46,gDy*27,gDz*0)),rgb(0,1,0.4375));
		draw(
			ellipsoid( (-0.36311,0.92967,0.062146), (0.83249,0.35366,-0.42648), (0.41847,0.10312,0.90236), 0.20686, 0.1425, 0.10629, (gDx*47,gDy*27,gDz*0)),rgb(0.125,1,0));
		draw(
			ellipsoid( (0.70244,-0.71174,0.0012329), (-0.669,-0.66084,-0.34018), (-0.24294,-0.23813,0.94036), 0.18623, 0.13717, 0.1136, (gDx*48,gDy*27,gDz*0)),rgb(0.5,1,0));
		draw(
			ellipsoid( (0.51094,0.30413,-0.80402), (0.74621,-0.62126,0.23921), (0.42675,0.72218,0.54437), 0.084768, 0.18722, 0.14379, (gDx*49,gDy*27,gDz*0)),rgb(0,1,0.15625));
		draw(
			ellipsoid( (0.44453,0.50385,-0.74063), (0.66031,0.37439,0.65102), (-0.6053,0.77844,0.16627), 0.14833, 0.19243, 0.20766, (gDx*50,gDy*27,gDz*0)),rgb(0.78125,1,0));
		draw(
			ellipsoid( (-0.92989,0.047153,0.36481), (-0.28631,0.52989,-0.79828), (0.23095,0.84676,0.47923), 0.15677, 0.12727, 0.13495, (gDx*51,gDy*27,gDz*0)),rgb(1,0.75,0));
		draw(
			ellipsoid( (0.92856,-0.27133,-0.25329), (-0.3688,-0.59727,-0.71222), (-0.041958,-0.75475,0.65467), 0.31357, 0.30728, 0.29837, (gDx*52,gDy*27,gDz*0)),rgb(1,0.1875,0));
		draw(
			ellipsoid( (-0.99917,-0.033436,-0.023383), (-0.038741,0.59766,0.80081), (0.012801,-0.80105,0.59846), 0.46216, 0.56858, 0.51074, (gDx*53,gDy*27,gDz*0)),rgb(1,0.75,0));
		draw(
			ellipsoid( (0.6146,-0.66018,-0.43177), (-0.78534,-0.56359,-0.25613), (0.07425,-0.49651,0.86485), 0.49045, 0.30493, 0.37173, (gDx*54,gDy*27,gDz*0)),rgb(0.5,1,0));
		draw(
			ellipsoid( (-0.61536,-0.74841,0.24742), (-0.75409,0.46755,-0.46125), (-0.22952,0.47042,0.85207), 0.46791, 0.50664, 0.52782, (gDx*55,gDy*27,gDz*0)),rgb(1,0.46875,0));
		draw(
			ellipsoid( (-0.95808,0.092226,0.27124), (0.28631,0.27504,0.91781), (-0.010044,-0.957,0.28992), 0.3593, 0.36412, 0.33485, (gDx*56,gDy*27,gDz*0)),rgb(1,0.375,0));
		draw(
			ellipsoid( (0.96446,0.26362,-0.017886), (0.25894,-0.92951,0.26259), (-0.052599,0.25789,0.96474), 0.229, 0.20979, 0.2157, (gDx*57,gDy*27,gDz*0)),rgb(1,0.375,0));
		draw(
			ellipsoid( (0.7802,0.55141,0.29537), (0.56995,-0.82122,0.027617), (-0.25779,-0.1468,0.95499), 0.23093, 0.22409, 0.21888, (gDx*58,gDy*27,gDz*0)),rgb(1,0.1875,0));
		draw(
			ellipsoid( (0.74219,0.66049,-0.11363), (0.66942,-0.72245,0.17305), (-0.032202,0.2045,0.97834), 0.21042, 0.14257, 0.16002, (gDx*59,gDy*27,gDz*0)),rgb(0.6875,1,0));
		draw(
			ellipsoid( (0.72293,0.65167,-0.22954), (0.68638,-0.71539,0.13074), (0.079015,0.25207,0.96448), 0.20096, 0.10523, 0.14598, (gDx*60,gDy*27,gDz*0)),rgb(0.125,1,0));
		draw(
			ellipsoid( (0.68936,-0.66724,0.28209), (-0.62707,-0.35466,0.69354), (0.36271,0.65499,0.66289), 0.13543, 0.17896, 0.16322, (gDx*61,gDy*27,gDz*0)),rgb(0.96875,1,0));
		draw(
			ellipsoid( (-0.65158,-0.32288,0.68644), (-0.7026,0.59804,-0.38562), (0.28601,0.73355,0.61653), 0.1706, 0.15079, 0.16111, (gDx*62,gDy*27,gDz*0)),rgb(1,0.46875,0));
		draw(
			ellipsoid( (-0.56324,-0.10035,0.82017), (0.77932,0.26538,0.56766), (0.27462,-0.95891,0.071269), 0.16161, 0.1494, 0.15299, (gDx*63,gDy*27,gDz*0)),rgb(1,0.28125,0));
		draw(
			ellipsoid( (0.046516,-0.68546,0.72662), (-0.99667,0.016902,0.079748), (0.066945,0.72791,0.68239), 0.17427, 0.15366, 0.13939, (gDx*64,gDy*27,gDz*0)),rgb(1,0.84375,0));
		draw(
			ellipsoid( (-0.48415,0.44488,0.75345), (-0.84373,-0.46546,-0.26733), (-0.23177,0.76514,-0.60071), 0.11645, 0.14378, 0.18296, (gDx*65,gDy*27,gDz*0)),rgb(0.59375,1,0));
		draw(
			ellipsoid( (-0.24818,0.80319,-0.54156), (0.76756,-0.17802,-0.61576), (0.59098,0.5685,0.57232), 0.24518, 0.12822, 0.17145, (gDx*66,gDy*27,gDz*0)),rgb(0.125,1,0));
		draw(
			ellipsoid( (-0.53167,0.62637,-0.57007), (0.69009,0.7106,0.13717), (-0.49101,0.32047,0.81006), 0.17131, 0.12375, 0.11339, (gDx*67,gDy*27,gDz*0)),rgb(0.59375,1,0));
		draw(
			ellipsoid( (-0.93537,0.32587,-0.13747), (0.30182,0.93808,0.17003), (-0.18436,-0.11755,0.9758), 0.21824, 0.19758, 0.20107, (gDx*68,gDy*27,gDz*0)),rgb(1,0.375,0));
		draw(
			ellipsoid( (0.45392,-0.3555,-0.81705), (-0.88636,-0.086257,-0.45489), (-0.091238,-0.93069,0.35426), 0.27273, 0.26331, 0.25537, (gDx*69,gDy*27,gDz*0)),rgb(1,0.28125,0));
		draw(
			ellipsoid( (-0.57834,0.060519,0.81355), (0.70545,0.53793,0.46148), (0.40971,-0.84081,0.3538), 0.19179, 0.16522, 0.17807, (gDx*70,gDy*27,gDz*0)),rgb(1,0.5625,0));
		draw(
			ellipsoid( (-0.95323,-0.25521,-0.16191), (-0.29463,0.90406,0.30963), (-0.067352,-0.34285,0.93697), 0.13751, 0.15492, 0.17142, (gDx*71,gDy*27,gDz*0)),rgb(1,0.84375,0));
		draw(
			ellipsoid( (-0.27651,0.15585,-0.94829), (-0.85352,-0.49331,0.16781), (0.44164,-0.85578,-0.26942), 0.21649, 0.1472, 0.12162, (gDx*72,gDy*27,gDz*0)),rgb(0.3125,1,0));
		draw(
			ellipsoid( (0.32823,-0.11306,0.93781), (0.92652,0.23185,-0.29633), (0.18393,-0.96616,-0.18085), 0.19657, 0.11699, 0.082225, (gDx*73,gDy*27,gDz*0)),rgb(0,1,0.25));
		draw(
			ellipsoid( (0.44577,-0.15836,0.88103), (-0.85815,-0.35566,0.37026), (-0.25471,0.9211,0.29444), 0.22486, 0.14584, 0.12786, (gDx*74,gDy*27,gDz*0)),rgb(0.21875,1,0));
		draw(
			ellipsoid( (0.4978,-0.2476,0.8312), (-0.83884,-0.38092,0.3889), (-0.22033,0.89084,0.39732), 0.20924, 0.16284, 0.13585, (gDx*75,gDy*27,gDz*0)),rgb(0.59375,1,0));
		draw(
			ellipsoid( (0.25135,-0.50494,0.82574), (-0.96403,-0.054404,0.26017), (0.08645,0.86144,0.50045), 0.17995, 0.14834, 0.13404, (gDx*76,gDy*27,gDz*0)),rgb(0.96875,1,0));
		draw(
			ellipsoid( (-0.24784,0.56636,-0.78601), (0.89997,-0.16577,-0.40321), (0.35866,0.80731,0.46862), 0.183, 0.14264, 0.13153, (gDx*77,gDy*27,gDz*0)),rgb(0.875,1,0));
		draw(
			ellipsoid( (-0.55831,0.45285,-0.69514), (0.65942,-0.26622,-0.70306), (0.50344,0.85091,0.14999), 0.19306, 0.16783, 0.16992, (gDx*78,gDy*27,gDz*0)),rgb(1,0.5625,0));
		draw(
			ellipsoid( (0.32067,-0.14843,0.93549), (-0.9354,0.10574,0.33741), (0.149,0.98325,0.10493), 0.32021, 0.30009, 0.27484, (gDx*32,gDy*28,gDz*0)),rgb(1,0.5625,0));
		draw(
			ellipsoid( (0.99979,-0.0060193,0.019629), (-0.020529,-0.30433,0.95234), (-0.00024115,0.95255,0.30439), 0.28881, 0.29657, 0.27741, (gDx*33,gDy*28,gDz*0)),rgb(1,0.28125,0));
		draw(
			ellipsoid( (0.55668,0.73915,-0.37915), (0.82061,-0.41828,0.38941), (-0.12925,0.52791,0.83941), 0.24041, 0.22948, 0.21583, (gDx*34,gDy*28,gDz*0)),rgb(1,0.375,0));
		draw(
			ellipsoid( (0.37895,0.92129,-0.087275), (0.92344,-0.3703,0.10066), (-0.060415,0.11874,0.99109), 0.14527, 0.11755, 0.10023, (gDx*35,gDy*28,gDz*0)),rgb(0.78125,1,0));
		draw(
			ellipsoid( (0.32771,0.94344,-0.050359), (0.93795,-0.31849,0.13714), (-0.11335,0.092178,0.98927), 0.16929, 0.1441, 0.13135, (gDx*36,gDy*28,gDz*0)),rgb(1,0.9375,0));
		draw(
			ellipsoid( (0.25214,0.96576,0.061056), (0.92647,-0.25913,0.27296), (-0.27943,0.012256,0.96009), 0.19566, 0.17947, 0.17207, (gDx*37,gDy*28,gDz*0)),rgb(1,0.46875,0));
		draw(
			ellipsoid( (-0.24739,-0.96695,-0.061623), (-0.78058,0.23658,-0.57856), (-0.57402,0.095026,0.81331), 0.21926, 0.21108, 0.20812, (gDx*38,gDy*28,gDz*0)),rgb(1,0.1875,0));
		draw(
			ellipsoid( (-0.19108,0.14734,-0.97045), (0.85631,-0.45825,-0.23818), (0.4798,0.87653,0.038605), 0.27269, 0.2638, 0.26145, (gDx*39,gDy*28,gDz*0)),rgb(1,0.1875,0));
		draw(
			ellipsoid( (0.54775,0.83082,0.098504), (0.68596,-0.51338,0.51566), (-0.47899,0.21488,0.85111), 0.2697, 0.28479, 0.29723, (gDx*40,gDy*28,gDz*0)),rgb(1,0.375,0));
		draw(
			ellipsoid( (-0.94104,0.30703,0.14206), (0.33585,0.89833,0.28322), (0.040654,-0.31423,0.94848), 0.17165, 0.18186, 0.18952, (gDx*41,gDy*28,gDz*0)),rgb(1,0.375,0));
		draw(
			ellipsoid( (0.87146,-0.36249,-0.3304), (-0.41832,-0.90102,-0.11481), (0.25608,-0.23826,0.93683), 0.1035, 0.17415, 0.16275, (gDx*42,gDy*28,gDz*0)),rgb(0.3125,1,0));
		draw(
			ellipsoid( (0.82539,-0.30184,-0.4771), (-0.45636,-0.85423,-0.24907), (0.33237,-0.4233,0.84282), 0.12892, 0.17633, 0.16376, (gDx*43,gDy*28,gDz*0)),rgb(0.875,1,0));
		draw(
			ellipsoid( (0.70035,-0.65184,0.29089), (-0.71293,-0.65887,0.24004), (-0.035187,0.3755,0.92616), 0.17595, 0.11884, 0.11289, (gDx*44,gDy*28,gDz*0)),rgb(0.5,1,0));
		draw(
			ellipsoid( (0.48436,-0.82913,0.27916), (-0.8694,-0.4918,0.047787), (-0.097669,0.26585,0.95905), 0.2461, 0.10669, 0.097217, (gDx*45,gDy*28,gDz*0)),rgb(0,1,0.4375));
		draw(
			ellipsoid( (0.32478,-0.92577,0.19358), (-0.93904,-0.29121,0.18277), (0.11283,0.24114,0.96391), 0.24522, 0.11818, 0.090192, (gDx*46,gDy*28,gDz*0)),rgb(0,1,0.53125));
		draw(
			ellipsoid( (0.26998,-0.96268,-0.018791), (-0.93026,-0.26583,0.25287), (0.24843,0.050791,0.96732), 0.21548, 0.14323, 0.097229, (gDx*47,gDy*28,gDz*0)),rgb(0,1,0.15625));
		draw(
			ellipsoid( (0.62296,-0.78149,-0.034568), (-0.74838,-0.58255,-0.31711), (-0.22768,-0.22342,0.94776), 0.19505, 0.1433, 0.10948, (gDx*48,gDy*28,gDz*0)),rgb(0.3125,1,0));
		draw(
			ellipsoid( (-0.62115,0.78004,-0.075624), (0.59007,0.40199,-0.70016), (0.51575,0.47952,0.70997), 0.2051, 0.092577, 0.14575, (gDx*49,gDy*28,gDz*0)),rgb(0,1,0.15625));
		draw(
			ellipsoid( (-0.62437,0.7684,0.14043), (0.71006,0.48339,0.51201), (-0.32555,-0.4194,0.84742), 0.1829, 0.16358, 0.14711, (gDx*50,gDy*28,gDz*0)),rgb(1,0.75,0));
		draw(
			ellipsoid( (-0.8824,-0.085287,0.4627), (-0.33128,-0.58571,-0.73973), (-0.3341,0.80602,-0.48858), 0.18478, 0.16616, 0.15945, (gDx*51,gDy*28,gDz*0)),rgb(1,0.5625,0));
		draw(
			ellipsoid( (0.31477,-0.60264,-0.73331), (-0.94827,-0.23329,-0.21532), (0.041317,-0.76315,0.64489), 0.32414, 0.313, 0.30244, (gDx*52,gDy*28,gDz*0)),rgb(1,0.28125,0));
		draw(
			ellipsoid( (-0.99684,-0.065882,0.044356), (-0.079237,0.78689,-0.61199), (-0.0054159,0.61357,0.78962), 0.4293, 0.45721, 0.50475, (gDx*53,gDy*28,gDz*0)),rgb(1,0.65625,0));
		draw(
			ellipsoid( (-0.90881,-0.40746,-0.089636), (-0.37113,0.88771,-0.27245), (-0.19058,0.21434,0.95799), 0.45332, 0.58322, 0.60495, (gDx*54,gDy*28,gDz*0)),rgb(0.96875,1,0));
		draw(
			ellipsoid( (-0.37579,-0.57637,0.72566), (-0.91015,0.08218,-0.40605), (-0.1744,0.81305,0.55546), 0.3725, 0.39162, 0.40696, (gDx*55,gDy*28,gDz*0)),rgb(1,0.375,0));
		draw(
			ellipsoid( (0.85059,0.52018,-0.076892), (0.52223,-0.85277,0.0078048), (0.061512,0.046794,0.99701), 0.22358, 0.18338, 0.17752, (gDx*56,gDy*28,gDz*0)),rgb(1,0.84375,0));
		draw(
			ellipsoid( (-0.7042,-0.60862,0.36562), (-0.56457,0.16774,-0.80816), (-0.43053,0.77553,0.46173), 0.20791, 0.17074, 0.15837, (gDx*57,gDy*28,gDz*0)),rgb(1,0.9375,0));
		draw(
			ellipsoid( (0.51483,0.175,-0.83924), (-0.73338,0.59687,-0.32543), (-0.44397,-0.78302,-0.43562), 0.23016, 0.23696, 0.24373, (gDx*58,gDy*28,gDz*0)),rgb(1,0.1875,0));
		draw(
			ellipsoid( (-0.80816,-0.21699,-0.54753), (-0.43333,0.84869,0.30325), (-0.39888,-0.48233,0.7799), 0.2536, 0.24713, 0.24193, (gDx*59,gDy*28,gDz*0)),rgb(1,0.1875,0));
		draw(
			ellipsoid( (-0.68108,-0.72037,0.13114), (-0.62662,0.6661,0.40455), (0.37878,-0.19335,0.90506), 0.20919, 0.12304, 0.14399, (gDx*60,gDy*28,gDz*0)),rgb(0.3125,1,0));
		draw(
			ellipsoid( (0.65449,0.72802,-0.20407), (0.75604,-0.63275,0.16741), (0.0072447,0.26385,0.96454), 0.20832, 0.10498, 0.15266, (gDx*61,gDy*28,gDz*0)),rgb(0.03125,1,0));
		draw(
			ellipsoid( (0.77459,-0.58088,0.25018), (-0.56714,-0.46284,0.68128), (0.27995,0.6696,0.68794), 0.12643, 0.17934, 0.16629, (gDx*62,gDy*28,gDz*0)),rgb(0.78125,1,0));
		draw(
			ellipsoid( (-0.3768,-0.17388,0.90983), (-0.82223,0.51511,-0.24208), (0.42657,0.8393,0.33706), 0.16946, 0.14347, 0.15435, (gDx*63,gDy*28,gDz*0)),rgb(1,0.65625,0));
		draw(
			ellipsoid( (0.7708,0.58118,0.26097), (0.5542,-0.81372,0.17527), (-0.31422,-0.0095273,0.9493), 0.14798, 0.15926, 0.16871, (gDx*64,gDy*28,gDz*0)),rgb(1,0.46875,0));
		draw(
			ellipsoid( (0.43441,-0.69902,0.56803), (-0.88583,-0.44574,0.12893), (-0.16307,0.55919,0.81284), 0.16925, 0.14021, 0.146, (gDx*65,gDy*28,gDz*0)),rgb(1,0.75,0));
		draw(
			ellipsoid( (-0.37749,0.73688,-0.5608), (0.86456,0.063522,-0.49849), (0.33171,0.67303,0.66106), 0.21375, 0.1341, 0.16464, (gDx*66,gDy*28,gDz*0)),rgb(0.5,1,0));
		draw(
