	import three;
	import settings;

	surface ellipsoid(triple v1,triple v2,triple v3,real l1,real l2, real l3, triple pos=O) {
		transform3 T = identity(4);
		T[0][0] = l1*v1.x;
		T[1][0] = l1*v1.y;
		T[2][0] = l1*v1.z;
		T[0][1] = l2*v2.x;
		T[1][1] = l2*v2.y;
		T[2][1] = l2*v2.z;
		T[0][2] = l3*v3.x;
		T[1][2] = l3*v3.y;
		T[2][2] = l3*v3.z;
		T[0][3] = pos.x;
		T[1][3] = pos.y;
		T[2][3] = pos.z;
		return T*unitsphere;
	}

	size(200);

	real gDx=0.25;
	real gDy=0.25;
	real gDz=0.25;

	currentprojection=perspective( camera=(gDx*29.5,gDy*19.5,60),up=Y, target=(gDx*29.5,gDy*19.5,gDz*0));
		draw(
			ellipsoid( (-0.092215,-0.99514,0.034417), (0.9402,-0.098402,-0.3261), (0.3279,0.0022877,0.94471), 0.39786, 0.40856, 0.42978, (gDx*0,gDy*0,gDz*0)),rgb(1,0.28125,0));
		draw(
			ellipsoid( (0.22979,-0.92674,-0.29725), (0.51928,-0.14157,0.8428), (-0.82313,-0.34802,0.4487), 0.26021, 0.26357, 0.28286, (gDx*1,gDy*0,gDz*0)),rgb(1,0.375,0));
		draw(
			ellipsoid( (0.5607,-0.023147,0.8277), (0.44092,-0.83775,-0.32212), (0.70086,0.54556,-0.45952), 0.13695, 0.15841, 0.17744, (gDx*2,gDy*0,gDz*0)),rgb(1,0.9375,0));
		draw(
			ellipsoid( (0.46276,0.21229,0.86069), (0.52532,-0.84773,-0.073359), (0.71406,0.48609,-0.50382), 0.16171, 0.17254, 0.20127, (gDx*3,gDy*0,gDz*0)),rgb(1,0.84375,0));
		draw(
			ellipsoid( (0.026114,0.6719,0.74018), (0.71879,-0.5272,0.45321), (-0.69474,-0.5202,0.49672), 0.18259, 0.18909, 0.2175, (gDx*4,gDy*0,gDz*0)),rgb(1,0.65625,0));
		draw(
			ellipsoid( (0.36622,-0.87754,-0.30954), (0.5524,-0.06267,0.83122), (-0.74882,-0.4754,0.4618), 0.18004, 0.18778, 0.21183, (gDx*5,gDy*0,gDz*0)),rgb(1,0.65625,0));
		draw(
			ellipsoid( (0.48884,-0.87088,0.051032), (0.31783,0.23227,0.91926), (-0.81242,-0.43315,0.39034), 0.13085, 0.14823, 0.18285, (gDx*6,gDy*0,gDz*0)),rgb(0.875,1,0));
		draw(
			ellipsoid( (0.49103,-0.86789,-0.075151), (0.44298,0.17448,0.87939), (-0.7501,-0.4651,0.47013), 0.13965, 0.14862, 0.19453, (gDx*7,gDy*0,gDz*0)),rgb(0.78125,1,0));
		draw(
			ellipsoid( (0.25026,-0.88977,-0.38169), (0.61441,-0.15873,0.77286), (-0.74825,-0.42793,0.50695), 0.13942, 0.14674, 0.19309, (gDx*8,gDy*0,gDz*0)),rgb(0.78125,1,0));
		draw(
			ellipsoid( (0.57261,0.27388,0.77272), (0.47335,-0.88001,-0.038863), (-0.66937,-0.38803,0.63355), 0.12665, 0.13784, 0.19685, (gDx*9,gDy*0,gDz*0)),rgb(0.5,1,0));
		draw(
			ellipsoid( (0.713,0.2131,0.668), (0.50667,-0.81514,-0.28076), (-0.48468,-0.53864,0.68917), 0.099638, 0.13332, 0.23493, (gDx*10,gDy*0,gDz*0)),rgb(0,1,0.25));
		draw(
			ellipsoid( (0.60848,0.25393,0.75184), (0.67218,-0.66852,-0.31821), (-0.42182,-0.699,0.57747), 0.084517, 0.12591, 0.27827, (gDx*11,gDy*0,gDz*0)),rgb(0,1,0.71875));
		draw(
			ellipsoid( (0.34493,0.31596,0.88385), (0.86892,-0.46358,-0.17338), (0.35496,0.8278,-0.43445), 0.079916, 0.14032, 0.24308, (gDx*12,gDy*0,gDz*0)),rgb(0,1,0.625));
		draw(
			ellipsoid( (0.10638,0.27799,0.95468), (0.99126,0.045633,-0.12374), (-0.077963,0.9595,-0.2707), 0.095599, 0.14845, 0.21618, (gDx*13,gDy*0,gDz*0)),rgb(0,1,0.15625));
		draw(
			ellipsoid( (-0.10696,0.17293,0.97911), (-0.93228,-0.3597,-0.038309), (0.34556,-0.9169,0.19969), 0.09136, 0.13768, 0.21024, (gDx*14,gDy*0,gDz*0)),rgb(0,1,0.15625));
		draw(
			ellipsoid( (-0.29032,0.049303,0.95566), (-0.81673,-0.53319,-0.22061), (0.49867,-0.84456,0.19506), 0.11815, 0.14441, 0.23136, (gDx*15,gDy*0,gDz*0)),rgb(0.03125,1,0));
		draw(
			ellipsoid( (0.59696,0.34896,-0.7224), (0.46795,0.57996,0.66684), (0.65167,-0.73612,0.18291), 0.11012, 0.14386, 0.2465, (gDx*16,gDy*0,gDz*0)),rgb(0,1,0.15625));
		draw(
			ellipsoid( (0.6724,0.60693,-0.42369), (0.15363,0.44551,0.882), (0.72406,-0.65815,0.20632), 0.096664, 0.12318, 0.26636, (gDx*17,gDy*0,gDz*0)),rgb(0,1,0.53125));
		draw(
			ellipsoid( (0.66429,0.74139,-0.095178), (-0.14452,0.25233,0.95679), (0.73337,-0.62183,0.27477), 0.094057, 0.12002, 0.30979, (gDx*18,gDy*0,gDz*0)),rgb(0,1,0.8125));
		draw(
			ellipsoid( (0.4493,0.79902,0.39962), (-0.46439,-0.17325,0.86852), (0.76319,-0.57581,0.29321), 0.096095, 0.11795, 0.28765, (gDx*19,gDy*0,gDz*0)),rgb(0,1,0.625));
		draw(
			ellipsoid( (-0.14187,-0.69612,-0.70377), (-0.57428,-0.52121,0.63131), (0.80628,-0.49372,0.32582), 0.09133, 0.11648, 0.25887, (gDx*20,gDy*0,gDz*0)),rgb(0,1,0.53125));
		draw(
			ellipsoid( (-0.3149,0.41407,0.85404), (0.4922,0.84061,-0.22608), (-0.81153,0.34916,-0.46852), 0.12045, 0.15905, 0.23454, (gDx*21,gDy*0,gDz*0)),rgb(0.125,1,0));
		draw(
			ellipsoid( (0.36593,-0.53716,-0.75997), (-0.12681,-0.83777,0.53109), (0.92196,0.097972,0.37468), 0.14329, 0.15421, 0.20048, (gDx*22,gDy*0,gDz*0)),rgb(0.78125,1,0));
		draw(
			ellipsoid( (-0.1084,-0.94135,0.31955), (0.37785,-0.33634,-0.86261), (0.9195,0.027238,0.39215), 0.15543, 0.16346, 0.19171, (gDx*23,gDy*0,gDz*0)),rgb(1,0.75,0));
		draw(
			ellipsoid( (0.40363,0.67637,-0.61612), (0.1898,-0.72066,-0.6668), (-0.89502,0.1522,-0.41926), 0.15518, 0.1676, 0.18022, (gDx*24,gDy*0,gDz*0)),rgb(1,0.5625,0));
		draw(
			ellipsoid( (-0.062288,0.89163,-0.44845), (0.0048869,0.44959,0.89322), (-0.99805,-0.053445,0.032362), 0.21154, 0.22072, 0.23657, (gDx*25,gDy*0,gDz*0)),rgb(1,0.46875,0));
		draw(
			ellipsoid( (-0.88914,0.45761,0.004992), (0.45745,0.88903,-0.018877), (0.013076,0.0145,0.99981), 0.36602, 0.39192, 0.39516, (gDx*26,gDy*0,gDz*0)),rgb(1,0.375,0));
		draw(
			ellipsoid( (0.97723,-0.20381,-0.059013), (0.13953,0.82681,-0.5449), (0.15985,0.52426,0.83642), 0.48783, 0.547, 0.58892, (gDx*27,gDy*0,gDz*0)),rgb(1,0.65625,0));
		draw(
			ellipsoid( (0.44348,-0.16212,0.8815), (-0.26003,-0.96448,-0.046558), (0.85774,-0.20856,-0.46988), 0.19565, 0.22193, 0.24529, (gDx*28,gDy*0,gDz*0)),rgb(1,0.84375,0));
		draw(
			ellipsoid( (0.52643,0.24375,0.81453), (0.099047,-0.96908,0.22599), (-0.84443,0.038289,0.5343), 0.030545, 0.043803, 0.12054, (gDx*29,gDy*0,gDz*0)),rgb(0,1,1));
		draw(
			ellipsoid( (0.54558,0.83449,0.077208), (-0.25213,0.2513,-0.9345), (-0.79923,0.49038,0.3475), 0.12823, 0.14814, 0.20084, (gDx*30,gDy*0,gDz*0)),rgb(0.59375,1,0));
		draw(
			ellipsoid( (-0.42493,-0.66443,0.61479), (0.48048,0.41003,0.77525), (-0.76718,0.62482,0.14501), 0.11196, 0.13037, 0.17561, (gDx*31,gDy*0,gDz*0)),rgb(0.59375,1,0));
		draw(
			ellipsoid( (-0.30863,-0.53544,0.78616), (0.31417,0.72274,0.61559), (-0.8978,0.43698,-0.054841), 0.1236, 0.1536, 0.16152, (gDx*32,gDy*0,gDz*0)),rgb(0.96875,1,0));
		draw(
			ellipsoid( (-0.40016,-0.32448,0.85708), (-0.64949,0.76022,-0.015428), (-0.64656,-0.56284,-0.51495), 0.11689, 0.14097, 0.16971, (gDx*33,gDy*0,gDz*0)),rgb(0.78125,1,0));
		draw(
			ellipsoid( (0.61803,-0.77153,0.15097), (0.30153,0.055281,-0.95185), (0.72603,0.63379,0.2668), 0.11359, 0.14825, 0.19954, (gDx*34,gDy*0,gDz*0)),rgb(0.3125,1,0));
		draw(
			ellipsoid( (0.71246,-0.68623,0.14663), (-0.0037196,0.20526,0.9787), (-0.70171,-0.69783,0.14369), 0.078703, 0.14205, 0.23013, (gDx*35,gDy*0,gDz*0)),rgb(0,1,0.53125));
		draw(
			ellipsoid( (0.81977,-0.5607,0.11657), (0.10492,0.34714,0.93192), (-0.56299,-0.75174,0.34341), 0.081823, 0.13389, 0.24667, (gDx*36,gDy*0,gDz*0)),rgb(0,1,0.625));
		draw(
			ellipsoid( (0.79919,-0.60087,-0.015531), (0.17853,0.21262,0.96069), (-0.57395,-0.77055,0.2772), 0.070709, 0.13754, 0.23641, (gDx*37,gDy*0,gDz*0)),rgb(0,1,0.71875));
		draw(
			ellipsoid( (0.70296,-0.70202,-0.11405), (0.099718,-0.061494,0.99311), (0.7042,0.7095,-0.026777), 0.06924, 0.16678, 0.20581, (gDx*38,gDy*0,gDz*0)),rgb(0,1,0.625));
		draw(
			ellipsoid( (0.4591,-0.84482,-0.27477), (0.65188,0.53049,-0.54188), (-0.60356,-0.069663,-0.79427), 0.083234, 0.14364, 0.17767, (gDx*39,gDy*0,gDz*0)),rgb(0,1,0.0625));
		draw(
			ellipsoid( (-0.47622,0.663,0.57762), (0.73519,0.66058,-0.1521), (0.4824,-0.35223,0.80201), 0.099165, 0.11636, 0.23325, (gDx*40,gDy*0,gDz*0)),rgb(0,1,0.34375));
		draw(
			ellipsoid( (0.91021,0.0016789,-0.41414), (0.1968,0.87811,0.4361), (0.36439,-0.47845,0.79894), 0.12586, 0.13066, 0.20738, (gDx*41,gDy*0,gDz*0)),rgb(0.3125,1,0));
		draw(
			ellipsoid( (0.62498,0.6875,0.36978), (0.7806,-0.54551,-0.3051), (0.0080414,-0.47933,0.8776), 0.17695, 0.18734, 0.19004, (gDx*42,gDy*0,gDz*0)),rgb(1,0.28125,0));
		draw(
			ellipsoid( (0.75978,0.64147,0.10608), (0.011308,0.1501,-0.98861), (-0.65008,0.75232,0.10679), 0.16961, 0.17589, 0.19208, (gDx*43,gDy*0,gDz*0)),rgb(1,0.46875,0));
		draw(
			ellipsoid( (0.73221,0.62557,0.26933), (-0.29091,-0.070306,0.95416), (-0.61583,0.777,-0.1305), 0.10808, 0.14477, 0.21452, (gDx*44,gDy*0,gDz*0)),rgb(0.03125,1,0));
		draw(
			ellipsoid( (0.71142,0.63525,0.30056), (-0.24027,-0.18205,0.95348), (-0.66041,0.75055,-0.023114), 0.10793, 0.14846, 0.2252, (gDx*45,gDy*0,gDz*0)),rgb(0,1,0.0625));
		draw(
			ellipsoid( (0.44579,0.31943,0.8362), (-0.62522,-0.55742,0.54625), (0.6406,-0.76632,-0.048779), 0.16829, 0.17399, 0.22133, (gDx*46,gDy*0,gDz*0)),rgb(0.96875,1,0));
		draw(
			ellipsoid( (-0.020044,-0.23246,0.9724), (0.67954,0.71024,0.1838), (-0.73337,0.66447,0.14373), 0.22315, 0.2296, 0.24171, (gDx*47,gDy*0,gDz*0)),rgb(1,0.28125,0));
		draw(
			ellipsoid( (-0.27668,-0.75912,-0.58923), (-0.62875,0.60671,-0.4864), (0.72672,0.2359,-0.64516), 0.20186, 0.2169, 0.22021, (gDx*48,gDy*0,gDz*0)),rgb(1,0.375,0));
		draw(
			ellipsoid( (0.22978,0.72038,0.65441), (0.95845,-0.28427,-0.023615), (-0.16902,-0.63265,0.75577), 0.13196, 0.16086, 0.186, (gDx*49,gDy*0,gDz*0)),rgb(0.875,1,0));
		draw(
			ellipsoid( (0.20127,0.66148,0.72245), (0.97559,-0.20149,-0.087306), (-0.087814,-0.72239,0.68589), 0.12853, 0.16207, 0.20444, (gDx*50,gDy*0,gDz*0)),rgb(0.5,1,0));
		draw(
			ellipsoid( (0.19185,0.61516,0.7647), (0.96836,-0.24537,-0.045557), (-0.15961,-0.74925,0.64277), 0.12753, 0.1636, 0.23985, (gDx*51,gDy*0,gDz*0)),rgb(0.125,1,0));
		draw(
			ellipsoid( (0.34001,0.58458,0.73665), (0.93508,-0.2935,-0.19869), (-0.10005,-0.75639,0.64643), 0.14129, 0.15304, 0.22302, (gDx*52,gDy*0,gDz*0)),rgb(0.5,1,0));
		draw(
			ellipsoid( (-0.44554,-0.72187,-0.52953), (-0.87446,0.22415,0.4302), (0.19186,-0.65472,0.73111), 0.14898, 0.15323, 0.18925, (gDx*53,gDy*0,gDz*0)),rgb(1,0.9375,0));
		draw(
			ellipsoid( (-0.22653,0.76145,0.60735), (0.81715,0.48792,-0.30692), (0.53004,-0.42677,0.73275), 0.14426, 0.15651, 0.17823, (gDx*54,gDy*0,gDz*0)),rgb(1,0.75,0));
		draw(
			ellipsoid( (-0.26126,0.7533,0.60356), (0.70366,0.57666,-0.41513), (0.66076,-0.31624,0.68073), 0.12932, 0.14539, 0.17434, (gDx*55,gDy*0,gDz*0)),rgb(0.96875,1,0));
		draw(
			ellipsoid( (0.14275,-0.82214,-0.55109), (-0.70068,-0.4772,0.5304), (0.69904,-0.31042,0.64419), 0.16179, 0.16592, 0.18396, (gDx*56,gDy*0,gDz*0)),rgb(1,0.5625,0));
		draw(
			ellipsoid( (-0.32691,-0.23692,0.91488), (0.72267,0.56116,0.40355), (-0.609,0.79307,-0.01224), 0.21054, 0.22631, 0.23731, (gDx*57,gDy*0,gDz*0)),rgb(1,0.46875,0));
		draw(
			ellipsoid( (-0.27918,0.82517,0.49107), (-0.42516,-0.56477,0.7073), (0.86099,-0.011318,0.5085), 0.28698, 0.30823, 0.32327, (gDx*0,gDy*1,gDz*0)),rgb(1,0.46875,0));
		draw(
			ellipsoid( (-0.01832,-0.64569,-0.76338), (0.55993,-0.63918,0.52719), (-0.82834,-0.41779,0.37325), 0.18204, 0.19224, 0.22564, (gDx*1,gDy*1,gDz*0)),rgb(1,0.84375,0));
		draw(
			ellipsoid( (0.44136,0.24285,0.86384), (0.58619,-0.80691,-0.072664), (0.67939,0.53845,-0.49849), 0.15244, 0.17105, 0.22178, (gDx*2,gDy*1,gDz*0)),rgb(0.78125,1,0));
		draw(
			ellipsoid( (0.28464,0.41165,0.86575), (0.73114,-0.67732,0.081667), (-0.62001,-0.60974,0.49377), 0.1287, 0.14872, 0.21116, (gDx*3,gDy*1,gDz*0)),rgb(0.40625,1,0));
		draw(
			ellipsoid( (0.094307,0.58235,0.80745), (-0.79404,0.53322,-0.29183), (-0.6005,-0.61363,0.5127), 0.15202, 0.16755, 0.20063, (gDx*4,gDy*1,gDz*0)),rgb(1,0.9375,0));
		draw(
			ellipsoid( (0.12058,-0.76186,-0.63642), (0.63766,-0.4319,0.63785), (-0.76082,-0.48273,0.43373), 0.17119, 0.1826, 0.1976, (gDx*5,gDy*1,gDz*0)),rgb(1,0.5625,0));
		draw(
			ellipsoid( (0.11448,-0.80457,-0.58273), (0.61809,-0.40154,0.67582), (-0.77773,-0.43754,0.45133), 0.15184, 0.15732, 0.19688, (gDx*6,gDy*1,gDz*0)),rgb(1,0.9375,0));
		draw(
			ellipsoid( (0.30549,0.36457,0.87964), (0.63367,-0.76737,0.097973), (-0.71073,-0.52748,0.46544), 0.098909, 0.11238, 0.22551, (gDx*7,gDy*1,gDz*0)),rgb(0,1,0.25));
		draw(
			ellipsoid( (0.20591,0.57138,0.79444), (0.68966,-0.66068,0.29643), (-0.69424,-0.48685,0.5301), 0.071907, 0.094707, 0.26239, (gDx*8,gDy*1,gDz*0)),rgb(0,1,0.90625));
		draw(
			ellipsoid( (0.36016,0.50851,0.78211), (0.66599,-0.72722,0.16613), (-0.65325,-0.46105,0.60058), 0.080457, 0.10038, 0.26022, (gDx*9,gDy*1,gDz*0)),rgb(0,1,0.8125));
		draw(
			ellipsoid( (0.62441,0.2247,0.74808), (0.49894,-0.85161,-0.16066), (-0.60097,-0.47357,0.64387), 0.086774, 0.11701, 0.26618, (gDx*10,gDy*1,gDz*0)),rgb(0,1,0.625));
		draw(
			ellipsoid( (0.64003,0.11815,0.75921), (0.50208,-0.81227,-0.29686), (-0.58161,-0.57118,0.5792), 0.086416, 0.12108, 0.2481, (gDx*11,gDy*1,gDz*0)),rgb(0,1,0.53125));
		draw(
			ellipsoid( (0.51801,-0.040265,0.85442), (0.56471,-0.73416,-0.37697), (0.64246,0.67778,-0.35757), 0.10812, 0.14739, 0.21289, (gDx*12,gDy*1,gDz*0)),rgb(0.125,1,0));
		draw(
			ellipsoid( (0.18004,-0.14898,0.97231), (-0.76586,0.59907,0.23361), (-0.61729,-0.78671,-0.0062412), 0.11869, 0.16724, 0.1888, (gDx*13,gDy*1,gDz*0)),rgb(0.5,1,0));
		draw(
			ellipsoid( (-0.13203,-0.046849,0.99014), (0.89499,0.42375,0.13939), (-0.4261,0.90457,-0.014017), 0.12538, 0.15187, 0.18187, (gDx*14,gDy*1,gDz*0)),rgb(0.78125,1,0));
		draw(
			ellipsoid( (-0.78534,-0.41066,0.46324), (0.27611,0.43738,0.85584), (0.55407,-0.80003,0.23011), 0.12353, 0.14282, 0.2099, (gDx*15,gDy*1,gDz*0)),rgb(0.3125,1,0));
		draw(
			ellipsoid( (0.7789,0.57735,-0.24491), (0.043705,0.3396,0.93956), (0.62562,-0.74253,0.23928), 0.10135, 0.1445, 0.23621, (gDx*16,gDy*1,gDz*0)),rgb(0,1,0.25));
		draw(
			ellipsoid( (0.73354,0.6796,0.0084598), (-0.14949,0.14919,0.97744), (0.66301,-0.71825,0.21102), 0.084935, 0.13295, 0.26243, (gDx*17,gDy*1,gDz*0)),rgb(0,1,0.625));
		draw(
			ellipsoid( (0.60338,0.72417,0.33393), (-0.3885,-0.098758,0.91614), (0.69642,-0.68251,0.22175), 0.087015, 0.12646, 0.28608, (gDx*18,gDy*1,gDz*0)),rgb(0,1,0.71875));
		draw(
			ellipsoid( (0.40191,0.78641,0.46908), (-0.45349,-0.27409,0.84807), (0.7955,-0.55357,0.24647), 0.11588, 0.1431, 0.24525, (gDx*19,gDy*1,gDz*0)),rgb(0,1,0.0625));
		draw(
			ellipsoid( (-0.092656,-0.67989,-0.72743), (-0.52589,-0.58695,0.61558), (0.84549,-0.43958,0.30316), 0.11984, 0.12653, 0.20735, (gDx*20,gDy*1,gDz*0)),rgb(0.21875,1,0));
		draw(
			ellipsoid( (-0.29457,0.13956,0.94538), (0.26626,0.96209,-0.059062), (-0.91779,0.23432,-0.32056), 0.11618, 0.14862, 0.22871, (gDx*21,gDy*1,gDz*0)),rgb(0.03125,1,0));
		draw(
			ellipsoid( (-0.32666,0.24307,0.91335), (-0.061793,0.95881,-0.27726), (-0.94312,-0.14701,-0.29819), 0.12361, 0.156, 0.22205, (gDx*22,gDy*1,gDz*0)),rgb(0.21875,1,0));
		draw(
			ellipsoid( (0.34759,-0.86469,-0.36262), (0.14515,0.43169,-0.89027), (0.92634,0.25681,0.27556), 0.14315, 0.14616, 0.20116, (gDx*23,gDy*1,gDz*0)),rgb(0.78125,1,0));
		draw(
			ellipsoid( (-0.14225,0.93702,-0.31899), (0.055588,0.32932,0.94258), (-0.98827,-0.11635,0.098934), 0.11215, 0.13211, 0.16689, (gDx*24,gDy*1,gDz*0)),rgb(0.6875,1,0));
		draw(
			ellipsoid( (0.1762,-0.83928,0.51435), (0.20035,0.54217,0.81604), (-0.96375,-0.040734,0.26368), 0.18315, 0.18902, 0.21946, (gDx*25,gDy*1,gDz*0)),rgb(1,0.75,0));
		draw(
			ellipsoid( (0.95513,-0.2961,0.0066922), (0.24534,0.80365,0.54218), (-0.16592,-0.51621,0.84024), 0.43039, 0.44632, 0.46699, (gDx*26,gDy*1,gDz*0)),rgb(1,0.28125,0));
		draw(
			ellipsoid( (0.95982,-0.28059,0.0033734), (0.26454,0.90077,-0.34444), (0.093607,0.33149,0.9388), 0.5325, 0.58593, 0.6575, (gDx*27,gDy*1,gDz*0)),rgb(1,0.75,0));
		draw(
			ellipsoid( (-0.42242,0.44708,-0.78847), (0.68494,0.72718,0.045371), (-0.59365,0.52089,0.6134), 0.27089, 0.28158, 0.30741, (gDx*28,gDy*1,gDz*0)),rgb(1,0.46875,0));
		draw(
			ellipsoid( (-0.037853,0.65299,-0.75642), (0.63174,0.60214,0.48819), (-0.77426,0.45938,0.43531), 0.14342, 0.14431, 0.20412, (gDx*29,gDy*1,gDz*0)),rgb(0.6875,1,0));
		draw(
			ellipsoid( (-0.23609,-0.67289,0.70106), (0.65431,0.42331,0.62665), (-0.71843,0.60666,0.34034), 0.1609, 0.17393, 0.21205, (gDx*30,gDy*1,gDz*0)),rgb(0.96875,1,0));
		draw(
			ellipsoid( (-0.15311,-0.4629,0.87309), (0.94257,0.197,0.26974), (-0.29686,0.86424,0.40615), 0.17014, 0.19651, 0.21112, (gDx*31,gDy*1,gDz*0)),rgb(1,0.75,0));
		draw(
			ellipsoid( (-0.13553,-0.65914,0.73971), (-0.99076,0.086504,-0.10444), (0.0048529,-0.74703,-0.66477), 0.24952, 0.26494, 0.28225, (gDx*32,gDy*1,gDz*0)),rgb(1,0.46875,0));
		draw(
			ellipsoid( (-0.38373,-0.77339,0.5046), (0.80737,-0.015755,0.58983), (-0.44822,0.63374,0.63046), 0.26219, 0.27299, 0.284, (gDx*33,gDy*1,gDz*0)),rgb(1,0.28125,0));
		draw(
			ellipsoid( (0.15377,-0.23559,0.95961), (-0.1441,0.95543,0.25766), (-0.97754,-0.1779,0.11296), 0.16382, 0.18615, 0.18918, (gDx*34,gDy*1,gDz*0)),rgb(1,0.5625,0));
		draw(
			ellipsoid( (0.7914,-0.52122,0.31941), (-0.11167,0.39045,0.91383), (-0.60102,-0.75887,0.25079), 0.11111, 0.13801, 0.2112, (gDx*35,gDy*1,gDz*0)),rgb(0.125,1,0));
		draw(
			ellipsoid( (0.86789,-0.46639,0.17105), (0.045573,0.41762,0.90748), (-0.49467,-0.77979,0.38371), 0.067716, 0.10983, 0.28995, (gDx*36,gDy*1,gDz*0)),rgb(0,1,1));
		draw(
			ellipsoid( (0.82647,-0.56269,0.018086), (0.22133,0.35428,0.90857), (-0.51765,-0.7469,0.41735), 0.081489, 0.1225, 0.26967, (gDx*37,gDy*1,gDz*0)),rgb(0,1,0.71875));
		draw(
			ellipsoid( (0.66056,-0.71647,-0.22434), (0.47971,0.17293,0.86022), (-0.57752,-0.67585,0.45793), 0.052962, 0.14752, 0.24696, (gDx*38,gDy*1,gDz*0)),rgb(0,0.90625,1));
		draw(
			ellipsoid( (0.52097,-0.78688,-0.33077), (0.85181,0.4544,0.26065), (0.054801,0.41754,-0.907), 0.064299, 0.17618, 0.22286, (gDx*39,gDy*1,gDz*0)),rgb(0,1,0.8125));
		draw(
			ellipsoid( (-0.45822,0.77187,0.44074), (0.83487,0.54391,-0.084569), (0.305,-0.32921,0.89364), 0.066524, 0.12833, 0.25441, (gDx*40,gDy*1,gDz*0)),rgb(0,1,0.90625));
		draw(
			ellipsoid( (-0.35856,0.77493,0.52051), (0.90433,0.42665,-0.012235), (0.23156,-0.46632,0.85377), 0.093874, 0.13796, 0.24515, (gDx*41,gDy*1,gDz*0)),rgb(0,1,0.4375));
		draw(
			ellipsoid( (0.12324,0.83987,0.52861), (0.97665,-0.0082109,-0.21466), (0.17595,-0.54272,0.82128), 0.11443, 0.14653, 0.22654, (gDx*42,gDy*1,gDz*0)),rgb(0.03125,1,0));
		draw(
			ellipsoid( (0.61107,0.70766,0.35469), (-0.65279,0.19708,0.73145), (0.44772,-0.67851,0.58239), 0.09336, 0.14947, 0.21576, (gDx*43,gDy*1,gDz*0)),rgb(0,1,0.15625));
		draw(
			ellipsoid( (0.71716,0.64915,0.25357), (-0.33082,-0.0031474,0.94369), (0.61339,-0.76066,0.21249), 0.085216, 0.14326, 0.23524, (gDx*44,gDy*1,gDz*0)),rgb(0,1,0.4375));
		draw(
			ellipsoid( (0.79573,0.6054,0.017537), (-0.062621,0.053438,0.99661), (0.60241,-0.79412,0.080433), 0.14298, 0.15579, 0.19527, (gDx*45,gDy*1,gDz*0)),rgb(0.875,1,0));
		draw(
			ellipsoid( (-0.69558,-0.46438,0.54819), (0.61688,0.0050894,0.78704), (-0.36828,0.88562,0.28293), 0.25404, 0.25913, 0.28373, (gDx*46,gDy*1,gDz*0)),rgb(1,0.46875,0));
		draw(
			ellipsoid( (-0.2194,-0.86437,0.45246), (0.62565,0.2312,0.74506), (-0.74862,0.44655,0.49007), 0.25527, 0.25827, 0.26554, (gDx*47,gDy*1,gDz*0)),rgb(1,0.1875,0));
		draw(
			ellipsoid( (0.24307,0.7801,0.5765), (-0.91017,0.38895,-0.14255), (-0.33543,-0.49006,0.80456), 0.15442, 0.18085, 0.18659, (gDx*48,gDy*1,gDz*0)),rgb(1,0.75,0));
		draw(
			ellipsoid( (-0.48541,-0.69092,-0.53573), (0.79886,-0.59949,0.049313), (0.35524,0.40404,-0.84295), 0.1126, 0.14455, 0.15911, (gDx*49,gDy*1,gDz*0)),rgb(0.78125,1,0));
		draw(
			ellipsoid( (0.20289,0.69324,0.69156), (0.97886,-0.12501,-0.16187), (0.025768,-0.70978,0.70395), 0.14276, 0.16229, 0.18557, (gDx*50,gDy*1,gDz*0)),rgb(1,0.9375,0));
		draw(
			ellipsoid( (-0.29286,0.68269,0.66945), (0.94899,0.29309,0.11626), (0.11684,-0.66935,0.7337), 0.12985, 0.14783, 0.21277, (gDx*51,gDy*1,gDz*0)),rgb(0.40625,1,0));
		draw(
			ellipsoid( (0.65797,-0.56666,-0.49595), (-0.74495,-0.58609,-0.31867), (0.1101,-0.57913,0.80776), 0.12487, 0.14737, 0.25517, (gDx*52,gDy*1,gDz*0)),rgb(0,1,0.0625));
		draw(
			ellipsoid( (-0.46904,0.71029,0.52486), (0.86627,0.48573,0.11681), (0.17197,-0.50946,0.84313), 0.13783, 0.14844, 0.21247, (gDx*53,gDy*1,gDz*0)),rgb(0.5,1,0));
		draw(
			ellipsoid( (-0.31115,0.79946,0.51386), (0.87679,0.45007,-0.16931), (0.36664,-0.39787,0.841), 0.14984, 0.15833, 0.18875, (gDx*54,gDy*1,gDz*0)),rgb(1,0.84375,0));
		draw(
			ellipsoid( (-0.32178,0.81427,0.48314), (0.82978,0.48827,-0.27027), (0.45598,-0.31393,0.83278), 0.14083, 0.14945, 0.17688, (gDx*55,gDy*1,gDz*0)),rgb(1,0.84375,0));
		draw(
			ellipsoid( (0.38989,-0.81725,-0.42436), (-0.79599,-0.53081,0.29094), (0.46303,-0.22436,0.85748), 0.11443, 0.12242, 0.14823, (gDx*56,gDy*1,gDz*0)),rgb(1,0.9375,0));
		draw(
			ellipsoid( (0.66346,0.21335,-0.71715), (-0.45053,-0.65133,-0.61057), (-0.59737,0.72818,-0.33601), 0.24402, 0.25511, 0.25999, (gDx*57,gDy*1,gDz*0)),rgb(1,0.28125,0));
		draw(
			ellipsoid( (-0.29491,-0.41844,0.85903), (0.95544,-0.14103,0.25932), (0.012638,0.89723,0.44139), 0.34394, 0.35721, 0.37494, (gDx*58,gDy*1,gDz*0)),rgb(1,0.375,0));
		draw(
			ellipsoid( (-0.1938,0.59164,0.78256), (-0.28804,0.72822,-0.62188), (-0.9378,-0.34593,0.029287), 0.13719, 0.16098, 0.17448, (gDx*0,gDy*2,gDz*0)),rgb(1,0.84375,0));
		draw(
			ellipsoid( (0.087184,0.64665,0.75779), (0.64947,-0.61369,0.44896), (-0.75537,-0.45302,0.47348), 0.13312, 0.148, 0.19996, (gDx*1,gDy*2,gDz*0)),rgb(0.6875,1,0));
		draw(
			ellipsoid( (0.32372,0.45585,0.8291), (0.59822,-0.77751,0.19392), (-0.73303,-0.43321,0.52439), 0.12054, 0.13043, 0.22859, (gDx*2,gDy*2,gDz*0)),rgb(0.03125,1,0));
		draw(
			ellipsoid( (0.58825,-0.09,0.80366), (0.34106,-0.87347,-0.34746), (-0.73324,-0.47848,0.48312), 0.13071, 0.13269, 0.22666, (gDx*3,gDy*2,gDz*0)),rgb(0.21875,1,0));
		draw(
			ellipsoid( (0.3623,-0.89079,-0.27428), (0.56233,-0.025779,0.82651), (-0.74332,-0.45368,0.49158), 0.14218, 0.15289, 0.20118, (gDx*4,gDy*2,gDz*0)),rgb(0.78125,1,0));
		draw(
			ellipsoid( (-0.08143,-0.75617,-0.64929), (-0.6692,0.52425,-0.52662), (-0.7386,-0.39162,0.54872), 0.14856, 0.16157, 0.18631, (gDx*5,gDy*2,gDz*0)),rgb(1,0.84375,0));
		draw(
			ellipsoid( (0.46934,0.4177,0.77797), (-0.46523,0.86582,-0.1842), (-0.75052,-0.27548,0.60069), 0.14112, 0.16278, 0.19309, (gDx*6,gDy*2,gDz*0)),rgb(0.96875,1,0));
		draw(
			ellipsoid( (0.4268,0.38572,0.81796), (-0.57675,0.81276,-0.082336), (-0.69657,-0.43662,0.56935), 0.10121, 0.14565, 0.22597, (gDx*7,gDy*2,gDz*0)),rgb(0,1,0.15625));
		draw(
			ellipsoid( (0.32655,0.45841,0.82657), (0.67482,-0.7254,0.13571), (-0.66181,-0.51347,0.54622), 0.090023, 0.12939, 0.28692, (gDx*8,gDy*2,gDz*0)),rgb(0,1,0.71875));
		draw(
			ellipsoid( (0.050469,-0.77887,-0.62515), (-0.80763,0.3364,-0.48432), (-0.58752,-0.52933,0.61206), 0.09865, 0.12034, 0.27949, (gDx*9,gDy*2,gDz*0)),rgb(0,1,0.625));
		draw(
			ellipsoid( (0.027541,-0.83694,-0.54661), (-0.82225,0.29199,-0.48851), (-0.56845,-0.4629,0.68013), 0.10257, 0.11773, 0.28375, (gDx*10,gDy*2,gDz*0)),rgb(0,1,0.625));
		draw(
			ellipsoid( (0.39502,-0.88213,-0.25653), (0.68289,0.095168,0.7243), (-0.61451,-0.4613,0.63999), 0.11342, 0.12283, 0.25468, (gDx*11,gDy*2,gDz*0)),rgb(0,1,0.25));
		draw(
			ellipsoid( (0.45892,-0.87661,-0.14473), (0.58085,0.17275,0.79547), (-0.67231,-0.44912,0.58846), 0.12243, 0.14853, 0.22916, (gDx*12,gDy*2,gDz*0)),rgb(0.125,1,0));
		draw(
			ellipsoid( (0.44788,-0.87106,-0.20162), (0.60572,0.12974,0.78503), (-0.65766,-0.47373,0.58572), 0.13499, 0.16224, 0.18814, (gDx*13,gDy*2,gDz*0)),rgb(0.875,1,0));
		draw(
			ellipsoid( (0.91178,0.011961,-0.41049), (0.15348,0.91722,0.36763), (0.38091,-0.3982,0.83447), 0.14591, 0.157, 0.18352, (gDx*14,gDy*2,gDz*0)),rgb(1,0.84375,0));
		draw(
			ellipsoid( (0.87044,0.4376,-0.22546), (-0.12341,0.63736,0.76062), (0.47654,-0.63425,0.60879), 0.11821, 0.16765, 0.21442, (gDx*15,gDy*2,gDz*0)),rgb(0.21875,1,0));
		draw(
			ellipsoid( (0.8826,0.45717,-0.10961), (-0.079252,0.3745,0.92384), (0.46339,-0.80669,0.36676), 0.099962, 0.16623, 0.22875, (gDx*16,gDy*2,gDz*0)),rgb(0,1,0.15625));
		draw(
			ellipsoid( (0.82643,0.55643,0.085975), (-0.16962,0.10045,0.98038), (0.53688,-0.8248,0.1774), 0.098001, 0.15571, 0.23961, (gDx*17,gDy*2,gDz*0)),rgb(0,1,0.25));
		draw(
			ellipsoid( (0.64336,0.71211,0.28106), (-0.33787,-0.065335,0.93892), (0.68698,-0.69903,0.19856), 0.11689, 0.14603, 0.2197, (gDx*18,gDy*2,gDz*0)),rgb(0.125,1,0));
		draw(
			ellipsoid( (0.56484,0.82457,0.032173), (-0.16538,0.074915,0.98338), (0.80846,-0.56078,0.17868), 0.1387, 0.14932, 0.19176, (gDx*19,gDy*2,gDz*0)),rgb(0.875,1,0));
		draw(
			ellipsoid( (0.30714,0.66824,-0.67758), (0.21742,-0.74244,-0.63365), (-0.92649,0.047303,-0.37332), 0.13537, 0.1556, 0.16988, (gDx*20,gDy*2,gDz*0)),rgb(1,0.84375,0));
		draw(
			ellipsoid( (-0.29498,-0.31845,0.90088), (-0.043631,0.94633,0.32023), (-0.95451,0.055156,-0.29305), 0.14563, 0.16288, 0.18508, (gDx*21,gDy*2,gDz*0)),rgb(1,0.84375,0));
		draw(
			ellipsoid( (-0.27167,-0.07532,0.95944), (-0.14751,0.98841,0.035825), (-0.95102,-0.1318,-0.27963), 0.15224, 0.1656, 0.18803, (gDx*22,gDy*2,gDz*0)),rgb(1,0.75,0));
		draw(
			ellipsoid( (-0.30476,0.23466,0.92307), (-0.32899,0.88358,-0.33325), (-0.8938,-0.40524,-0.19208), 0.15895, 0.17011, 0.18971, (gDx*23,gDy*2,gDz*0)),rgb(1,0.65625,0));
		draw(
			ellipsoid( (0.13436,-0.57737,0.80535), (-0.14434,0.79265,0.59235), (-0.98036,-0.19583,0.023161), 0.1551, 0.16061, 0.18047, (gDx*24,gDy*2,gDz*0)),rgb(1,0.5625,0));
		draw(
			ellipsoid( (0.028962,-0.64877,0.76044), (0.20449,0.74851,0.6308), (-0.97844,0.13723,0.15434), 0.1957, 0.20589, 0.21699, (gDx*25,gDy*2,gDz*0)),rgb(1,0.375,0));
		draw(
			ellipsoid( (-0.58234,-0.28835,0.76009), (-0.59057,0.79258,-0.15178), (-0.55866,-0.53728,-0.63184), 0.396, 0.40908, 0.4148, (gDx*26,gDy*2,gDz*0)),rgb(1,0.1875,0));
		draw(
			ellipsoid( (0.84696,-0.47577,-0.23727), (-0.37968,-0.85368,0.35647), (0.37215,0.21183,0.90367), 0.50124, 0.55868, 0.60334, (gDx*27,gDy*2,gDz*0)),rgb(1,0.65625,0));
		draw(
			ellipsoid( (-0.35326,0.74016,-0.57217), (0.90558,0.11704,-0.40771), (0.23481,0.66217,0.71161), 0.34434, 0.3471, 0.37632, (gDx*28,gDy*2,gDz*0)),rgb(1,0.375,0));
		draw(
			ellipsoid( (0.011551,-0.53461,0.84502), (0.922,0.33277,0.19793), (-0.38701,0.77682,0.49676), 0.18124, 0.18995, 0.20314, (gDx*29,gDy*2,gDz*0)),rgb(1,0.46875,0));
		draw(
			ellipsoid( (0.053212,0.48893,-0.8707), (0.96131,0.21091,0.17718), (-0.27027,0.84644,0.45879), 0.21539, 0.22102, 0.24333, (gDx*30,gDy*2,gDz*0)),rgb(1,0.46875,0));
		draw(
			ellipsoid( (-0.039499,-0.39302,0.91868), (-0.98587,0.16509,0.028239), (-0.16276,-0.90459,-0.39399), 0.24601, 0.25321, 0.27196, (gDx*31,gDy*2,gDz*0)),rgb(1,0.375,0));
		draw(
			ellipsoid( (0.019551,-0.35349,0.93524), (-0.99971,0.0064503,0.023337), (-0.014282,-0.93542,-0.35326), 0.23597, 0.25231, 0.26439, (gDx*32,gDy*2,gDz*0)),rgb(1,0.46875,0));
		draw(
			ellipsoid( (-0.013751,-0.25765,0.96614), (-0.97787,0.20518,0.040801), (-0.20875,-0.9442,-0.25477), 0.25911, 0.28339, 0.29394, (gDx*33,gDy*2,gDz*0)),rgb(1,0.46875,0));
		draw(
			ellipsoid( (-0.0033035,0.016035,0.99987), (0.5151,0.85704,-0.012042), (-0.85712,0.51499,-0.011091), 0.19162, 0.20608, 0.21141, (gDx*34,gDy*2,gDz*0)),rgb(1,0.375,0));
		draw(
			ellipsoid( (0.66292,0.13161,0.73704), (0.66148,-0.56407,-0.49424), (0.35069,0.81517,-0.46099), 0.11968, 0.15784, 0.1902, (gDx*35,gDy*2,gDz*0)),rgb(0.5,1,0));
		draw(
			ellipsoid( (0.80174,0.032598,0.59679), (-0.48325,0.62292,0.61518), (-0.3517,-0.7816,0.51517), 0.074144, 0.11578, 0.26845, (gDx*36,gDy*2,gDz*0)),rgb(0,1,0.8125));
		draw(
			ellipsoid( (0.84924,-0.52153,0.082495), (0.19426,0.45388,0.86963), (-0.49098,-0.7225,0.48676), 0.095303, 0.11617, 0.28011, (gDx*37,gDy*2,gDz*0)),rgb(0,1,0.625));
		draw(
			ellipsoid( (0.77495,-0.61428,-0.14871), (0.42878,0.33814,0.83774), (-0.46432,-0.71297,0.52543), 0.07506, 0.13459, 0.27716, (gDx*38,gDy*2,gDz*0)),rgb(0,1,0.8125));
		draw(
			ellipsoid( (0.72013,-0.64362,-0.25915), (0.63963,0.47111,0.6074), (-0.26884,-0.60317,0.75094), 0.077326, 0.15584, 0.24575, (gDx*39,gDy*2,gDz*0)),rgb(0,1,0.625));
		draw(
			ellipsoid( (-0.58765,0.71149,0.38528), (0.80911,0.51525,0.28261), (-0.0025572,-0.47781,0.87846), 0.079166, 0.14233, 0.26895, (gDx*40,gDy*2,gDz*0)),rgb(0,1,0.71875));
		draw(
			ellipsoid( (-0.44616,0.75735,0.47682), (0.89371,0.40511,0.1928), (0.047146,-0.51216,0.85759), 0.087911, 0.12793, 0.29147, (gDx*41,gDy*2,gDz*0)),rgb(0,1,0.71875));
		draw(
			ellipsoid( (-0.020669,0.83558,0.54898), (0.99106,0.089527,-0.098952), (0.13183,-0.54202,0.82996), 0.081373, 0.10562, 0.29645, (gDx*42,gDy*2,gDz*0)),rgb(0,1,0.90625));
		draw(
			ellipsoid( (0.71766,0.62689,0.30326), (-0.65129,0.45003,0.61098), (0.24654,-0.63598,0.73126), 0.094434, 0.14431, 0.2631, (gDx*43,gDy*2,gDz*0)),rgb(0,1,0.53125));
		draw(
			ellipsoid( (0.79738,0.59697,0.088375), (-0.33954,0.32274,0.88349), (0.49889,-0.73448,0.46005), 0.098032, 0.12555, 0.16032, (gDx*44,gDy*2,gDz*0)),rgb(0.5,1,0));
		draw(
			ellipsoid( (0.77084,0.23164,-0.59343), (0.51521,0.32117,0.79461), (0.37465,-0.91826,0.12823), 0.22017, 0.23078, 0.24771, (gDx*45,gDy*2,gDz*0)),rgb(1,0.46875,0));
		draw(
			ellipsoid( (-0.96197,-0.22348,-0.15705), (-0.13607,-0.10649,0.98496), (0.23684,-0.96887,-0.072029), 0.28978, 0.29898, 0.31562, (gDx*46,gDy*2,gDz*0)),rgb(1,0.375,0));
		draw(
			ellipsoid( (0.83942,0.32168,0.43806), (-0.10914,-0.68983,0.7157), (0.53241,-0.64858,-0.54395), 0.20668, 0.2105, 0.21302, (gDx*47,gDy*2,gDz*0)),rgb(1,0.09375,0));
		draw(
			ellipsoid( (-0.20222,-0.97707,0.066606), (-0.04031,0.076258,0.99627), (0.97851,-0.19878,0.054807), 0.14064, 0.15607, 0.16641, (gDx*48,gDy*2,gDz*0)),rgb(1,0.65625,0));
		draw(
			ellipsoid( (0.47119,0.87878,-0.07573), (-0.52572,0.21086,-0.82411), (-0.70824,0.42812,0.56134), 0.16332, 0.17331, 0.17815, (gDx*49,gDy*2,gDz*0)),rgb(1,0.375,0));
		draw(
			ellipsoid( (0.43105,0.83991,0.32976), (-0.64224,0.02888,0.76596), (0.63381,-0.54195,0.55188), 0.16203, 0.16442, 0.17205, (gDx*50,gDy*2,gDz*0)),rgb(1,0.28125,0));
		draw(
			ellipsoid( (-0.6976,0.47297,0.53819), (0.64079,0.7479,0.17332), (0.32054,-0.46577,0.82481), 0.13506, 0.13845, 0.20146, (gDx*51,gDy*2,gDz*0)),rgb(0.59375,1,0));
		draw(
			ellipsoid( (0.9738,0.1286,-0.18754), (-0.025325,0.88093,0.47256), (0.22598,-0.45543,0.86111), 0.11035, 0.12523, 0.26592, (gDx*52,gDy*2,gDz*0)),rgb(0,1,0.34375));
		draw(
			ellipsoid( (0.90774,-0.25463,-0.33342), (0.36522,0.87071,0.32935), (0.20645,-0.42074,0.88338), 0.12768, 0.13592, 0.22467, (gDx*53,gDy*2,gDz*0)),rgb(0.21875,1,0));
		draw(
			ellipsoid( (-0.63093,0.61343,0.47502), (0.68763,0.72567,-0.023796), (0.3593,-0.31162,0.87966), 0.15774, 0.1618, 0.19651, (gDx*54,gDy*2,gDz*0)),rgb(1,0.84375,0));
		draw(
			ellipsoid( (-0.65102,0.60839,0.45391), (0.66459,0.74577,-0.046397), (0.36674,-0.27145,0.88984), 0.16414, 0.16726, 0.19947, (gDx*55,gDy*2,gDz*0)),rgb(1,0.75,0));
		draw(
			ellipsoid( (-0.94436,0.06825,0.32175), (0.12707,0.97799,0.1655), (0.30338,-0.19718,0.93225), 0.16012, 0.16201, 0.19621, (gDx*56,gDy*2,gDz*0)),rgb(1,0.84375,0));
		draw(
			ellipsoid( (0.82901,0.35036,-0.43588), (-0.16477,0.89785,0.40831), (-0.53441,0.26667,-0.80205), 0.25801, 0.268, 0.27681, (gDx*57,gDy*2,gDz*0)),rgb(1,0.28125,0));
		draw(
			ellipsoid( (-0.11243,-0.64579,0.7552), (-0.96656,0.24735,0.067615), (-0.23046,-0.72234,-0.652), 0.38924, 0.4018, 0.41543, (gDx*58,gDy*2,gDz*0)),rgb(1,0.28125,0));
		draw(
			ellipsoid( (-0.43895,0.66623,-0.60288), (0.84855,0.08674,-0.52196), (-0.29545,-0.74069,-0.6034), 0.44432, 0.53456, 0.58335, (gDx*59,gDy*2,gDz*0)),rgb(1,0.9375,0));
		draw(
			ellipsoid( (-0.048677,-0.6816,-0.73011), (0.73272,-0.52113,0.43765), (-0.67878,-0.51367,0.52479), 0.14034, 0.16779, 0.20977, (gDx*0,gDy*3,gDz*0)),rgb(0.6875,1,0));
		draw(
			ellipsoid( (0.26002,0.63463,0.72776), (0.639,-0.67814,0.36305), (-0.72392,-0.37064,0.58186), 0.12289, 0.14173, 0.21103, (gDx*1,gDy*3,gDz*0)),rgb(0.3125,1,0));
		draw(
			ellipsoid( (0.34072,0.58407,0.73673), (0.55493,-0.75749,0.34389), (-0.75892,-0.29167,0.58221), 0.12346, 0.13558, 0.20694, (gDx*2,gDy*3,gDz*0)),rgb(0.3125,1,0));
		draw(
			ellipsoid( (0.4868,-0.85847,0.16141), (0.39226,0.37994,0.83772), (-0.78049,-0.34448,0.5217), 0.14011, 0.14838, 0.20274, (gDx*3,gDy*3,gDz*0)),rgb(0.6875,1,0));
		draw(
			ellipsoid( (0.40554,-0.91322,0.039479), (0.49724,0.25664,0.82879), (-0.767,-0.31648,0.55817), 0.11868, 0.14413, 0.20392, (gDx*4,gDy*3,gDz*0)),rgb(0.3125,1,0));
		draw(
			ellipsoid( (0.070375,-0.93647,-0.34361), (0.67533,-0.20879,0.70735), (-0.73415,-0.28183,0.61773), 0.11638, 0.13679, 0.2167, (gDx*5,gDy*3,gDz*0)),rgb(0.125,1,0));
		draw(
			ellipsoid( (0.38156,0.60019,0.70298), (0.56201,-0.75444,0.33908), (-0.73387,-0.2657,0.62517), 0.11997, 0.14465, 0.22389, (gDx*6,gDy*3,gDz*0)),rgb(0.125,1,0));
		draw(
			ellipsoid( (0.43944,0.51683,0.7347), (0.49477,-0.82191,0.28224), (-0.74973,-0.23948,0.6169), 0.11742, 0.15538, 0.22075, (gDx*7,gDy*3,gDz*0)),rgb(0.21875,1,0));
		draw(
			ellipsoid( (0.41378,0.52139,0.74628), (0.5413,-0.80001,0.2588), (-0.73197,-0.29687,0.61326), 0.12766, 0.14906, 0.19732, (gDx*8,gDy*3,gDz*0)),rgb(0.59375,1,0));
		draw(
			ellipsoid( (-0.0021599,-0.82045,-0.57171), (-0.83424,0.31672,-0.45136), (-0.55139,-0.47597,0.68514), 0.13231, 0.14214, 0.20384, (gDx*9,gDy*3,gDz*0)),rgb(0.5,1,0));
		draw(
			ellipsoid( (0.31435,-0.87003,-0.37977), (0.81323,0.040419,0.58054), (-0.48974,-0.49134,0.72024), 0.12038, 0.14062, 0.22454, (gDx*10,gDy*3,gDz*0)),rgb(0.125,1,0));
		draw(
			ellipsoid( (0.41782,-0.85053,-0.31941), (0.75576,0.13025,0.64176), (-0.50423,-0.50954,0.69722), 0.11259, 0.14197, 0.2403, (gDx*11,gDy*3,gDz*0)),rgb(0,1,0.0625));
		draw(
			ellipsoid( (0.38785,-0.80973,-0.44035), (0.81521,0.078414,0.57384), (-0.43012,-0.58154,0.69051), 0.096692, 0.14445, 0.24836, (gDx*12,gDy*3,gDz*0)),rgb(0,1,0.34375));
		draw(
			ellipsoid( (0.57155,-0.69604,-0.43457), (0.80967,0.39237,0.43644), (-0.13327,-0.60131,0.78782), 0.11111, 0.14991, 0.22889, (gDx*13,gDy*3,gDz*0)),rgb(0.03125,1,0));
		draw(
			ellipsoid( (0.91878,-0.20844,-0.33526), (0.3437,0.84013,0.41959), (0.1942,-0.50074,0.84353), 0.12615, 0.15971, 0.22059, (gDx*14,gDy*3,gDz*0)),rgb(0.3125,1,0));
		draw(
			ellipsoid( (0.95295,0.18502,-0.2401), (-0.024682,0.83684,0.54689), (0.30211,-0.51523,0.80204), 0.10981, 0.16488, 0.23898, (gDx*15,gDy*3,gDz*0)),rgb(0,1,0.0625));
		draw(
			ellipsoid( (0.9682,0.21448,-0.12879), (-0.031868,0.61635,0.78683), (0.24814,-0.75771,0.60358), 0.097436, 0.18981, 0.23955, (gDx*16,gDy*3,gDz*0)),rgb(0,1,0.34375));
		draw(
			ellipsoid( (0.93837,0.34388,-0.034799), (0.03004,0.019159,0.99937), (-0.34433,0.93882,-0.0076481), 0.12128, 0.16695, 0.2172, (gDx*17,gDy*3,gDz*0)),rgb(0.3125,1,0));
		draw(
			ellipsoid( (0.77116,0.63643,-0.01659), (-0.1214,0.17258,0.97749), (0.62496,-0.75178,0.21034), 0.15749, 0.17306, 0.19615, (gDx*18,gDy*3,gDz*0)),rgb(1,0.75,0));
		draw(
			ellipsoid( (0.59277,0.65524,-0.46828), (0.32387,0.33842,0.8835), (-0.73738,0.67538,0.011614), 0.16885, 0.17879, 0.19212, (gDx*19,gDy*3,gDz*0)),rgb(1,0.46875,0));
		draw(
			ellipsoid( (-0.13449,-0.68648,0.7146), (-0.9707,0.23618,0.044192), (-0.19911,-0.68772,-0.69814), 0.17885, 0.20304, 0.20876, (gDx*20,gDy*3,gDz*0)),rgb(1,0.65625,0));
		draw(
			ellipsoid( (0.24549,-0.59647,0.76417), (-0.96928,-0.16324,0.18397), (0.015015,-0.78586,-0.61823), 0.18801, 0.19995, 0.20527, (gDx*21,gDy*3,gDz*0)),rgb(1,0.375,0));
		draw(
			ellipsoid( (-0.065227,-0.13207,0.98909), (0.30521,0.94106,0.14578), (-0.95005,0.31139,-0.021074), 0.17303, 0.18394, 0.18785, (gDx*22,gDy*3,gDz*0)),rgb(1,0.375,0));
		draw(
			ellipsoid( (-0.050749,0.16072,0.98569), (-0.74167,-0.66705,0.070581), (0.66885,-0.72747,0.15306), 0.16682, 0.18014, 0.18626, (gDx*23,gDy*3,gDz*0)),rgb(1,0.46875,0));
		draw(
			ellipsoid( (-0.021432,0.29283,0.95592), (0.89524,0.43127,-0.11204), (-0.44507,0.85338,-0.27139), 0.15944, 0.17574, 0.18694, (gDx*24,gDy*3,gDz*0)),rgb(1,0.5625,0));
		draw(
			ellipsoid( (-0.28346,-0.35418,0.89119), (0.64708,0.61523,0.45032), (-0.70777,0.70431,0.054789), 0.15952, 0.16661, 0.20132, (gDx*25,gDy*3,gDz*0)),rgb(1,0.84375,0));
		draw(
			ellipsoid( (-0.24994,-0.45804,0.85307), (0.50835,0.68777,0.51823), (-0.82408,0.56318,0.06095), 0.19177, 0.20493, 0.24275, (gDx*26,gDy*3,gDz*0)),rgb(1,0.84375,0));
		draw(
			ellipsoid( (-0.72476,0.2092,0.65647), (0.1525,-0.88045,0.44894), (0.67191,0.42549,0.60622), 0.31097, 0.32729, 0.34442, (gDx*27,gDy*3,gDz*0)),rgb(1,0.375,0));
		draw(
			ellipsoid( (-0.17824,-0.22606,0.95767), (-0.69844,0.71462,0.038691), (-0.69312,-0.66197,-0.28527), 0.23035, 0.2362, 0.26576, (gDx*28,gDy*3,gDz*0)),rgb(1,0.5625,0));
		draw(
			ellipsoid( (-0.47686,0.63059,-0.61235), (-0.48304,0.39403,0.78193), (-0.73436,-0.66865,-0.1167), 0.14971, 0.16034, 0.20115, (gDx*29,gDy*3,gDz*0)),rgb(0.96875,1,0));
		draw(
			ellipsoid( (0.51577,-0.37615,0.76973), (-0.027188,0.89082,0.45354), (-0.85629,-0.25485,0.44923), 0.18099, 0.19848, 0.21912, (gDx*30,gDy*3,gDz*0)),rgb(1,0.75,0));
		draw(
			ellipsoid( (0.54095,-0.16781,0.82414), (-0.0048742,-0.9805,-0.19645), (-0.84104,-0.10225,0.53122), 0.16088, 0.16812, 0.2016, (gDx*31,gDy*3,gDz*0)),rgb(1,0.84375,0));
		draw(
			ellipsoid( (0.53827,-0.0024965,0.84277), (-0.32466,-0.92343,0.20462), (0.77773,-0.38376,-0.49786), 0.11713, 0.14194, 0.1575, (gDx*32,gDy*3,gDz*0)),rgb(0.96875,1,0));
		draw(
			ellipsoid( (0.30601,0.081104,0.94857), (0.11976,0.98517,-0.12287), (-0.94447,0.1512,0.29176), 0.11169, 0.13883, 0.16826, (gDx*33,gDy*3,gDz*0)),rgb(0.6875,1,0));
		draw(
			ellipsoid( (-0.34606,-0.62676,-0.69815), (0.15767,-0.7724,0.61526), (-0.92487,0.10284,0.36612), 0.12875, 0.16404, 0.19514, (gDx*34,gDy*3,gDz*0)),rgb(0.6875,1,0));
		draw(
			ellipsoid( (-0.65646,-0.47567,-0.58548), (-0.089644,0.81982,-0.56555), (0.74901,-0.31878,-0.58083), 0.088362, 0.17142, 0.20306, (gDx*35,gDy*3,gDz*0)),rgb(0,1,0.25));
		draw(
			ellipsoid( (0.68095,0.34245,0.64733), (0.64642,-0.69648,-0.31155), (-0.34416,-0.63059,0.69563), 0.0716, 0.14586, 0.2462, (gDx*36,gDy*3,gDz*0)),rgb(0,1,0.71875));
		draw(
			ellipsoid( (-0.77108,0.030099,-0.63603), (-0.41845,0.72895,0.54179), (-0.47994,-0.68391,0.54948), 0.10409, 0.10903, 0.27387, (gDx*37,gDy*3,gDz*0)),rgb(0,1,0.53125));
		draw(
			ellipsoid( (0.75212,-0.62794,-0.19999), (0.44813,0.26481,0.85385), (-0.48321,-0.73182,0.48056), 0.083332, 0.12765, 0.26718, (gDx*38,gDy*3,gDz*0)),rgb(0,1,0.71875));
		draw(
			ellipsoid( (0.74766,-0.60204,-0.28026), (0.60113,0.43421,0.6709), (-0.28222,-0.67008,0.68655), 0.070199, 0.15843, 0.23685, (gDx*39,gDy*3,gDz*0)),rgb(0,1,0.71875));
		draw(
			ellipsoid( (0.72237,-0.60559,-0.33383), (0.69142,0.64056,0.3341), (0.011509,-0.47216,0.88144), 0.085229, 0.14955, 0.27186, (gDx*40,gDy*3,gDz*0)),rgb(0,1,0.625));
		draw(
			ellipsoid( (0.77462,-0.5443,-0.32203), (0.63237,0.67362,0.38256), (0.0087049,-0.49998,0.86599), 0.087888, 0.12717, 0.29285, (gDx*41,gDy*3,gDz*0)),rgb(0,1,0.71875));
		draw(
			ellipsoid( (0.9164,-0.32629,-0.23183), (0.40006,0.76535,0.50418), (0.012926,-0.55478,0.8319), 0.090567, 0.11728, 0.28513, (gDx*42,gDy*3,gDz*0)),rgb(0,1,0.71875));
		draw(
			ellipsoid( (0.99982,0.017512,-0.0077957), (-0.0085366,0.7709,0.63689), (0.017163,-0.63671,0.77091), 0.091038, 0.11698, 0.22744, (gDx*43,gDy*3,gDz*0)),rgb(0,1,0.34375));
		draw(
			ellipsoid( (0.97376,-0.14266,-0.17731), (0.22757,0.61753,0.7529), (0.0020835,-0.7735,0.6338), 0.16502, 0.17309, 0.20174, (gDx*44,gDy*3,gDz*0)),rgb(1,0.75,0));
		draw(
			ellipsoid( (-0.52606,0.025104,0.85007), (0.81309,-0.27813,0.51139), (0.24927,0.96022,0.1259), 0.26807, 0.28395, 0.29308, (gDx*45,gDy*3,gDz*0)),rgb(1,0.375,0));
		draw(
			ellipsoid( (0.42396,-0.02869,0.90523), (-0.90539,0.012151,0.42442), (-0.023176,-0.99951,-0.020824), 0.24526, 0.24628, 0.26526, (gDx*46,gDy*3,gDz*0)),rgb(1,0.375,0));
		draw(
			ellipsoid( (0.9557,-0.037333,0.29197), (0.23621,-0.4946,-0.83641), (-0.17564,-0.86832,0.46387), 0.16764, 0.17698, 0.18024, (gDx*47,gDy*3,gDz*0)),rgb(1,0.28125,0));
		draw(
			ellipsoid( (0.7475,0.51929,0.41423), (0.63651,-0.73831,-0.22305), (-0.19,-0.4304,0.88242), 0.16771, 0.17346, 0.17687, (gDx*48,gDy*3,gDz*0)),rgb(1,0.1875,0));
		draw(
			ellipsoid( (0.78715,0.41435,0.45685), (0.3829,-0.90899,0.16469), (-0.48351,-0.045293,0.87417), 0.19591, 0.20239, 0.20613, (gDx*49,gDy*3,gDz*0)),rgb(1,0.1875,0));
		draw(
