	import three;
	import settings;

	surface ellipsoid(triple v1,triple v2,triple v3,real l1,real l2, real l3, triple pos=O) {
		transform3 T = identity(4);
		T[0][0] = l1*v1.x;
		T[1][0] = l1*v1.y;
		T[2][0] = l1*v1.z;
		T[0][1] = l2*v2.x;
		T[1][1] = l2*v2.y;
		T[2][1] = l2*v2.z;
		T[0][2] = l3*v3.x;
		T[1][2] = l3*v3.y;
		T[2][2] = l3*v3.z;
		T[0][3] = pos.x;
		T[1][3] = pos.y;
		T[2][3] = pos.z;
		return T*unitsphere;
	}

	size(200);

	real gDx=0.25;
	real gDy=0.25;
	real gDz=0.25;

	currentprojection=perspective( camera=(gDx*29.5,gDy*19.5,60),up=Y, target=(gDx*29.5,gDy*19.5,gDz*-0.5));
		draw(
			ellipsoid( (0.11837,0.18624,0.97535), (0.99277,-0.0025829,-0.11999), (0.019829,-0.9825,0.1852), 0.40299, 0.38653, 0.37974, (gDx*0,gDy*0,gDz*0)),rgb(1,0.25781,0));
		draw(
			ellipsoid( (0.84237,0.12166,-0.52498), (0.52004,-0.43894,0.73273), (0.14129,0.89024,0.43302), 0.27385, 0.25174, 0.26283, (gDx*1,gDy*0,gDz*0)),rgb(1,0.32812,0));
		draw(
			ellipsoid( (0.59678,-0.065137,0.79976), (-0.70969,-0.50794,0.4882), (-0.37442,0.85893,0.34935), 0.13334, 0.17151, 0.15305, (gDx*2,gDy*0,gDz*0)),rgb(1,0.91406,0));
		draw(
			ellipsoid( (-0.71401,-0.45627,0.53105), (-0.54368,0.83924,-0.0099224), (0.44115,0.2958,0.84728), 0.19529, 0.16338, 0.1584, (gDx*3,gDy*0,gDz*0)),rgb(1,0.82031,0));
		draw(
			ellipsoid( (0.63605,0.5346,-0.55645), (0.76098,-0.31509,0.56713), (-0.12786,0.78417,0.60723), 0.19808, 0.17109, 0.16162, (gDx*4,gDy*0,gDz*0)),rgb(1,0.77344,0));
		draw(
			ellipsoid( (-0.81692,-0.44938,0.36151), (-0.39287,0.89249,0.22164), (0.42225,-0.039031,0.90564), 0.19112, 0.15025, 0.16901, (gDx*5,gDy*0,gDz*0)),rgb(1,0.86719,0));
		draw(
			ellipsoid( (-0.82215,-0.42969,0.3734), (-0.48263,0.87397,-0.056928), (0.30188,0.22702,0.92592), 0.17179, 0.1226, 0.13794, (gDx*6,gDy*0,gDz*0)),rgb(0.82812,1,0));
		draw(
			ellipsoid( (-0.76804,-0.49162,0.41039), (-0.54855,0.83573,-0.025443), (0.33047,0.24466,0.91155), 0.18264, 0.13236, 0.14697, (gDx*7,gDy*0,gDz*0)),rgb(0.875,1,0));
		draw(
			ellipsoid( (-0.80892,-0.4039,0.42722), (-0.41958,-0.1124,-0.90073), (-0.41182,0.90787,0.078543), 0.17969, 0.14198, 0.13377, (gDx*8,gDy*0,gDz*0)),rgb(0.92188,1,0));
		draw(
			ellipsoid( (0.73407,0.23861,-0.63577), (0.66842,-0.088717,0.73847), (-0.1198,0.96706,0.22461), 0.184, 0.12688, 0.1317, (gDx*9,gDy*0,gDz*0)),rgb(0.66406,1,0));
		draw(
			ellipsoid( (-0.48694,-0.48741,0.72479), (-0.75875,-0.175,-0.62744), (-0.43266,0.85546,0.28461), 0.21938, 0.092135, 0.12176, (gDx*10,gDy*0,gDz*0)),rgb(0,1,0.29688));
		draw(
			ellipsoid( (-0.43552,-0.67978,0.5901), (-0.63768,-0.22971,-0.73526), (-0.63537,0.69651,0.33344), 0.27169, 0.079897, 0.12155, (gDx*11,gDy*0,gDz*0)),rgb(0,1,0.78906));
		draw(
			ellipsoid( (-0.32982,-0.84608,0.41876), (-0.8711,0.44373,0.21045), (0.36388,0.29537,0.88337), 0.23169, 0.13473, 0.075875, (gDx*12,gDy*0,gDz*0)),rgb(0,1,0.625));
		draw(
			ellipsoid( (0.12384,-0.95697,0.26245), (-0.98569,-0.088163,0.14364), (0.11432,0.27648,0.95419), 0.20952, 0.13793, 0.088629, (gDx*13,gDy*0,gDz*0)),rgb(0,1,0.25));
		draw(
			ellipsoid( (0.36391,-0.91246,0.18706), (-0.9224,-0.38095,-0.063754), (-0.12943,0.14934,0.98028), 0.20928, 0.12869, 0.086108, (gDx*14,gDy*0,gDz*0)),rgb(0,1,0.29688));
		draw(
			ellipsoid( (-0.47257,0.86136,-0.18638), (0.81222,0.50776,0.2872), (-0.34201,0.015655,0.93956), 0.2262, 0.13284, 0.11306, (gDx*15,gDy*0,gDz*0)),rgb(0,1,0.015625));
		draw(
			ellipsoid( (-0.64787,0.74506,-0.15857), (0.58226,0.35015,-0.73374), (0.49116,0.5677,0.66067), 0.23864, 0.10001, 0.14064, (gDx*16,gDy*0,gDz*0)),rgb(0,1,0.29688));
		draw(
			ellipsoid( (0.73611,-0.64321,0.21076), (-0.64465,-0.57133,0.50794), (0.2063,0.50976,0.83521), 0.26305, 0.085566, 0.11407, (gDx*17,gDy*0,gDz*0)),rgb(0,1,0.69531));
		draw(
			ellipsoid( (0.7436,-0.60722,0.2799), (-0.65232,-0.75073,0.10432), (-0.14678,0.26016,0.95435), 0.30584, 0.088364, 0.11298, (gDx*18,gDy*0,gDz*0)),rgb(0,1,0.88281));
		draw(
			ellipsoid( (-0.78547,0.55821,-0.2673), (0.44842,0.21562,-0.86743), (0.42657,0.8012,0.41967), 0.27736, 0.10829, 0.08858, (gDx*19,gDy*0,gDz*0)),rgb(0,1,0.76562));
		draw(
			ellipsoid( (0.82017,-0.48134,0.30924), (-0.55294,-0.5281,0.64449), (0.14691,0.69958,0.69929), 0.24241, 0.11043, 0.089277, (gDx*20,gDy*0,gDz*0)),rgb(0,1,0.55469));
		draw(
			ellipsoid( (-0.80347,0.33768,-0.49032), (0.49363,0.83827,-0.23159), (-0.33282,0.42811,0.84021), 0.2212, 0.15266, 0.11328, (gDx*21,gDy*0,gDz*0)),rgb(0.078125,1,0));
		draw(
			ellipsoid( (-0.92396,-0.18929,-0.33236), (-0.26675,-0.30383,0.91462), (0.27411,-0.93373,-0.23023), 0.17934, 0.13689, 0.12488, (gDx*22,gDy*0,gDz*0)),rgb(0.73438,1,0));
		draw(
			ellipsoid( (0.7864,0.051526,0.61556), (-0.60898,0.23165,0.75861), (0.10351,0.97143,-0.21355), 0.17276, 0.16482, 0.1449, (gDx*23,gDy*0,gDz*0)),rgb(1,0.67969,0));
		draw(
			ellipsoid( (0.44154,0.74469,-0.50048), (0.81394,-0.09773,0.57266), (-0.37754,0.66022,0.64928), 0.1474, 0.1691, 0.15873, (gDx*24,gDy*0,gDz*0)),rgb(1,0.53906,0));
		draw(
			ellipsoid( (0.86005,0.30548,0.40866), (0.48949,-0.71996,-0.49198), (-0.14393,-0.62316,0.76873), 0.20862, 0.20099, 0.19355, (gDx*25,gDy*0,gDz*0)),rgb(1,0.30469,0));
		draw(
			ellipsoid( (-0.95029,0.31136,-0.00077776), (0.30669,0.93561,-0.17485), (0.053713,0.1664,0.98459), 0.33412, 0.37795, 0.36964, (gDx*26,gDy*0,gDz*0)),rgb(1,0.51562,0));
		draw(
			ellipsoid( (-0.99395,0.080867,0.074283), (0.10824,0.60775,0.78672), (-0.018475,-0.79,0.61282), 0.43066, 0.56149, 0.51605, (gDx*27,gDy*0,gDz*0)),rgb(1,0.96094,0));
		draw(
			ellipsoid( (0.409,-0.25121,0.87728), (-0.74357,-0.64903,0.16082), (-0.52898,0.71809,0.45224), 0.20673, 0.23078, 0.2368, (gDx*28,gDy*0,gDz*0)),rgb(1,0.5625,0));
		draw(
			ellipsoid( (0.84409,-0.042797,-0.5345), (-0.52888,-0.23068,-0.81674), (0.088345,-0.97209,0.21735), 0.11701, 0.036181, 0.049174, (gDx*29,gDy*0,gDz*0)),rgb(0,1,0.76562));
		draw(
			ellipsoid( (-0.79192,0.51716,0.32468), (0.56608,0.82113,0.072772), (0.22897,-0.24142,0.94302), 0.18874, 0.11317, 0.13626, (gDx*30,gDy*0,gDz*0)),rgb(0.40625,1,0));
		draw(
			ellipsoid( (-0.7159,0.66777,0.20391), (0.51811,0.3123,0.79626), (-0.46803,-0.67569,0.56955), 0.1581, 0.1194, 0.10407, (gDx*31,gDy*0,gDz*0)),rgb(0.61719,1,0));
		draw(
			ellipsoid( (0.36214,0.58612,-0.72479), (0.68756,0.35705,0.63228), (-0.62938,0.72731,0.27369), 0.11655, 0.14187, 0.15541, (gDx*32,gDy*0,gDz*0)),rgb(0.96875,1,0));
		draw(
			ellipsoid( (0.41329,0.34256,-0.84371), (-0.76707,0.63027,-0.11985), (-0.49071,-0.69671,-0.52326), 0.1127, 0.1375, 0.1556, (gDx*33,gDy*0,gDz*0)),rgb(0.875,1,0));
		draw(
			ellipsoid( (-0.6644,-0.64461,-0.37822), (-0.59837,0.76201,-0.24757), (-0.4478,-0.06183,0.89199), 0.17843, 0.10156, 0.12627, (gDx*34,gDy*0,gDz*0)),rgb(0.28906,1,0));
		draw(
			ellipsoid( (0.70144,0.69651,-0.15116), (0.71273,-0.68497,0.15113), (-0.0017249,0.21374,0.97689), 0.21583, 0.071524, 0.12551, (gDx*35,gDy*0,gDz*0)),rgb(0,1,0.625));
		draw(
			ellipsoid( (0.56688,0.7248,-0.39155), (0.81449,-0.56437,0.1345), (0.1235,0.39516,0.91027), 0.24228, 0.075968, 0.11731, (gDx*36,gDy*0,gDz*0)),rgb(0,1,0.71875));
		draw(
			ellipsoid( (0.57517,0.76886,-0.27934), (0.79723,-0.60337,-0.01922), (0.18333,0.21165,0.96), 0.23166, 0.060099, 0.12652, (gDx*37,gDy*0,gDz*0)),rgb(0,1,0.92969));
		draw(
			ellipsoid( (-0.70176,0.70701,0.087639), (0.7115,0.68929,0.13654), (-0.036122,-0.15817,0.98675), 0.059694, 0.1896, 0.15306, (gDx*38,gDy*0,gDz*0)),rgb(0,1,0.78906));
		draw(
			ellipsoid( (0.42612,-0.8787,-0.21518), (-0.67743,-0.46757,0.56786), (0.59959,0.096208,0.7945), 0.077168, 0.13372, 0.17814, (gDx*39,gDy*0,gDz*0)),rgb(0,1,0.25));
		draw(
			ellipsoid( (-0.4797,0.33375,-0.81148), (0.62831,-0.51489,-0.58319), (0.61246,0.78962,-0.037302), 0.22022, 0.096214, 0.10921, (gDx*40,gDy*0,gDz*0)),rgb(0,1,0.32031));
		draw(
			ellipsoid( (0.33449,-0.51836,0.78703), (-0.94109,-0.22773,0.24998), (-0.049656,0.82428,0.56399), 0.18126, 0.10609, 0.11987, (gDx*41,gDy*0,gDz*0)),rgb(0.3125,1,0));
		draw(
			ellipsoid( (-0.61794,0.53343,0.57758), (0.61866,-0.12345,0.7759), (-0.48519,-0.83678,0.25373), 0.18216, 0.16228, 0.16745, (gDx*42,gDy*0,gDz*0)),rgb(1,0.46875,0));
		draw(
			ellipsoid( (-0.50691,0.76536,0.39656), (0.63784,0.02359,0.76981), (-0.57983,-0.64317,0.50014), 0.1852, 0.1673, 0.16396, (gDx*43,gDy*0,gDz*0)),rgb(1,0.51562,0));
		draw(
			ellipsoid( (-0.61182,0.78593,-0.089376), (0.7529,0.61327,0.23882), (-0.2425,-0.078821,0.96694), 0.18639, 0.10596, 0.13131, (gDx*44,gDy*0,gDz*0)),rgb(0.28906,1,0));
		draw(
			ellipsoid( (-0.66505,0.7468,-0.0016139), (0.71065,0.63352,0.30598), (-0.22953,-0.20235,0.95204), 0.20368, 0.096844, 0.12934, (gDx*45,gDy*0,gDz*0)),rgb(0,1,0.0625));
		draw(
			ellipsoid( (0.59939,-0.79555,-0.088489), (-0.7939,-0.60496,0.061228), (0.10224,-0.033553,0.99419), 0.20625, 0.17068, 0.15975, (gDx*46,gDy*0,gDz*0)),rgb(1,0.9375,0));
		draw(
			ellipsoid( (-0.8893,0.44322,0.11268), (0.45685,0.87212,0.17518), (0.020623,-0.20726,0.97807), 0.22062, 0.22227, 0.20647, (gDx*47,gDy*0,gDz*0)),rgb(1,0.32812,0));
		draw(
			ellipsoid( (0.19115,0.65054,-0.73502), (0.98146,-0.1157,0.15284), (-0.014382,0.7506,0.6606), 0.20784, 0.19872, 0.1868, (gDx*48,gDy*0,gDz*0)),rgb(1,0.42188,0));
		draw(
			ellipsoid( (-0.22399,-0.72675,-0.64936), (-0.95234,0.30478,-0.012593), (-0.20706,-0.61559,0.76038), 0.12867, 0.15522, 0.1783, (gDx*49,gDy*0,gDz*0)),rgb(0.875,1,0));
		draw(
			ellipsoid( (-0.22085,-0.64901,-0.72801), (-0.96705,0.24266,0.077037), (-0.12666,-0.72104,0.68122), 0.11334, 0.15089, 0.18454, (gDx*50,gDy*0,gDz*0)),rgb(0.45312,1,0));
		draw(
			ellipsoid( (0.20573,0.7508,-0.62767), (0.95205,-0.30197,-0.049167), (0.22646,0.58746,0.77692), 0.23164, 0.15544, 0.11233, (gDx*51,gDy*0,gDz*0)),rgb(0,1,0.015625));
		draw(
			ellipsoid( (-0.12677,-0.75956,0.63796), (-0.85751,0.4072,0.31441), (0.4986,0.5072,0.70296), 0.21604, 0.14056, 0.13411, (gDx*52,gDy*0,gDz*0)),rgb(0.38281,1,0));
		draw(
			ellipsoid( (0.33586,-0.54195,0.77038), (-0.93265,-0.30574,0.19152), (-0.13174,0.78282,0.60814), 0.16811, 0.14449, 0.1416, (gDx*53,gDy*0,gDz*0)),rgb(1,0.70312,0));
		draw(
			ellipsoid( (-0.67233,0.15991,-0.72278), (-0.66149,-0.56806,0.48963), (0.33229,-0.8073,-0.4877), 0.17101, 0.15149, 0.1381, (gDx*54,gDy*0,gDz*0)),rgb(1,0.79688,0));
		draw(
			ellipsoid( (-0.63269,0.2739,-0.72435), (0.70655,0.58706,-0.39515), (-0.31701,0.7618,0.56496), 0.16495, 0.13514, 0.11934, (gDx*55,gDy*0,gDz*0)),rgb(0.875,1,0));
		draw(
			ellipsoid( (-0.65623,0.29188,-0.69582), (0.56311,0.80326,-0.19413), (-0.50226,0.51921,0.69149), 0.16972, 0.14944, 0.14747, (gDx*56,gDy*0,gDz*0)),rgb(1,0.58594,0));
		draw(
			ellipsoid( (-0.50221,0.8622,0.066339), (0.80871,0.44111,0.38912), (-0.30623,-0.24907,0.9188), 0.24807, 0.23475, 0.21804, (gDx*57,gDy*0,gDz*0)),rgb(1,0.49219,0));
		draw(
			ellipsoid( (-0.78939,-0.071566,-0.6097), (-0.53552,-0.40528,0.74092), (0.30012,-0.91139,-0.2816), 0.32194, 0.30469, 0.28792, (gDx*0,gDy*1,gDz*0)),rgb(1,0.44531,0));
		draw(
			ellipsoid( (0.90418,0.36549,-0.22108), (0.42438,-0.70975,0.56228), (-0.048596,0.60222,0.79685), 0.20986, 0.18701, 0.18167, (gDx*1,gDy*1,gDz*0)),rgb(1,0.58594,0));
		draw(
			ellipsoid( (-0.65626,-0.56038,0.50527), (-0.55897,0.81087,0.17331), (0.50683,0.1687,0.84538), 0.20466, 0.16026, 0.13929, (gDx*2,gDy*1,gDz*0)),rgb(0.71094,1,0));
		draw(
			ellipsoid( (-0.60165,-0.63175,0.48878), (-0.74386,0.66609,-0.054718), (0.29101,0.39651,0.87069), 0.20267, 0.1453, 0.12408, (gDx*3,gDy*1,gDz*0)),rgb(0.42969,1,0));
		draw(
			ellipsoid( (0.21529,0.81458,-0.53862), (0.9765,-0.18532,0.11004), (0.010182,0.54965,0.83533), 0.18881, 0.16896, 0.1501, (gDx*4,gDy*1,gDz*0)),rgb(1,0.84375,0));
		draw(
			ellipsoid( (0.24284,-0.68935,-0.68251), (-0.88358,-0.44758,0.13768), (0.40039,-0.56962,0.71779), 0.16157, 0.18629, 0.17804, (gDx*5,gDy*1,gDz*0)),rgb(1,0.5625,0));
		draw(
			ellipsoid( (-0.81358,-0.48408,0.32212), (-0.50072,0.30167,-0.81134), (-0.29558,0.82138,0.48782), 0.18222, 0.15107, 0.14101, (gDx*6,gDy*1,gDz*0)),rgb(1,0.9375,0));
		draw(
			ellipsoid( (-0.70459,-0.5365,0.46447), (-0.63387,0.77008,-0.072052), (0.31902,0.34518,0.88265), 0.21841, 0.10778, 0.091036, (gDx*7,gDy*1,gDz*0)),rgb(0,1,0.36719));
		draw(
			ellipsoid( (0.69661,0.49162,-0.52253), (0.67895,-0.68711,0.25867), (0.23186,0.53497,0.81243), 0.24873, 0.094705, 0.073412, (gDx*8,gDy*1,gDz*0)),rgb(0,1,0.85938));
		draw(
			ellipsoid( (-0.65233,-0.45295,0.60771), (-0.65394,0.7417,-0.14913), (0.38319,0.49469,0.78003), 0.24494, 0.096516, 0.076228, (gDx*9,gDy*1,gDz*0)),rgb(0,1,0.78906));
		draw(
			ellipsoid( (-0.61183,-0.42038,0.67003), (-0.65612,-0.20339,-0.72673), (-0.44178,0.88426,0.15139), 0.25534, 0.080871, 0.10982, (gDx*10,gDy*1,gDz*0)),rgb(0,1,0.74219));
		draw(
			ellipsoid( (-0.61147,-0.52999,0.58756), (-0.63473,-0.11486,-0.76415), (-0.47248,0.84019,0.26617), 0.24037, 0.078071, 0.1097, (gDx*11,gDy*1,gDz*0)),rgb(0,1,0.69531));
		draw(
			ellipsoid( (-0.67279,-0.66254,0.32924), (-0.50978,0.73766,0.44269), (0.53617,-0.13,0.83404), 0.20893, 0.14088, 0.09904, (gDx*12,gDy*1,gDz*0)),rgb(0,1,0.0625));
		draw(
			ellipsoid( (0.20615,-0.18879,0.96013), (-0.81142,0.51542,0.27557), (0.5469,0.83588,0.046938), 0.11055, 0.16174, 0.17901, (gDx*13,gDy*1,gDz*0)),rgb(0.42969,1,0));
		draw(
			ellipsoid( (-0.4796,0.8768,-0.034735), (0.82335,0.46335,0.32772), (-0.30344,-0.12858,0.94413), 0.17643, 0.1426, 0.11346, (gDx*14,gDy*1,gDz*0)),rgb(0.57031,1,0));
		draw(
			ellipsoid( (-0.55545,0.81402,-0.16985), (0.75324,0.40601,-0.51748), (0.35227,0.41538,0.83867), 0.2037, 0.1089, 0.13272, (gDx*15,gDy*1,gDz*0)),rgb(0.14844,1,0));
		draw(
			ellipsoid( (0.62549,-0.74356,0.2364), (-0.77991,-0.58716,0.21674), (0.022359,0.31994,0.94717), 0.22545, 0.091494, 0.13651, (gDx*16,gDy*1,gDz*0)),rgb(0,1,0.32031));
		draw(
			ellipsoid( (0.65875,-0.72236,0.21035), (-0.73328,-0.679,-0.035363), (-0.16837,0.13095,0.97699), 0.26959, 0.072963, 0.12318, (gDx*17,gDy*1,gDz*0)),rgb(0,1,0.88281));
		draw(
			ellipsoid( (-0.70736,0.67174,-0.22002), (0.59142,0.73292,0.33624), (-0.38712,-0.10772,0.91571), 0.28086, 0.082681, 0.11828, (gDx*18,gDy*1,gDz*0)),rgb(0,1,0.8125));
		draw(
			ellipsoid( (-0.81273,0.54408,-0.20844), (0.42424,0.30741,-0.85177), (0.39935,0.78069,0.48066), 0.23412, 0.13661, 0.10883, (gDx*19,gDy*1,gDz*0)),rgb(0,1,0.13281));
		draw(
			ellipsoid( (0.90479,-0.35947,0.22834), (-0.36148,-0.93174,-0.03445), (-0.22514,0.05137,0.97297), 0.20549, 0.11973, 0.11573, (gDx*20,gDy*1,gDz*0)),rgb(0.125,1,0));
		draw(
			ellipsoid( (-0.93037,0.18737,-0.31513), (0.3069,-0.072184,-0.949), (0.20056,0.97963,-0.0096537), 0.22005, 0.10917, 0.14241, (gDx*21,gDy*1,gDz*0)),rgb(0.0078125,1,0));
		draw(
			ellipsoid( (0.93578,0.2241,0.27221), (0.32741,-0.26575,-0.90674), (0.13086,-0.93763,0.32205), 0.21195, 0.11591, 0.14037, (gDx*22,gDy*1,gDz*0)),rgb(0.19531,1,0));
		draw(
			ellipsoid( (-0.91001,-0.30107,-0.28502), (-0.26837,-0.096235,0.9585), (0.316,-0.94873,-0.006779), 0.18861, 0.1447, 0.13836, (gDx*23,gDy*1,gDz*0)),rgb(0.85156,1,0));
		draw(
			ellipsoid( (0.98411,0.093682,-0.15084), (0.13657,-0.94226,0.30578), (0.11348,0.32152,0.94008), 0.15788, 0.11043, 0.12818, (gDx*24,gDy*1,gDz*0)),rgb(0.78125,1,0));
		draw(
			ellipsoid( (0.9462,0.028857,-0.3223), (0.28135,0.41868,0.86345), (-0.15986,0.90768,-0.38803), 0.20963, 0.18229, 0.17843, (gDx*25,gDy*1,gDz*0)),rgb(1,0.65625,0));
		draw(
			ellipsoid( (-0.95626,0.2868,-0.057598), (0.18964,0.45788,-0.86855), (0.22273,0.84148,0.49224), 0.41142, 0.44816, 0.42776, (gDx*26,gDy*1,gDz*0)),rgb(1,0.35156,0));
		draw(
			ellipsoid( (-0.98914,0.1469,-0.0053833), (0.1402,0.93168,-0.33513), (0.044217,0.33225,0.94216), 0.52188, 0.57381, 0.64562, (gDx*27,gDy*1,gDz*0)),rgb(1,0.77344,0));
		draw(
			ellipsoid( (-0.75579,0.35045,0.55314), (0.46431,0.88247,0.075308), (0.46173,-0.31374,0.82968), 0.29667, 0.27447, 0.2621, (gDx*28,gDy*1,gDz*0)),rgb(1,0.49219,0));
		draw(
			ellipsoid( (0.75135,-0.51797,-0.40888), (-0.61969,-0.34079,-0.707), (-0.22686,-0.78458,0.57703), 0.17804, 0.13521, 0.13251, (gDx*29,gDy*1,gDz*0)),rgb(0.875,1,0));
		draw(
			ellipsoid( (-0.61696,0.71838,0.3214), (0.74105,0.39278,0.54458), (-0.26497,-0.57416,0.77468), 0.21085, 0.17906, 0.14909, (gDx*30,gDy*1,gDz*0)),rgb(0.82812,1,0));
		draw(
			ellipsoid( (0.20358,0.88847,0.41131), (0.97154,-0.23528,0.027358), (-0.12108,-0.39404,0.91108), 0.20932, 0.18789, 0.16524, (gDx*31,gDy*1,gDz*0)),rgb(1,0.86719,0));
		draw(
			ellipsoid( (0.9972,-0.061944,0.041801), (-0.072255,-0.65648,0.75087), (0.01907,0.75179,0.65912), 0.24876, 0.23991, 0.26739, (gDx*32,gDy*1,gDz*0)),rgb(1,0.42188,0));
		draw(
			ellipsoid( (-0.38547,0.6799,0.62382), (0.74206,-0.17339,0.64752), (-0.54842,-0.71251,0.43769), 0.27593, 0.26126, 0.25577, (gDx*33,gDy*1,gDz*0)),rgb(1,0.30469,0));
		draw(
			ellipsoid( (0.80453,-0.57849,-0.13445), (-0.59009,-0.75298,-0.29122), (-0.067229,-0.31364,0.94716), 0.19352, 0.17452, 0.16599, (gDx*34,gDy*1,gDz*0)),rgb(1,0.58594,0));
		draw(
			ellipsoid( (0.60578,0.77955,-0.15916), (0.76535,-0.51628,0.38431), (-0.21742,0.35462,0.90938), 0.20386, 0.11805, 0.13065, (gDx*35,gDy*1,gDz*0)),rgb(0.26562,1,0));
		draw(
			ellipsoid( (0.49592,0.76916,-0.40306), (0.86676,-0.46667,0.1759), (0.0528,0.43659,0.89811), 0.27919, 0.064928, 0.10154, (gDx*36,gDy*1,gDz*0)),rgb(0,0.92969,1));
		draw(
			ellipsoid( (0.52628,0.73854,-0.42141), (0.81187,-0.58377,-0.0091669), (0.25277,0.3373,0.90683), 0.26945, 0.074654, 0.11279, (gDx*37,gDy*1,gDz*0)),rgb(0,1,0.88281));
		draw(
			ellipsoid( (0.66455,-0.71756,-0.2085), (-0.58634,-0.67372,0.44978), (0.46322,0.17665,0.86846), 0.044715, 0.24178, 0.15246, (gDx*38,gDy*1,gDz*0)),rgb(0,0.69531,1));
		draw(
			ellipsoid( (-0.49856,0.80605,0.31893), (0.86682,0.4666,0.17578), (0.0071236,-0.36409,0.93134), 0.059118, 0.1683, 0.20984, (gDx*39,gDy*1,gDz*0)),rgb(0,1,0.92969));
		draw(
			ellipsoid( (-0.30617,0.32674,-0.89415), (-0.83292,-0.54676,0.085404), (0.46098,-0.7709,-0.43955), 0.24473, 0.11775, 0.064743, (gDx*40,gDy*1,gDz*0)),rgb(0,1,0.90625));
		draw(
			ellipsoid( (-0.22076,0.50599,-0.83381), (0.88933,0.45544,0.040919), (-0.40046,0.73249,0.55053), 0.23886, 0.12779, 0.087462, (gDx*41,gDy*1,gDz*0)),rgb(0,1,0.50781));
		draw(
			ellipsoid( (0.15745,-0.53146,0.83232), (-0.97471,0.051696,0.21739), (0.15856,0.8455,0.50988), 0.20632, 0.14346, 0.10954, (gDx*42,gDy*1,gDz*0)),rgb(0.14844,1,0));
		draw(
			ellipsoid( (-0.50548,0.70005,-0.5044), (0.63319,0.69808,0.3343), (-0.58614,0.1504,0.79613), 0.20984, 0.090868, 0.14696, (gDx*43,gDy*1,gDz*0)),rgb(0,1,0.22656));
		draw(
			ellipsoid( (-0.62489,0.75721,-0.19011), (0.71532,0.65288,0.24913), (-0.31276,-0.019693,0.94963), 0.21903, 0.07549, 0.12851, (gDx*44,gDy*1,gDz*0)),rgb(0,1,0.57812));
		draw(
			ellipsoid( (0.58418,-0.81061,0.040492), (-0.80161,-0.56845,0.18515), (0.12707,0.14062,0.98188), 0.18223, 0.14268, 0.15084, (gDx*45,gDy*1,gDz*0)),rgb(1,0.91406,0));
		draw(
			ellipsoid( (-0.21703,0.89611,0.38715), (0.73802,0.41022,-0.53577), (0.63893,-0.16944,0.75037), 0.26941, 0.24459, 0.24882, (gDx*46,gDy*1,gDz*0)),rgb(1,0.39844,0));
		draw(
			ellipsoid( (-0.62967,0.2751,0.72652), (-0.72849,-0.53394,-0.4292), (-0.26984,0.79952,-0.53662), 0.2488, 0.24502, 0.23979, (gDx*47,gDy*1,gDz*0)),rgb(1,0.16406,0));
		draw(
			ellipsoid( (0.17854,0.79202,0.5838), (0.91618,-0.35019,0.1949), (-0.35881,-0.50007,0.78815), 0.14788, 0.17065, 0.1765, (gDx*48,gDy*1,gDz*0)),rgb(1,0.70312,0));
		draw(
			ellipsoid( (0.50296,0.68872,0.5222), (0.7672,-0.634,0.097236), (-0.39804,-0.35172,0.84726), 0.10938, 0.13877, 0.15217, (gDx*49,gDy*1,gDz*0)),rgb(0.82812,1,0));
		draw(
			ellipsoid( (-0.30828,-0.64737,-0.69705), (-0.94363,0.30094,0.13785), (-0.12053,-0.70025,0.70365), 0.13552, 0.15496, 0.1661, (gDx*50,gDy*1,gDz*0)),rgb(1,0.77344,0));
		draw(
			ellipsoid( (0.97846,0.17469,0.11004), (0.20071,-0.67987,-0.70533), (0.048402,-0.71222,0.70028), 0.14318, 0.11698, 0.20146, (gDx*51,gDy*1,gDz*0)),rgb(0.33594,1,0));
		draw(
			ellipsoid( (-0.11527,0.56002,-0.82042), (-0.69407,0.54545,0.46985), (-0.71062,-0.62359,-0.32581), 0.24794, 0.1124, 0.13432, (gDx*52,gDy*1,gDz*0)),rgb(0,1,0.20312));
		draw(
			ellipsoid( (-0.24386,0.38046,-0.89206), (0.78238,0.62073,0.050858), (-0.57308,0.68553,0.44904), 0.19993, 0.12536, 0.11856, (gDx*53,gDy*1,gDz*0)),rgb(0.26562,1,0));
		draw(
			ellipsoid( (-0.38773,0.27273,-0.8805), (-0.86,-0.45084,0.23906), (0.33176,-0.84992,-0.40935), 0.17828, 0.15647, 0.14453, (gDx*54,gDy*1,gDz*0)),rgb(1,0.77344,0));
		draw(
			ellipsoid( (-0.42623,0.27643,-0.86135), (0.84014,0.47399,-0.26362), (-0.3354,0.83601,0.43427), 0.16927, 0.13836, 0.12583, (gDx*55,gDy*1,gDz*0)),rgb(0.94531,1,0));
		draw(
			ellipsoid( (-0.4333,0.20848,-0.87681), (0.80334,0.53033,-0.27089), (-0.40852,0.82175,0.39728), 0.14567, 0.12112, 0.11461, (gDx*56,gDy*1,gDz*0)),rgb(1,0.89062,0));
		draw(
			ellipsoid( (0.74654,0.27825,-0.60437), (0.51109,0.34175,0.78866), (-0.42599,0.89765,-0.11292), 0.23143, 0.24272, 0.2491, (gDx*57,gDy*1,gDz*0)),rgb(1,0.30469,0));
		draw(
			ellipsoid( (-0.30928,-0.41746,0.85444), (-0.94454,0.23913,-0.22506), (0.11037,0.87667,0.46827), 0.33594, 0.35035, 0.36715, (gDx*58,gDy*1,gDz*0)),rgb(1,0.35156,0));
		draw(
			ellipsoid( (-0.25681,0.57303,0.77826), (0.95236,0.2871,0.10287), (0.16449,-0.7676,0.61946), 0.13581, 0.16892, 0.1571, (gDx*0,gDy*2,gDz*0)),rgb(1,0.82031,0));
		draw(
			ellipsoid( (-0.78525,-0.3465,0.51314), (-0.5519,0.7674,-0.32636), (0.2807,0.53948,0.79383), 0.17277, 0.13379, 0.11942, (gDx*1,gDy*2,gDz*0)),rgb(0.73438,1,0));
		draw(
			ellipsoid( (-0.72852,-0.429,0.53405), (-0.54519,0.83514,-0.072847), (0.41476,0.34423,0.84231), 0.21058, 0.11623, 0.10192, (gDx*2,gDy*2,gDz*0)),rgb(0,1,0.10938));
		draw(
			ellipsoid( (-0.7344,-0.49599,0.4633), (-0.54344,0.020787,-0.83919), (-0.4066,0.86808,0.28481), 0.21549, 0.12023, 0.1243, (gDx*3,gDy*2,gDz*0)),rgb(0.10156,1,0));
		draw(
			ellipsoid( (0.74553,0.50051,-0.44009), (0.63482,-0.33223,0.69758), (-0.20294,0.79945,0.56542), 0.18873, 0.14626, 0.13728, (gDx*4,gDy*2,gDz*0)),rgb(0.85156,1,0));
		draw(
			ellipsoid( (0.77072,0.34531,-0.53549), (0.63637,-0.45947,0.61962), (0.032078,0.81832,0.57387), 0.17263, 0.15527, 0.13924, (gDx*5,gDy*2,gDz*0)),rgb(1,0.79688,0));
		draw(
			ellipsoid( (0.50422,0.42399,0.75232), (0.80426,0.086731,-0.58791), (0.31452,-0.9015,0.29727), 0.13484, 0.17584, 0.15784, (gDx*6,gDy*2,gDz*0)),rgb(1,0.9375,0));
		draw(
			ellipsoid( (-0.68778,-0.44462,0.57381), (-0.57309,0.81776,-0.053263), (0.44556,0.36548,0.81725), 0.224, 0.13646, 0.086859, (gDx*7,gDy*2,gDz*0)),rgb(0,1,0.39062));
		draw(
			ellipsoid( (-0.66146,-0.50966,0.5502), (-0.66672,0.73555,-0.12019), (0.34344,0.44633,0.82634), 0.28311, 0.12534, 0.084161, (gDx*8,gDy*2,gDz*0)),rgb(0,1,0.78906));
		draw(
			ellipsoid( (0.58597,0.52727,-0.61532), (0.80179,-0.26727,0.53451), (-0.11738,0.80657,0.57937), 0.26999, 0.11562, 0.090716, (gDx*9,gDy*2,gDz*0)),rgb(0,1,0.67188));
		draw(
			ellipsoid( (0.5518,0.45508,-0.69887), (0.83046,-0.3767,0.41041), (0.076494,0.80685,0.58579), 0.27322, 0.11365, 0.10004, (gDx*10,gDy*2,gDz*0)),rgb(0,1,0.60156));
		draw(
			ellipsoid( (0.62091,0.41819,-0.66302), (0.70693,0.066751,0.70413), (-0.33872,0.9059,0.25419), 0.26483, 0.1147, 0.098566, (gDx*11,gDy*2,gDz*0)),rgb(0,1,0.57812));
		draw(
			ellipsoid( (-0.67906,-0.42573,0.59802), (-0.57295,-0.2019,-0.79433), (-0.45891,0.88204,0.10682), 0.23208, 0.13763, 0.11159, (gDx*12,gDy*2,gDz*0)),rgb(0,1,0.085938));
		draw(
			ellipsoid( (0.37902,-0.90923,-0.17216), (-0.69456,-0.40244,0.59635), (0.6115,0.10645,0.78405), 0.13024, 0.18146, 0.15909, (gDx*13,gDy*2,gDz*0)),rgb(0.85156,1,0));
		draw(
			ellipsoid( (0.47807,-0.32905,0.81436), (-0.86966,-0.30722,0.3864), (-0.12304,0.89294,0.43304), 0.18144, 0.13725, 0.14413, (gDx*14,gDy*2,gDz*0)),rgb(0.96875,1,0));
		draw(
			ellipsoid( (-0.48211,0.53584,-0.69314), (0.85111,0.47411,-0.22547), (-0.20781,0.69864,0.68463), 0.20994, 0.11213, 0.15293, (gDx*15,gDy*2,gDz*0)),rgb(0.17188,1,0));
		draw(
			ellipsoid( (-0.87147,-0.48055,0.098029), (-0.46891,0.75782,-0.45368), (-0.14373,0.44134,0.88576), 0.089403, 0.22027, 0.1568, (gDx*16,gDy*2,gDz*0)),rgb(0,1,0.34375));
		draw(
			ellipsoid( (0.53272,-0.83165,0.15675), (-0.83253,-0.54826,-0.079408), (-0.15198,0.088195,0.98444), 0.23072, 0.09114, 0.14049, (gDx*17,gDy*2,gDz*0)),rgb(0,1,0.36719));
		draw(
			ellipsoid( (-0.68989,0.70517,-0.16365), (0.67229,0.70794,0.21643), (-0.26848,-0.03929,0.96249), 0.19552, 0.11437, 0.13188, (gDx*18,gDy*2,gDz*0)),rgb(0.3125,1,0));
		draw(
			ellipsoid( (0.95789,-0.2232,0.18065), (-0.28631,-0.79041,0.54155), (-0.021912,0.57047,0.82103), 0.16324, 0.13492, 0.14535, (gDx*19,gDy*2,gDz*0)),rgb(1,0.70312,0));
		draw(
			ellipsoid( (0.20276,0.72314,-0.66027), (0.81495,0.24922,0.5232), (-0.5429,0.64418,0.53879), 0.1276, 0.16107, 0.14987, (gDx*20,gDy*2,gDz*0)),rgb(1,0.86719,0));
		draw(
			ellipsoid( (0.18375,0.54741,-0.81644), (0.94679,0.12472,0.2967), (-0.26424,0.82752,0.49536), 0.13308, 0.16356, 0.15654, (gDx*21,gDy*2,gDz*0)),rgb(1,0.79688,0));
		draw(
			ellipsoid( (0.81025,0.53178,0.24639), (0.58348,-0.69231,-0.42457), (0.0552,-0.48777,0.87123), 0.16611, 0.15374, 0.13972, (gDx*22,gDy*2,gDz*0)),rgb(1,0.65625,0));
		draw(
			ellipsoid( (0.65677,0.75209,0.054944), (0.67731,-0.62036,0.39549), (-0.33152,0.22253,0.91683), 0.17621, 0.16024, 0.15737, (gDx*23,gDy*2,gDz*0)),rgb(1,0.46875,0));
		draw(
			ellipsoid( (-0.87976,-0.049162,0.47286), (-0.42954,0.50845,-0.74631), (0.20374,0.85969,0.46843), 0.16171, 0.14168, 0.14703, (gDx*24,gDy*2,gDz*0)),rgb(1,0.51562,0));
		draw(
			ellipsoid( (0.97676,-0.078811,-0.19932), (-0.20522,-0.61209,-0.76369), (0.061812,-0.78685,0.61404), 0.20812, 0.1844, 0.17771, (gDx*25,gDy*2,gDz*0)),rgb(1,0.63281,0));
		draw(
			ellipsoid( (-0.83829,-0.30836,0.44964), (-0.48998,0.7878,-0.37323), (0.23914,0.53319,0.8115), 0.38807, 0.3979, 0.40242, (gDx*26,gDy*2,gDz*0)),rgb(1,0.16406,0));
		draw(
			ellipsoid( (0.8793,-0.41317,-0.23692), (-0.35037,-0.2242,-0.90938), (-0.32261,-0.88263,0.3419), 0.49507, 0.60261, 0.55948, (gDx*27,gDy*2,gDz*0)),rgb(1,0.72656,0));
		draw(
			ellipsoid( (0.41338,0.64962,0.63805), (0.89306,-0.15255,-0.42328), (0.17764,-0.7448,0.64321), 0.35692, 0.33338, 0.32566, (gDx*28,gDy*2,gDz*0)),rgb(1,0.375,0));
		draw(
			ellipsoid( (0.13859,-0.89505,-0.42388), (-0.98107,-0.065631,-0.18219), (-0.13525,-0.4411,0.88721), 0.19434, 0.18359, 0.17481, (gDx*29,gDy*2,gDz*0)),rgb(1,0.42188,0));
		draw(
			ellipsoid( (-0.59562,-0.51265,0.6184), (-0.774,0.16038,-0.61253), (-0.21484,0.84348,0.49232), 0.21214, 0.22512, 0.25036, (gDx*30,gDy*2,gDz*0)),rgb(1,0.63281,0));
		draw(
			ellipsoid( (0.27899,0.87695,0.39131), (0.90648,-0.37499,0.19409), (-0.31694,-0.30057,0.89956), 0.25993, 0.23949, 0.23457, (gDx*31,gDy*2,gDz*0)),rgb(1,0.42188,0));
		draw(
			ellipsoid( (0.29439,0.8994,0.32315), (0.91894,-0.35926,0.16274), (-0.26246,-0.24904,0.93225), 0.26407, 0.2434, 0.23129, (gDx*32,gDy*2,gDz*0)),rgb(1,0.51562,0));
		draw(
			ellipsoid( (0.20817,0.93742,0.27911), (0.95044,-0.26125,0.16858), (-0.23095,-0.23019,0.94534), 0.28641, 0.27126, 0.25853, (gDx*33,gDy*2,gDz*0)),rgb(1,0.39844,0));
		draw(
			ellipsoid( (-0.35528,-0.22625,0.90697), (-0.90913,0.3093,-0.27897), (0.21741,0.92366,0.31557), 0.17766, 0.20285, 0.19518, (gDx*34,gDy*2,gDz*0)),rgb(1,0.51562,0));
		draw(
			ellipsoid( (-0.64116,-0.14542,-0.7535), (0.76009,-0.25556,-0.59745), (0.10568,0.95579,-0.27439), 0.12579, 0.15199, 0.18495, (gDx*35,gDy*2,gDz*0)),rgb(0.71094,1,0));
		draw(
			ellipsoid( (-0.34933,-0.79367,0.49805), (-0.81882,0.00017039,-0.57405), (-0.45552,0.60835,0.64994), 0.26276, 0.075514, 0.10982, (gDx*36,gDy*2,gDz*0)),rgb(0,1,0.83594));
		draw(
			ellipsoid( (0.4719,0.73932,-0.48033), (0.87344,-0.46622,0.1405), (0.12007,0.48584,0.86576), 0.27334, 0.094365, 0.10886, (gDx*37,gDy*2,gDz*0)),rgb(0,1,0.69531));
		draw(
			ellipsoid( (-0.45264,-0.71558,0.53203), (-0.78382,0.60377,0.14521), (0.42513,0.35129,0.83418), 0.26835, 0.06878, 0.1267, (gDx*38,gDy*2,gDz*0)),rgb(0,1,0.92969));
		draw(
			ellipsoid( (0.75668,-0.61104,-0.2325), (-0.58569,-0.47554,-0.65637), (-0.29051,-0.63284,0.71772), 0.069967, 0.14826, 0.23319, (gDx*39,gDy*2,gDz*0)),rgb(0,1,0.76562));
		draw(
			ellipsoid( (-0.61646,0.70473,0.35118), (0.78498,0.51518,0.34409), (-0.061571,-0.48779,0.87079), 0.073199, 0.12981, 0.25966, (gDx*40,gDy*2,gDz*0)),rgb(0,1,0.83594));
		draw(
			ellipsoid( (-0.47776,0.74897,0.45911), (0.87847,0.40349,0.25591), (-0.0064187,-0.52558,0.85072), 0.083088, 0.12152, 0.2843, (gDx*41,gDy*2,gDz*0)),rgb(0,1,0.8125));
		draw(
			ellipsoid( (0.12901,-0.54109,0.83101), (-0.9881,-0.14094,0.061623), (-0.08378,0.82907,0.55283), 0.28705, 0.10005, 0.080199, (gDx*42,gDy*2,gDz*0)),rgb(0,1,0.92969));
		draw(
			ellipsoid( (-0.25679,0.64489,-0.71985), (0.72899,0.61825,0.29382), (-0.63453,0.44931,0.62888), 0.25947, 0.087307, 0.13817, (gDx*43,gDy*2,gDz*0)),rgb(0,1,0.60156));
		draw(
			ellipsoid( (-0.528,0.7305,-0.43311), (0.78251,0.61665,0.086106), (-0.32998,0.29345,0.89722), 0.15326, 0.095357, 0.12104, (gDx*44,gDy*2,gDz*0)),rgb(0.5,1,0));
		draw(
			ellipsoid( (-0.75379,-0.11628,0.64675), (-0.65063,-0.0059179,-0.75937), (-0.092124,0.9932,0.071191), 0.2164, 0.22493, 0.23456, (gDx*45,gDy*2,gDz*0)),rgb(1,0.32812,0));
		draw(
			ellipsoid( (-0.97554,-0.15731,-0.15356), (-0.17279,0.98053,0.093238), (-0.1359,-0.11749,0.98373), 0.27592, 0.29982, 0.28552, (gDx*46,gDy*2,gDz*0)),rgb(1,0.32812,0));
		draw(
			ellipsoid( (0.88624,-0.20163,0.41704), (-0.34806,-0.88392,0.3123), (-0.30566,0.42193,0.85355), 0.18954, 0.1972, 0.20155, (gDx*47,gDy*2,gDz*0)),rgb(1,0.25781,0));
		draw(
			ellipsoid( (-0.19101,-0.96504,0.17949), (-0.98058,0.17929,-0.079521), (-0.044561,0.19119,0.98054), 0.13234, 0.15615, 0.14737, (gDx*48,gDy*2,gDz*0)),rgb(1,0.63281,0));
		draw(
			ellipsoid( (0.44264,0.83466,-0.32773), (0.71528,-0.10824,0.6904), (-0.54078,0.54002,0.64493), 0.15575, 0.16563, 0.17094, (gDx*49,gDy*2,gDz*0)),rgb(1,0.375,0));
		draw(
			ellipsoid( (-0.56075,-0.72346,0.40269), (-0.82764,0.50386,-0.24727), (0.024004,0.47194,0.88131), 0.1566, 0.16523, 0.16197, (gDx*50,gDy*2,gDz*0)),rgb(1,0.21094,0));
		draw(
			ellipsoid( (0.3662,-0.45721,0.81046), (-0.8516,-0.51571,0.093857), (-0.37505,0.72457,0.57822), 0.1894, 0.13303, 0.13018, (gDx*51,gDy*2,gDz*0)),rgb(0.64062,1,0));
		draw(
			ellipsoid( (0.23168,-0.43984,0.86768), (-0.96721,-0.19958,0.15709), (-0.10408,0.87562,0.47165), 0.25393, 0.098888, 0.11411, (gDx*52,gDy*2,gDz*0)),rgb(0,1,0.50781));
		draw(
			ellipsoid( (-0.22979,0.35597,-0.90581), (0.80873,-0.44794,-0.38119), (0.54144,0.82015,0.18495), 0.21559, 0.11856, 0.12276, (gDx*53,gDy*2,gDz*0)),rgb(0.078125,1,0));
		draw(
			ellipsoid( (0.29933,-0.24769,0.92144), (-0.91387,-0.35206,0.20224), (-0.27431,0.90261,0.33174), 0.19069, 0.15302, 0.14513, (gDx*54,gDy*2,gDz*0)),rgb(0.99219,1,0));
		draw(
			ellipsoid( (0.35882,-0.16331,0.91901), (-0.87784,-0.39368,0.27279), (-0.31725,0.90462,0.28462), 0.1861, 0.15171, 0.14563, (gDx*55,gDy*2,gDz*0)),rgb(1,0.9375,0));
		draw(
			ellipsoid( (-0.27266,0.157,-0.94921), (0.85465,0.49261,-0.16402), (-0.44184,0.85597,0.2685), 0.18687, 0.15248, 0.1507, (gDx*56,gDy*2,gDz*0)),rgb(1,0.86719,0));
		draw(
			ellipsoid( (0.79607,0.52586,-0.29956), (0.5383,-0.38904,0.74759), (-0.27659,0.75639,0.59277), 0.25903, 0.27706, 0.26931, (gDx*57,gDy*2,gDz*0)),rgb(1,0.28125,0));
		draw(
			ellipsoid( (-0.35903,-0.65935,0.66058), (-0.90711,0.41307,-0.080719), (0.21964,0.6282,0.74641), 0.38077, 0.3916, 0.40307, (gDx*58,gDy*2,gDz*0)),rgb(1,0.23438,0));
		draw(
			ellipsoid( (0.44636,-0.66914,0.59415), (-0.84261,-0.09075,0.53082), (0.30127,0.73758,0.60433), 0.42021, 0.50827, 0.55984, (gDx*59,gDy*2,gDz*0)),rgb(0.96875,1,0));
		draw(
			ellipsoid( (0.63262,0.57003,-0.52427), (0.76771,-0.55074,0.32757), (0.10202,0.60972,0.78603), 0.20007, 0.15736, 0.12964, (gDx*0,gDy*3,gDz*0)),rgb(0.59375,1,0));
		draw(
			ellipsoid( (-0.70775,-0.39194,0.58777), (-0.59073,0.78464,-0.1881), (0.38746,0.48034,0.78685), 0.20716, 0.13159, 0.10428, (gDx*1,gDy*3,gDz*0)),rgb(0.03125,1,0));
		draw(
			ellipsoid( (-0.7608,-0.25594,0.59639), (-0.49782,0.81972,-0.28327), (0.41637,0.5124,0.75105), 0.19948, 0.12458, 0.11439, (gDx*2,gDy*3,gDz*0)),rgb(0.21875,1,0));
		draw(
			ellipsoid( (-0.80846,-0.29472,0.50945), (-0.45294,0.86428,-0.21879), (0.37583,0.40763,0.83222), 0.19032, 0.12719, 0.13792, (gDx*3,gDy*3,gDz*0)),rgb(0.61719,1,0));
		draw(
			ellipsoid( (-0.76939,-0.30618,0.56062), (-0.48597,-0.28904,-0.8248), (-0.41458,0.90703,-0.07359), 0.19422, 0.12984, 0.11199, (gDx*4,gDy*3,gDz*0)),rgb(0.28906,1,0));
		draw(
			ellipsoid( (0.73791,0.27029,-0.61842), (0.67409,-0.25017,0.695), (-0.033139,0.92971,0.3668), 0.20353, 0.12037, 0.10864, (gDx*5,gDy*3,gDz*0)),rgb(0.078125,1,0));
		draw(
			ellipsoid( (-0.74213,-0.22218,0.63236), (-0.51715,0.78999,-0.32936), (0.42638,0.57145,0.70117), 0.21273, 0.13062, 0.10728, (gDx*6,gDy*3,gDz*0)),rgb(0.0078125,1,0));
		draw(
			ellipsoid( (-0.77278,-0.16025,0.61411), (0.45879,-0.80963,0.36607), (-0.43854,-0.56464,-0.69919), 0.20731, 0.14141, 0.1027, (gDx*7,gDy*3,gDz*0)),rgb(0.0078125,1,0));
		draw(
			ellipsoid( (-0.80492,-0.13865,0.57696), (-0.39582,0.84985,-0.34798), (0.44207,0.50847,0.73894), 0.18892, 0.14379, 0.12143, (gDx*8,gDy*3,gDz*0)),rgb(0.57031,1,0));
		draw(
			ellipsoid( (0.50247,0.45851,-0.733), (0.83467,-0.036131,0.54956), (-0.2255,0.88795,0.40086), 0.18864, 0.13358, 0.12089, (gDx*9,gDy*3,gDz*0)),rgb(0.52344,1,0));
		draw(
			ellipsoid( (0.43997,0.46987,-0.76528), (0.85435,0.043479,0.51788), (-0.27661,0.88166,0.3823), 0.20975, 0.13269, 0.1127, (gDx*10,gDy*3,gDz*0)),rgb(0.125,1,0));
		draw(
			ellipsoid( (-0.53245,-0.48254,0.69545), (-0.72712,-0.15989,-0.66763), (-0.43335,0.86115,0.26574), 0.22653, 0.1377, 0.10645, (gDx*11,gDy*3,gDz*0)),rgb(0,1,0.10938));
		draw(
			ellipsoid( (0.40064,-0.80749,-0.43295), (0.81064,0.092177,0.57824), (-0.42701,-0.58263,0.69152), 0.087413, 0.12617, 0.25094, (gDx*12,gDy*3,gDz*0)),rgb(0,1,0.57812));
		draw(
			ellipsoid( (-0.53414,0.70815,0.46175), (0.83685,0.36543,0.40761), (-0.11991,-0.60414,0.78781), 0.10063, 0.14067, 0.22501, (gDx*13,gDy*3,gDz*0)),rgb(0,1,0.17969));
		draw(
			ellipsoid( (-0.24345,0.41583,-0.87625), (0.89954,-0.24104,-0.36431), (0.3627,0.87692,0.31538), 0.22447, 0.11485, 0.1459, (gDx*14,gDy*3,gDz*0)),rgb(0.054688,1,0));
		draw(
			ellipsoid( (0.30825,-0.497,0.81116), (-0.95125,-0.17038,0.25709), (-0.01043,0.85086,0.52529), 0.25145, 0.10068, 0.15023, (gDx*15,gDy*3,gDz*0)),rgb(0,1,0.34375));
		draw(
			ellipsoid( (-0.96997,-0.1903,0.15147), (-0.24278,0.72004,-0.65008), (-0.014652,0.66733,0.74462), 0.091285, 0.23811, 0.1875, (gDx*16,gDy*3,gDz*0)),rgb(0,1,0.48438));
		draw(
			ellipsoid( (-0.94236,-0.32648,0.073207), (-0.32073,0.94376,0.080257), (0.095293,-0.052151,0.99408), 0.12229, 0.21363, 0.16295, (gDx*17,gDy*3,gDz*0)),rgb(0.3125,1,0));
		draw(
			ellipsoid( (0.82229,-0.54677,0.15772), (-0.56131,-0.73373,0.38284), (0.093603,0.40334,0.91025), 0.17753, 0.16144, 0.16364, (gDx*18,gDy*3,gDz*0)),rgb(1,0.39844,0));
		draw(
			ellipsoid( (0.27607,-0.86408,0.4209), (-0.71052,-0.47838,-0.51606), (-0.64727,0.15659,0.74601), 0.16072, 0.18604, 0.17723, (gDx*19,gDy*3,gDz*0)),rgb(1,0.5625,0));
		draw(
			ellipsoid( (0.21367,0.63346,0.74369), (0.97627,-0.11105,-0.1859), (0.035169,-0.76576,0.64216), 0.2044, 0.19299, 0.16852, (gDx*20,gDy*3,gDz*0)),rgb(1,0.72656,0));
		draw(
			ellipsoid( (-0.36678,0.63525,-0.67966), (0.91144,0.39176,-0.1257), (-0.18642,0.66557,0.72268), 0.17639, 0.19216, 0.19801, (gDx*21,gDy*3,gDz*0)),rgb(1,0.46875,0));
		draw(
			ellipsoid( (-0.42502,0.44819,-0.78644), (0.86577,0.45487,-0.20867), (-0.2642,0.76956,0.58136), 0.15901, 0.17814, 0.17288, (gDx*22,gDy*3,gDz*0)),rgb(1,0.46875,0));
		draw(
			ellipsoid( (-0.58963,0.010897,-0.8076), (0.80469,-0.077882,-0.58856), (0.069311,0.9969,-0.037153), 0.15856, 0.168, 0.17822, (gDx*23,gDy*3,gDz*0)),rgb(1,0.44531,0));
		draw(
			ellipsoid( (0.98666,0.0052948,-0.16274), (-0.15634,-0.24849,-0.95593), (0.0455,-0.96862,0.24435), 0.1575, 0.14722, 0.17514, (gDx*24,gDy*3,gDz*0)),rgb(1,0.65625,0));
		draw(
			ellipsoid( (0.69427,-0.70995,-0.11815), (-0.71936,-0.6794,-0.1447), (-0.022459,-0.18545,0.9824), 0.17152, 0.14634, 0.13549, (gDx*25,gDy*3,gDz*0)),rgb(1,0.86719,0));
		draw(
			ellipsoid( (0.72097,-0.6756,-0.15417), (-0.68249,-0.65372,-0.32689), (-0.12007,-0.3409,0.9324), 0.22861, 0.20626, 0.18571, (gDx*26,gDy*3,gDz*0)),rgb(1,0.77344,0));
		draw(
			ellipsoid( (0.71595,-0.054399,-0.69603), (-0.56965,0.53086,-0.62744), (-0.40363,-0.84571,-0.34908), 0.27789, 0.29842, 0.31792, (gDx*27,gDy*3,gDz*0)),rgb(1,0.51562,0));
		draw(
			ellipsoid( (0.61136,0.76289,0.21034), (0.74982,-0.64341,0.15422), (-0.25299,-0.063433,0.96539), 0.24177, 0.20933, 0.19449, (gDx*28,gDy*3,gDz*0)),rgb(1,0.82031,0));
		draw(
			ellipsoid( (-0.66161,-0.72033,-0.20833), (-0.6763,0.45323,0.58069), (0.32386,-0.52508,0.78702), 0.16836, 0.1338, 0.12543, (gDx*29,gDy*3,gDz*0)),rgb(0.92188,1,0));
		draw(
			ellipsoid( (0.62226,-0.34343,0.70345), (-0.61287,0.34534,0.71073), (0.48702,0.87338,-0.0044142), 0.16785, 0.19629, 0.187, (gDx*30,gDy*3,gDz*0)),rgb(1,0.60938,0));
		draw(
			ellipsoid( (-0.74393,0.02575,0.66777), (-0.5891,0.44648,-0.67351), (0.31549,0.89442,0.31698), 0.17846, 0.15054, 0.16335, (gDx*31,gDy*3,gDz*0)),rgb(1,0.63281,0));
		draw(
			ellipsoid( (0.56788,-0.063541,0.82066), (0.67513,-0.53439,-0.50855), (-0.47086,-0.84285,0.26057), 0.11442, 0.15138, 0.13657, (gDx*32,gDy*3,gDz*0)),rgb(0.99219,1,0));
		draw(
			ellipsoid( (0.94043,-0.19611,-0.27773), (-0.27796,0.026941,-0.96022), (-0.19579,-0.98021,0.029175), 0.15865, 0.10795, 0.13492, (gDx*33,gDy*3,gDz*0)),rgb(0.71094,1,0));
		draw(
			ellipsoid( (0.96909,-0.13361,-0.20738), (-0.24551,-0.60469,-0.75768), (0.024169,-0.78518,0.6188), 0.1754, 0.131, 0.13982, (gDx*34,gDy*3,gDz*0)),rgb(0.94531,1,0));
		draw(
			ellipsoid( (-0.66668,-0.47371,-0.57544), (-0.73246,0.27345,0.62348), (0.13799,-0.83715,0.52928), 0.080815, 0.1955, 0.16163, (gDx*35,gDy*3,gDz*0)),rgb(0,1,0.36719));
		draw(
			ellipsoid( (-0.34657,-0.62558,0.69896), (-0.69456,-0.32968,-0.63945), (-0.63046,0.70708,0.32025), 0.24309, 0.064863, 0.13618, (gDx*36,gDy*3,gDz*0)),rgb(0,1,0.88281));
		draw(
			ellipsoid( (-0.50983,-0.70119,0.49841), (-0.74769,0.074622,-0.65984), (-0.42548,0.70906,0.56232), 0.27029, 0.096619, 0.10674, (gDx*37,gDy*3,gDz*0)),rgb(0,1,0.67188));
		draw(
			ellipsoid( (0.77432,-0.61552,-0.14688), (0.40653,0.30599,0.86087), (-0.48494,-0.7263,0.48716), 0.077101, 0.11851, 0.26486, (gDx*38,gDy*3,gDz*0)),rgb(0,1,0.8125));
		draw(
			ellipsoid( (0.74366,-0.60131,-0.29223), (-0.60045,-0.40852,-0.68744), (-0.29398,-0.68669,0.66486), 0.063104, 0.1526, 0.2269, (gDx*39,gDy*3,gDz*0)),rgb(0,1,0.88281));
		draw(
			ellipsoid( (-0.70278,0.62141,0.34635), (0.711,0.63012,0.31215), (0.024273,-0.46562,0.88465), 0.078689, 0.14004, 0.26862, (gDx*40,gDy*3,gDz*0)),rgb(0,1,0.78906));
		draw(
			ellipsoid( (-0.80798,0.51388,0.28825), (0.58921,0.70358,0.39725), (-0.0013297,-0.49081,0.87127), 0.080461, 0.11874, 0.2868, (gDx*41,gDy*3,gDz*0)),rgb(0,1,0.85938));
		draw(
			ellipsoid( (-0.90453,0.35314,0.23899), (0.42641,0.74666,0.51057), (-0.0018595,-0.56373,0.82596), 0.082546, 0.11515, 0.28595, (gDx*42,gDy*3,gDz*0)),rgb(0,1,0.83594));
		draw(
			ellipsoid( (-0.999,-0.035588,-0.027167), (-0.044629,0.74309,0.66771), (0.0035751,-0.66825,0.74393), 0.084717, 0.11519, 0.22143, (gDx*43,gDy*3,gDz*0)),rgb(0,1,0.4375));
		draw(
			ellipsoid( (0.046134,0.83438,-0.54925), (0.98788,0.043479,0.14902), (-0.14822,0.54947,0.82226), 0.18586, 0.16365, 0.16203, (gDx*44,gDy*3,gDz*0)),rgb(1,0.58594,0));
		draw(
			ellipsoid( (0.4188,0.083972,-0.90419), (-0.82211,0.45795,-0.33825), (-0.38567,-0.885,-0.26083), 0.25367, 0.27058, 0.28139, (gDx*45,gDy*3,gDz*0)),rgb(1,0.42188,0));
		draw(
			ellipsoid( (-0.068891,-0.98033,-0.18495), (-0.78451,-0.061291,0.61708), (0.61627,-0.18761,0.76486), 0.25845, 0.23243, 0.2335, (gDx*46,gDy*3,gDz*0)),rgb(1,0.46875,0));
		draw(
			ellipsoid( (-0.90189,0.23836,-0.36026), (0.41713,0.26385,-0.8697), (0.11225,0.93465,0.33739), 0.16106, 0.16837, 0.1763, (gDx*47,gDy*3,gDz*0)),rgb(1,0.35156,0));
		draw(
			ellipsoid( (0.61593,-0.35553,-0.70302), (-0.78651,-0.22643,-0.57457), (-0.045093,-0.90682,0.41909), 0.16703, 0.16348, 0.15877, (gDx*48,gDy*3,gDz*0)),rgb(1,0.21094,0));
