	import three;
	import settings;

	surface ellipsoid(triple v1,triple v2,triple v3,real l1,real l2, real l3, triple pos=O) {
		transform3 T = identity(4);
		T[0][0] = l1*v1.x;
		T[1][0] = l1*v1.y;
		T[2][0] = l1*v1.z;
		T[0][1] = l2*v2.x;
		T[1][1] = l2*v2.y;
		T[2][1] = l2*v2.z;
		T[0][2] = l3*v3.x;
		T[1][2] = l3*v3.y;
		T[2][2] = l3*v3.z;
		T[0][3] = pos.x;
		T[1][3] = pos.y;
		T[2][3] = pos.z;
		return T*unitsphere;
	}

	size(200);

	real gDx=0.25;
	real gDy=0.25;
	real gDz=0.25;

	currentprojection=perspective( camera=(gDx*29.5,gDy*19.5,60),up=Y, target=(gDx*29.5,gDy*19.5,gDz*-0.5));
		draw(
			ellipsoid( (-0.19297,-0.97546,0.10599), (0.92784,-0.21654,-0.30368), (0.31918,0.039738,0.94686), 0.38815, 0.40173, 0.42995, (gDx*0,gDy*0,gDz*0)),rgb(1,0.375,0));
		draw(
			ellipsoid( (0.47392,-0.6988,0.5358), (0.11545,0.65253,0.74892), (-0.87297,-0.29307,0.38992), 0.25469, 0.25784, 0.27544, (gDx*1,gDy*0,gDz*0)),rgb(1,0.375,0));
		draw(
			ellipsoid( (0.56457,-0.012332,0.82529), (0.44498,-0.83759,-0.31692), (0.69517,0.54616,-0.46739), 0.12612, 0.14646, 0.16557, (gDx*2,gDy*0,gDz*0)),rgb(1,0.9375,0));
		draw(
			ellipsoid( (0.45724,0.23649,0.85732), (0.5425,-0.83804,-0.058163), (-0.70472,-0.4917,0.51148), 0.14983, 0.15969, 0.1875, (gDx*3,gDy*0,gDz*0)),rgb(1,0.84375,0));
		draw(
			ellipsoid( (0.036526,-0.74943,-0.66108), (-0.73423,0.42863,-0.52648), (-0.67792,-0.50461,0.5346), 0.16676, 0.17596, 0.20243, (gDx*4,gDy*0,gDz*0)),rgb(1,0.75,0));
		draw(
			ellipsoid( (0.3351,-0.87405,-0.35177), (0.56104,-0.11484,0.81979), (-0.75693,-0.47207,0.45189), 0.16864, 0.17798, 0.19953, (gDx*5,gDy*0,gDz*0)),rgb(1,0.65625,0));
		draw(
			ellipsoid( (0.486,-0.87277,0.045484), (0.31765,0.22488,0.92116), (-0.81419,-0.43323,0.38653), 0.12126, 0.13837, 0.17224, (gDx*6,gDy*0,gDz*0)),rgb(0.78125,1,0));
		draw(
			ellipsoid( (0.55979,-0.82856,-0.011132), (0.37981,0.24462,0.89213), (-0.73646,-0.50363,0.45164), 0.12845, 0.13931, 0.18479, (gDx*7,gDy*0,gDz*0)),rgb(0.78125,1,0));
		draw(
			ellipsoid( (0.31078,-0.89824,-0.31077), (0.57551,-0.082372,0.81363), (-0.75644,-0.43171,0.49135), 0.13223, 0.1395, 0.18141, (gDx*8,gDy*0,gDz*0)),rgb(0.875,1,0));
		draw(
			ellipsoid( (0.59177,0.25427,0.76495), (0.43935,-0.89735,-0.041609), (-0.67585,-0.36071,0.64274), 0.1208, 0.13143, 0.18353, (gDx*9,gDy*0,gDz*0)),rgb(0.59375,1,0));
		draw(
			ellipsoid( (0.73299,0.20492,0.64864), (0.48314,-0.82807,-0.28436), (-0.47885,-0.52182,0.70598), 0.093041, 0.12691, 0.22524, (gDx*10,gDy*0,gDz*0)),rgb(0,1,0.25));
		draw(
			ellipsoid( (0.62922,0.23537,0.74073), (0.64827,-0.68468,-0.33311), (-0.42876,-0.68979,0.5834), 0.07953, 0.12383, 0.26758, (gDx*11,gDy*0,gDz*0)),rgb(0,1,0.71875));
		draw(
			ellipsoid( (0.34635,0.31329,0.88425), (0.86812,-0.46428,-0.17554), (0.35555,0.82843,-0.43277), 0.075907, 0.13339, 0.23068, (gDx*12,gDy*0,gDz*0)),rgb(0,1,0.625));
		draw(
			ellipsoid( (0.088651,0.26787,0.95937), (0.99024,0.080269,-0.11392), (-0.10752,0.96011,-0.25814), 0.087758, 0.13853, 0.20898, (gDx*13,gDy*0,gDz*0)),rgb(0,1,0.25));
		draw(
			ellipsoid( (-0.12491,0.15679,0.9797), (-0.9284,-0.36677,-0.059668), (0.34997,-0.917,0.19137), 0.083476, 0.12912, 0.19976, (gDx*14,gDy*0,gDz*0)),rgb(0,1,0.25));
		draw(
			ellipsoid( (-0.29558,0.051646,0.95392), (-0.8222,-0.5222,-0.22649), (0.48644,-0.85126,0.19681), 0.11333, 0.13745, 0.21913, (gDx*15,gDy*0,gDz*0)),rgb(0.125,1,0));
		draw(
			ellipsoid( (0.58726,0.34723,-0.73113), (0.47457,0.58403,0.65856), (0.65567,-0.73372,0.17819), 0.10417, 0.13781, 0.23399, (gDx*16,gDy*0,gDz*0)),rgb(0,1,0.15625));
		draw(
			ellipsoid( (0.66441,0.59058,-0.458), (0.17084,0.47658,0.86237), (0.72758,-0.65121,0.21575), 0.092029, 0.1165, 0.25454, (gDx*17,gDy*0,gDz*0)),rgb(0,1,0.53125));
		draw(
			ellipsoid( (0.66505,0.74222,-0.082577), (-0.15447,0.2449,0.95716), (0.73065,-0.62381,0.27753), 0.087853, 0.11447, 0.30136, (gDx*18,gDy*0,gDz*0)),rgb(0,1,0.8125));
		draw(
			ellipsoid( (0.41653,0.78049,0.46619), (-0.49083,-0.23857,0.83795), (0.76523,-0.57786,0.28372), 0.088327, 0.11509, 0.27756, (gDx*19,gDy*0,gDz*0)),rgb(0,1,0.71875));
		draw(
			ellipsoid( (-0.14563,-0.69053,-0.70849), (-0.57467,-0.52389,0.62873), (0.80533,-0.49871,0.32053), 0.085257, 0.10956, 0.24643, (gDx*20,gDy*0,gDz*0)),rgb(0,1,0.625));
		draw(
			ellipsoid( (-0.32515,0.403,0.8555), (0.49018,0.84546,-0.21196), (-0.80871,0.35042,-0.47244), 0.11317, 0.15297, 0.22525, (gDx*21,gDy*0,gDz*0)),rgb(0.03125,1,0));
		draw(
			ellipsoid( (0.35354,-0.59917,-0.71834), (-0.15137,-0.79446,0.58815), (0.92309,0.099196,0.37157), 0.13384, 0.14551, 0.19161, (gDx*22,gDy*0,gDz*0)),rgb(0.78125,1,0));
		draw(
			ellipsoid( (-0.15482,-0.92241,0.35383), (0.38681,-0.38615,-0.83741), (0.90907,0.0072152,0.41658), 0.14564, 0.1529, 0.17956, (gDx*23,gDy*0,gDz*0)),rgb(1,0.75,0));
		draw(
			ellipsoid( (0.42951,0.66739,-0.60837), (0.18565,-0.72454,-0.66376), (-0.88377,0.17215,-0.43509), 0.14362, 0.15596, 0.1686, (gDx*24,gDy*0,gDz*0)),rgb(1,0.5625,0));
		draw(
			ellipsoid( (-0.15222,-0.62563,0.76513), (-0.22472,0.77578,0.58963), (-0.96246,-0.082192,-0.25868), 0.19945, 0.21196, 0.22312, (gDx*25,gDy*0,gDz*0)),rgb(1,0.46875,0));
		draw(
			ellipsoid( (0.89196,-0.45209,0.0032866), (0.44808,0.88302,-0.13964), (0.060228,0.12603,0.9902), 0.33705, 0.37806, 0.38324, (gDx*26,gDy*0,gDz*0)),rgb(1,0.5625,0));
		draw(
			ellipsoid( (0.98999,-0.11606,-0.08032), (0.0434,0.7918,-0.60924), (0.13431,0.59966,0.78891), 0.45367, 0.5316, 0.57398, (gDx*27,gDy*0,gDz*0)),rgb(1,0.84375,0));
		draw(
			ellipsoid( (0.41211,-0.17871,0.89344), (-0.2914,-0.95493,-0.056592), (0.86328,-0.23702,-0.44561), 0.18453, 0.21023, 0.22824, (gDx*28,gDy*0,gDz*0)),rgb(1,0.75,0));
		draw(
			ellipsoid( (0.52638,0.24449,0.81434), (0.10102,-0.96896,0.22562), (-0.84423,0.036498,0.53474), 0.027909, 0.040288, 0.11295, (gDx*29,gDy*0,gDz*0)),rgb(0,1,1));
		draw(
			ellipsoid( (0.55207,0.83263,0.044087), (-0.24748,0.21412,-0.94494), (-0.79623,0.51076,0.32426), 0.12101, 0.14278, 0.19284, (gDx*30,gDy*0,gDz*0)),rgb(0.5,1,0));
		draw(
			ellipsoid( (-0.42789,-0.65425,0.62359), (0.48323,0.41745,0.76956), (-0.7638,0.63063,0.13754), 0.10287, 0.12065, 0.16561, (gDx*31,gDy*0,gDz*0)),rgb(0.5,1,0));
		draw(
			ellipsoid( (-0.29662,-0.53858,0.78864), (0.39834,0.68076,0.61473), (-0.86795,0.49649,0.012617), 0.11489, 0.14281, 0.1515, (gDx*32,gDy*0,gDz*0)),rgb(0.96875,1,0));
		draw(
			ellipsoid( (-0.37026,-0.34524,0.86239), (-0.6784,0.73469,0.0028545), (-0.63457,-0.58399,-0.50624), 0.11035, 0.13036, 0.15847, (gDx*33,gDy*0,gDz*0)),rgb(0.78125,1,0));
		draw(
			ellipsoid( (0.60012,-0.7826,0.16552), (0.33191,0.055353,-0.94169), (0.7278,0.62006,0.29297), 0.10617, 0.14176, 0.18959, (gDx*34,gDy*0,gDz*0)),rgb(0.3125,1,0));
		draw(
			ellipsoid( (0.70669,-0.6915,0.14974), (0.00021131,0.21184,0.9773), (-0.70752,-0.69062,0.14985), 0.072136, 0.13484, 0.21755, (gDx*35,gDy*0,gDz*0)),rgb(0,1,0.625));
		draw(
			ellipsoid( (0.82379,-0.55466,0.11712), (0.10503,0.35236,0.92995), (-0.55708,-0.75378,0.34853), 0.077011, 0.12619, 0.23598, (gDx*36,gDy*0,gDz*0)),rgb(0,1,0.625));
		draw(
			ellipsoid( (0.80534,-0.59236,-0.023196), (0.17939,0.20621,0.96192), (-0.56503,-0.77883,0.27233), 0.064471, 0.12679, 0.22886, (gDx*37,gDy*0,gDz*0)),rgb(0,1,0.8125));
		draw(
			ellipsoid( (-0.69314,0.71174,0.11391), (0.081589,-0.07954,0.99349), (-0.71617,-0.69792,0.0029383), 0.063038, 0.15883, 0.19703, (gDx*38,gDy*0,gDz*0)),rgb(0,1,0.71875));
		draw(
			ellipsoid( (0.44001,-0.85839,-0.26375), (-0.6441,-0.50634,0.57337), (0.62572,0.082409,0.77568), 0.077765, 0.13565, 0.16845, (gDx*39,gDy*0,gDz*0)),rgb(0,1,0.15625));
		draw(
			ellipsoid( (-0.48383,0.6535,0.58211), (0.73023,0.66806,-0.14304), (0.48236,-0.35586,0.80043), 0.09446, 0.1106, 0.2236, (gDx*40,gDy*0,gDz*0)),rgb(0,1,0.34375));
		draw(
			ellipsoid( (0.92436,0.030239,-0.38032), (0.1625,0.87071,0.46417), (0.34519,-0.49086,0.79994), 0.11608, 0.12171, 0.19268, (gDx*41,gDy*0,gDz*0)),rgb(0.3125,1,0));
		draw(
			ellipsoid( (-0.66121,-0.57268,-0.4846), (0.037711,-0.67052,0.74093), (-0.74925,0.47164,0.46495), 0.17058, 0.17594, 0.18296, (gDx*42,gDy*0,gDz*0)),rgb(1,0.28125,0));
		draw(
			ellipsoid( (0.7303,0.67272,-0.11879), (-0.2309,0.079419,-0.96973), (-0.64292,0.73562,0.21333), 0.16356, 0.16595, 0.17983, (gDx*43,gDy*0,gDz*0)),rgb(1,0.375,0));
		draw(
			ellipsoid( (0.72782,0.62657,0.27873), (-0.28689,-0.090973,0.95364), (-0.62287,0.77404,-0.11354), 0.10003, 0.13552, 0.20379, (gDx*44,gDy*0,gDz*0)),rgb(0.03125,1,0));
		draw(
			ellipsoid( (0.71105,0.63551,0.30089), (-0.2427,-0.17979,0.95329), (-0.65993,0.75087,-0.026397), 0.10031, 0.13868, 0.21164, (gDx*45,gDy*0,gDz*0)),rgb(0,1,0.0625));
		draw(
			ellipsoid( (0.2641,0.1421,0.95397), (-0.72633,-0.62146,0.29365), (0.63458,-0.77045,-0.060917), 0.15796, 0.16481, 0.20817, (gDx*46,gDy*0,gDz*0)),rgb(0.96875,1,0));
		draw(
			ellipsoid( (-0.0012971,-0.26326,0.96472), (0.70767,0.68138,0.18689), (-0.70654,0.68295,0.18542), 0.21348, 0.22266, 0.22891, (gDx*47,gDy*0,gDz*0)),rgb(1,0.28125,0));
		draw(
			ellipsoid( (-0.22486,-0.76198,-0.60731), (-0.71346,0.55325,-0.42999), (0.66364,0.3366,-0.66804), 0.19341, 0.2064, 0.20899, (gDx*48,gDy*0,gDz*0)),rgb(1,0.375,0));
		draw(
			ellipsoid( (0.23184,0.71734,0.65702), (0.95976,-0.27873,-0.034345), (-0.15849,-0.63854,0.75309), 0.12261, 0.1505, 0.17632, (gDx*49,gDy*0,gDz*0)),rgb(0.78125,1,0));
		draw(
			ellipsoid( (0.20526,0.66124,0.72155), (0.97509,-0.20151,-0.09271), (-0.084097,-0.7226,0.68613), 0.11751, 0.15277, 0.19434, (gDx*50,gDy*0,gDz*0)),rgb(0.40625,1,0));
		draw(
			ellipsoid( (0.19206,0.60993,0.76883), (0.96603,-0.25553,-0.038605), (-0.17291,-0.75013,0.63828), 0.11938, 0.15649, 0.23179, (gDx*51,gDy*0,gDz*0)),rgb(0.125,1,0));
		draw(
			ellipsoid( (0.42539,0.55069,0.71818), (0.8992,-0.34692,-0.2666), (-0.10233,-0.7592,0.64276), 0.13506, 0.14389, 0.21608, (gDx*52,gDy*0,gDz*0)),rgb(0.40625,1,0));
		draw(
			ellipsoid( (0.1753,0.71418,0.67766), (0.97871,-0.051778,-0.19861), (0.10676,-0.69805,0.70805), 0.14281, 0.14747, 0.17736, (gDx*53,gDy*0,gDz*0)),rgb(1,0.84375,0));
		draw(
			ellipsoid( (0.24021,-0.79766,-0.55321), (-0.73816,-0.5202,0.42954), (0.63041,-0.30517,0.71376), 0.13968, 0.15127, 0.17117, (gDx*54,gDy*0,gDz*0)),rgb(1,0.75,0));
		draw(
			ellipsoid( (-0.25717,0.75826,0.59909), (0.70839,0.56959,-0.41683), (0.6573,-0.3172,0.68363), 0.12, 0.13601, 0.16446, (gDx*55,gDy*0,gDz*0)),rgb(0.875,1,0));
		draw(
			ellipsoid( (-0.22047,0.71325,0.66533), (0.67038,0.60628,-0.42781), (0.70851,-0.35171,0.61182), 0.15851, 0.16251, 0.18027, (gDx*56,gDy*0,gDz*0)),rgb(1,0.5625,0));
		draw(
			ellipsoid( (-0.32255,-0.25032,0.91285), (0.76338,0.50141,0.40723), (-0.55965,0.82821,0.029363), 0.20576, 0.22056, 0.23154, (gDx*57,gDy*0,gDz*0)),rgb(1,0.46875,0));
		draw(
			ellipsoid( (-0.27046,0.84092,0.46873), (-0.42839,-0.54114,0.72364), (0.86217,-0.0050874,0.5066), 0.27727, 0.2971, 0.31112, (gDx*0,gDy*1,gDz*0)),rgb(1,0.46875,0));
		draw(
			ellipsoid( (-0.059897,-0.61177,-0.78876), (0.54638,-0.68139,0.487), (-0.83539,-0.4018,0.37507), 0.17017, 0.1793, 0.21085, (gDx*1,gDy*1,gDz*0)),rgb(1,0.84375,0));
		draw(
			ellipsoid( (0.45493,0.23043,0.8602), (0.58837,-0.80286,-0.096104), (0.66847,0.54984,-0.50082), 0.14438, 0.1638, 0.21122, (gDx*2,gDy*1,gDz*0)),rgb(0.6875,1,0));
		draw(
			ellipsoid( (0.28029,0.41596,0.86511), (-0.74161,0.66605,-0.079976), (-0.60947,-0.61915,0.49517), 0.11924, 0.1397, 0.20117, (gDx*3,gDy*1,gDz*0)),rgb(0.40625,1,0));
		draw(
			ellipsoid( (0.064577,0.5877,0.8065), (-0.82004,0.49179,-0.29271), (-0.56866,-0.64246,0.51369), 0.1442, 0.16011, 0.18949, (gDx*4,gDy*1,gDz*0)),rgb(1,0.9375,0));
		draw(
			ellipsoid( (0.17478,-0.71715,-0.67465), (0.60156,-0.46467,0.64978), (-0.77948,-0.51941,0.35019), 0.16622, 0.17894, 0.18766, (gDx*5,gDy*1,gDz*0)),rgb(1,0.46875,0));
		draw(
			ellipsoid( (0.18604,-0.81717,-0.54555), (0.59434,-0.34855,0.72476), (-0.7824,-0.45908,0.42083), 0.14428, 0.15059, 0.18795, (gDx*6,gDy*1,gDz*0)),rgb(0.96875,1,0));
		draw(
			ellipsoid( (0.34891,0.29096,0.89085), (0.61261,-0.79018,0.018149), (-0.70921,-0.53941,0.45394), 0.092116, 0.10524, 0.21393, (gDx*7,gDy*1,gDz*0)),rgb(0,1,0.34375));
		draw(
			ellipsoid( (0.21453,0.56072,0.79973), (0.68853,-0.66756,0.28335), (-0.69275,-0.48985,0.52929), 0.067072, 0.089321, 0.25246, (gDx*8,gDy*1,gDz*0)),rgb(0,1,0.90625));
		draw(
			ellipsoid( (0.30831,0.57128,0.76065), (0.68813,-0.68603,0.23633), (-0.65683,-0.45056,0.60462), 0.075466, 0.093945, 0.24547, (gDx*9,gDy*1,gDz*0)),rgb(0,1,0.8125));
		draw(
			ellipsoid( (0.64463,0.20564,0.73632), (0.47574,-0.86184,-0.17581), (-0.59843,-0.46363,0.6534), 0.080563, 0.11317, 0.25746, (gDx*10,gDy*1,gDz*0)),rgb(0,1,0.71875));
		draw(
			ellipsoid( (0.63803,0.13025,0.75892), (0.51236,-0.80755,-0.29215), (-0.57481,-0.57524,0.58198), 0.079936, 0.11355, 0.23735, (gDx*11,gDy*1,gDz*0)),rgb(0,1,0.625));
		draw(
			ellipsoid( (0.5149,-0.063556,0.85489), (0.56792,-0.72172,-0.39571), (0.64214,0.68926,-0.33552), 0.10293, 0.14156, 0.20376, (gDx*12,gDy*1,gDz*0)),rgb(0.03125,1,0));
		draw(
			ellipsoid( (0.17849,-0.17188,0.96881), (-0.77089,0.58745,0.24625), (-0.61145,-0.7908,-0.027648), 0.11155, 0.15967, 0.1794, (gDx*13,gDy*1,gDz*0)),rgb(0.5,1,0));
		draw(
			ellipsoid( (-0.12881,-0.10984,0.98557), (0.89575,0.41353,0.16316), (-0.42548,0.90384,0.045125), 0.11678, 0.14448, 0.17188, (gDx*14,gDy*1,gDz*0)),rgb(0.6875,1,0));
		draw(
			ellipsoid( (-0.79021,-0.429,0.43764), (0.26933,0.39835,0.8768), (0.55048,-0.81072,0.19924), 0.11431, 0.13484, 0.195, (gDx*15,gDy*1,gDz*0)),rgb(0.3125,1,0));
		draw(
			ellipsoid( (0.78135,0.58886,-0.20673), (0.013834,0.31483,0.94905), (0.62394,-0.7444,0.23785), 0.095445, 0.13545, 0.22193, (gDx*16,gDy*1,gDz*0)),rgb(0,1,0.25));
		draw(
			ellipsoid( (0.73062,0.68227,0.026406), (-0.16196,0.13561,0.97743), (0.6633,-0.71841,0.20958), 0.077722, 0.12588, 0.24997, (gDx*17,gDy*1,gDz*0)),rgb(0,1,0.71875));
		draw(
			ellipsoid( (0.59829,0.72225,0.34699), (-0.39687,-0.10909,0.91137), (0.69609,-0.68297,0.22138), 0.082088, 0.11962, 0.2745, (gDx*18,gDy*1,gDz*0)),rgb(0,1,0.71875));
		draw(
			ellipsoid( (-0.39094,-0.78122,-0.48668), (0.45501,0.29559,-0.83999), (-0.80008,0.54983,-0.2399), 0.10897, 0.13699, 0.23196, (gDx*19,gDy*1,gDz*0)),rgb(0,1,0.0625));
		draw(
			ellipsoid( (-0.053246,0.47953,0.87591), (0.50473,0.76978,-0.39075), (0.86164,-0.42129,0.28302), 0.11408, 0.1223, 0.20414, (gDx*20,gDy*1,gDz*0)),rgb(0.125,1,0));
		draw(
			ellipsoid( (-0.3091,0.11115,0.94451), (-0.25805,-0.96569,0.029195), (0.91535,-0.2347,0.32717), 0.1084, 0.14336, 0.22168, (gDx*21,gDy*1,gDz*0)),rgb(0.03125,1,0));
		draw(
			ellipsoid( (-0.32863,0.2401,0.91343), (-0.067182,0.95875,-0.27618), (-0.94207,-0.15213,-0.29895), 0.11445, 0.14941, 0.21564, (gDx*22,gDy*1,gDz*0)),rgb(0.125,1,0));
		draw(
			ellipsoid( (0.38949,-0.84613,-0.36382), (0.15105,0.44834,-0.88101), (0.90856,0.28819,0.30243), 0.13789, 0.1426, 0.19633, (gDx*23,gDy*1,gDz*0)),rgb(0.6875,1,0));
		draw(
			ellipsoid( (-0.14056,0.9392,-0.3133), (0.067065,0.32474,0.94342), (-0.9878,-0.1116,0.10863), 0.10371, 0.12286, 0.15686, (gDx*24,gDy*1,gDz*0)),rgb(0.6875,1,0));
		draw(
			ellipsoid( (0.19052,-0.81893,0.54135), (0.20052,0.57228,0.79516), (-0.96099,-0.042941,0.27324), 0.1698, 0.17509, 0.2059, (gDx*25,gDy*1,gDz*0)),rgb(1,0.75,0));
		draw(
			ellipsoid( (0.96179,-0.27371,-0.0066473), (0.23447,0.81088,0.53618), (-0.14137,-0.51725,0.84408), 0.42064, 0.43802, 0.459, (gDx*26,gDy*1,gDz*0)),rgb(1,0.375,0));
		draw(
			ellipsoid( (0.96197,-0.27052,0.037904), (0.26735,0.90389,-0.33393), (0.056075,0.33137,0.94183), 0.51486, 0.56819, 0.6452, (gDx*27,gDy*1,gDz*0)),rgb(1,0.84375,0));
		draw(
			ellipsoid( (-0.51365,0.39512,-0.76161), (0.68017,0.72859,-0.080735), (-0.523,0.55949,0.64299), 0.24771, 0.2609, 0.28605, (gDx*28,gDy*1,gDz*0)),rgb(1,0.5625,0));
		draw(
			ellipsoid( (0.40601,0.8601,-0.30883), (-0.50791,-0.068564,-0.85868), (-0.75973,0.50549,0.40902), 0.13479, 0.14197, 0.20088, (gDx*29,gDy*1,gDz*0)),rgb(0.59375,1,0));
		draw(
			ellipsoid( (-0.24063,-0.64182,0.72812), (0.66674,0.43587,0.60455), (-0.70537,0.63094,0.32304), 0.14671, 0.16414, 0.20171, (gDx*30,gDy*1,gDz*0)),rgb(0.875,1,0));
		draw(
			ellipsoid( (-0.12399,-0.42811,0.89518), (-0.99131,0.013561,-0.13082), (0.043867,-0.90363,-0.42607), 0.15502, 0.18189, 0.19641, (gDx*31,gDy*1,gDz*0)),rgb(1,0.84375,0));
		draw(
			ellipsoid( (-0.079404,-0.65321,0.753), (-0.99645,0.07322,-0.041558), (-0.027988,-0.75363,-0.65671), 0.2425, 0.25559, 0.27252, (gDx*32,gDy*1,gDz*0)),rgb(1,0.46875,0));
		draw(
			ellipsoid( (-0.37944,-0.76242,0.52415), (0.78906,0.029155,0.61362), (-0.48312,0.64643,0.59053), 0.25674, 0.2651, 0.27645, (gDx*33,gDy*1,gDz*0)),rgb(1,0.28125,0));
		draw(
			ellipsoid( (0.10815,-0.27541,0.95522), (0.12717,0.9568,0.26147), (-0.98597,0.093196,0.1385), 0.15362, 0.17318, 0.17861, (gDx*34,gDy*1,gDz*0)),rgb(1,0.5625,0));
		draw(
			ellipsoid( (0.79041,-0.52252,0.31972), (-0.12466,0.37381,0.91909), (-0.59976,-0.76631,0.23033), 0.1051, 0.12994, 0.20152, (gDx*35,gDy*1,gDz*0)),rgb(0.125,1,0));
		draw(
			ellipsoid( (0.86577,-0.47587,0.15491), (0.062223,0.4095,0.91019), (-0.49656,-0.77837,0.38414), 0.062489, 0.10378, 0.27801, (gDx*36,gDy*1,gDz*0)),rgb(0,0.90625,1));
		draw(
			ellipsoid( (0.82724,-0.56157,0.017852), (0.21975,0.35262,0.9096), (-0.5171,-0.74853,0.41511), 0.076359, 0.11416, 0.26, (gDx*37,gDy*1,gDz*0)),rgb(0,1,0.8125));
		draw(
			ellipsoid( (0.65582,-0.72064,-0.22489), (0.47267,0.1597,0.86665), (-0.58863,-0.67467,0.44536), 0.047752, 0.14072, 0.23389, (gDx*38,gDy*1,gDz*0)),rgb(0,0.8125,1));
		draw(
			ellipsoid( (0.51765,-0.79049,-0.32735), (0.85492,0.46279,0.23437), (0.033774,0.40119,-0.91537), 0.061001, 0.16772, 0.21052, (gDx*39,gDy*1,gDz*0)),rgb(0,1,0.8125));
		draw(
			ellipsoid( (-0.45461,0.7753,0.43844), (0.83521,0.54208,-0.092566), (0.30944,-0.32411,0.89398), 0.060797, 0.11912, 0.2435, (gDx*40,gDy*1,gDz*0)),rgb(0,1,0.90625));
		draw(
			ellipsoid( (-0.35749,0.76956,0.52913), (0.90379,0.42781,-0.011586), (0.23528,-0.47408,0.84846), 0.087952, 0.13178, 0.2351, (gDx*41,gDy*1,gDz*0)),rgb(0,1,0.4375));
		draw(
			ellipsoid( (0.14928,0.83667,0.52697), (0.96389,-0.0042718,-0.26626), (0.22052,-0.54769,0.8071), 0.10437, 0.13911, 0.21266, (gDx*42,gDy*1,gDz*0)),rgb(0.03125,1,0));
		draw(
			ellipsoid( (0.61231,0.70547,0.3569), (-0.66046,0.20828,0.7214), (0.43459,-0.67744,0.59347), 0.08742, 0.14435, 0.2091, (gDx*43,gDy*1,gDz*0)),rgb(0,1,0.25));
		draw(
			ellipsoid( (0.71484,0.65073,0.25605), (-0.33324,-0.0049122,0.94283), (0.61478,-0.7593,0.21333), 0.078358, 0.13624, 0.22894, (gDx*44,gDy*1,gDz*0)),rgb(0,1,0.53125));
		draw(
			ellipsoid( (0.80171,0.59569,-0.049205), (-0.0075647,0.092427,0.99569), (0.59767,-0.79788,0.078606), 0.13379, 0.14441, 0.1799, (gDx*45,gDy*1,gDz*0)),rgb(0.96875,1,0));
		draw(
			ellipsoid( (-0.57675,-0.46639,0.67071), (0.76579,-0.02275,0.64269), (-0.28448,0.88429,0.37028), 0.24881, 0.25302, 0.27354, (gDx*46,gDy*1,gDz*0)),rgb(1,0.375,0));
		draw(
			ellipsoid( (0.1419,0.78446,-0.60373), (0.73765,0.32291,0.59296), (-0.6601,0.52948,0.53284), 0.24477, 0.24826, 0.2548, (gDx*47,gDy*1,gDz*0)),rgb(1,0.1875,0));
		draw(
			ellipsoid( (0.20065,0.79386,0.57404), (-0.93495,0.33017,-0.1298), (-0.29258,-0.51065,0.80847), 0.14343, 0.169, 0.17394, (gDx*48,gDy*1,gDz*0)),rgb(1,0.75,0));
		draw(
			ellipsoid( (-0.48929,-0.68849,-0.53532), (0.80224,-0.59607,0.033363), (0.34206,0.41313,-0.84399), 0.10493, 0.13598, 0.15075, (gDx*49,gDy*1,gDz*0)),rgb(0.78125,1,0));
		draw(
			ellipsoid( (0.21845,0.66754,0.71181), (-0.97574,0.16013,0.14929), (-0.014324,-0.72716,0.68632), 0.13589, 0.1567, 0.17641, (gDx*50,gDy*1,gDz*0)),rgb(1,0.9375,0));
		draw(
			ellipsoid( (-0.34415,0.66304,0.66478), (0.93151,0.32987,0.15322), (0.1177,-0.67198,0.73115), 0.12082, 0.14117, 0.20585, (gDx*51,gDy*1,gDz*0)),rgb(0.3125,1,0));
		draw(
			ellipsoid( (0.67808,-0.55214,-0.48512), (-0.72738,-0.59883,-0.33515), (0.10546,-0.58013,0.80767), 0.11694, 0.13977, 0.24917, (gDx*52,gDy*1,gDz*0)),rgb(0,1,0.15625));
		draw(
			ellipsoid( (-0.38611,0.77052,0.50717), (0.90815,0.41396,0.062466), (0.16182,-0.4847,0.85958), 0.13064, 0.13697, 0.19994, (gDx*53,gDy*1,gDz*0)),rgb(0.5,1,0));
		draw(
			ellipsoid( (-0.32061,0.83253,0.45178), (0.86426,0.45231,-0.22017), (0.38764,-0.31987,0.86453), 0.14552, 0.15448, 0.17985, (gDx*54,gDy*1,gDz*0)),rgb(1,0.75,0));
		draw(
			ellipsoid( (-0.35801,0.81191,0.46113), (0.82744,0.50469,-0.24621), (0.43263,-0.29341,0.85249), 0.12703, 0.13539, 0.16108, (gDx*55,gDy*1,gDz*0)),rgb(1,0.84375,0));
		draw(
			ellipsoid( (0.39562,-0.81796,-0.41765), (-0.80026,-0.53015,0.28023), (0.45063,-0.22336,0.86432), 0.10591, 0.11383, 0.13809, (gDx*56,gDy*1,gDz*0)),rgb(1,0.9375,0));
		draw(
			ellipsoid( (0.73002,0.13774,-0.6694), (-0.40418,-0.70281,-0.58541), (-0.55109,0.69792,-0.45739), 0.23864, 0.24899, 0.25304, (gDx*57,gDy*1,gDz*0)),rgb(1,0.28125,0));
		draw(
			ellipsoid( (-0.32045,-0.41777,0.85016), (0.94461,-0.20803,0.25382), (0.070825,0.88441,0.4613), 0.33209, 0.34471, 0.36403, (gDx*58,gDy*1,gDz*0)),rgb(1,0.375,0));
		draw(
			ellipsoid( (-0.17998,0.59363,0.78436), (-0.31507,0.72058,-0.61766), (-0.93185,-0.3583,0.057343), 0.12651, 0.14878, 0.1618, (gDx*0,gDy*2,gDz*0)),rgb(1,0.84375,0));
		draw(
			ellipsoid( (0.13936,0.63107,0.76311), (0.64208,-0.64426,0.41553), (-0.75386,-0.43207,0.49498), 0.12401, 0.13868, 0.1878, (gDx*1,gDy*2,gDz*0)),rgb(0.59375,1,0));
		draw(
			ellipsoid( (0.34628,0.44569,0.8255), (0.5847,-0.79066,0.18161), (-0.73363,-0.41979,0.53439), 0.11266, 0.12237, 0.22026, (gDx*2,gDy*2,gDz*0)),rgb(0.03125,1,0));
		draw(
			ellipsoid( (0.6057,-0.14183,0.78295), (0.31124,-0.86335,-0.39718), (-0.7323,-0.48426,0.47879), 0.12316, 0.12555, 0.21712, (gDx*3,gDy*2,gDz*0)),rgb(0.125,1,0));
		draw(
			ellipsoid( (0.23388,-0.82964,-0.50696), (0.63603,-0.26382,0.72517), (-0.73537,-0.49204,0.46597), 0.13714, 0.14367, 0.19187, (gDx*4,gDy*2,gDz*0)),rgb(0.78125,1,0));
		draw(
			ellipsoid( (-0.12838,-0.68412,-0.71798), (0.67052,-0.5933,0.44542), (-0.7307,-0.42424,0.53488), 0.14253, 0.15481, 0.1744, (gDx*5,gDy*2,gDz*0)),rgb(1,0.75,0));
		draw(
			ellipsoid( (0.49334,0.3935,0.77574), (-0.42247,0.88797,-0.18175), (-0.76035,-0.23806,0.60431), 0.13511, 0.15864, 0.17978, (gDx*6,gDy*2,gDz*0)),rgb(0.96875,1,0));
		draw(
			ellipsoid( (0.43272,0.37801,0.81845), (-0.57077,0.8176,-0.075842), (-0.69783,-0.43433,0.56955), 0.092986, 0.13808, 0.21613, (gDx*7,gDy*2,gDz*0)),rgb(0,1,0.25));
		draw(
			ellipsoid( (0.32821,0.45081,0.83009), (0.67197,-0.72903,0.13023), (-0.66387,-0.51505,0.54221), 0.084134, 0.12292, 0.27606, (gDx*8,gDy*2,gDz*0)),rgb(0,1,0.71875));
		draw(
			ellipsoid( (0.060141,-0.78267,-0.61952), (-0.80843,0.32586,-0.49015), (-0.58551,-0.53032,0.61314), 0.09283, 0.11408, 0.2675, (gDx*9,gDy*2,gDz*0)),rgb(0,1,0.625));
		draw(
			ellipsoid( (0.0101,-0.8372,-0.54681), (-0.82749,0.30001,-0.47462), (-0.56139,-0.45727,0.68974), 0.096407, 0.11127, 0.27263, (gDx*10,gDy*2,gDz*0)),rgb(0,1,0.625));
		draw(
			ellipsoid( (0.40397,-0.88866,-0.21699), (0.66899,0.12522,0.73265), (-0.62391,-0.44114,0.64509), 0.10589, 0.119, 0.24599, (gDx*11,gDy*2,gDz*0)),rgb(0,1,0.34375));
		draw(
			ellipsoid( (0.47069,-0.87519,-0.11181), (0.54209,0.18687,0.81928), (-0.69613,-0.44624,0.56238), 0.11593, 0.14362, 0.22197, (gDx*12,gDy*2,gDz*0)),rgb(0.125,1,0));
		draw(
			ellipsoid( (0.42602,-0.88791,-0.17358), (0.62635,0.15101,0.76478), (-0.65284,-0.43453,0.62047), 0.12797, 0.15506, 0.17916, (gDx*13,gDy*2,gDz*0)),rgb(0.875,1,0));
		draw(
			ellipsoid( (0.92073,0.18464,-0.34376), (-0.050144,0.92965,0.36502), (0.38697,-0.31884,0.86521), 0.14021, 0.14738, 0.17457, (gDx*14,gDy*2,gDz*0)),rgb(1,0.84375,0));
		draw(
			ellipsoid( (0.86057,0.4548,-0.22929), (-0.13276,0.63491,0.76109), (0.49173,-0.62453,0.60677), 0.11089, 0.15975, 0.20485, (gDx*15,gDy*2,gDz*0)),rgb(0.21875,1,0));
		draw(
			ellipsoid( (0.87437,0.47864,-0.079831), (-0.10839,0.353,0.92932), (0.47299,-0.80392,0.36054), 0.093403, 0.15604, 0.21694, (gDx*16,gDy*2,gDz*0)),rgb(0,1,0.25));
		draw(
			ellipsoid( (0.82472,0.55582,0.1044), (-0.18536,0.091273,0.97842), (0.5343,-0.82628,0.1783), 0.090896, 0.14766, 0.22789, (gDx*17,gDy*2,gDz*0)),rgb(0,1,0.34375));
		draw(
			ellipsoid( (0.63192,0.71337,0.30296), (-0.35135,-0.08475,0.9324), (0.69082,-0.69565,0.19709), 0.11002, 0.1384, 0.2084, (gDx*18,gDy*2,gDz*0)),rgb(0.125,1,0));
		draw(
			ellipsoid( (0.52138,0.84827,0.092728), (-0.18768,0.0079867,0.9822), (0.83243,-0.5295,0.16337), 0.13217, 0.14211, 0.17875, (gDx*19,gDy*2,gDz*0)),rgb(0.96875,1,0));
		draw(
			ellipsoid( (0.29412,0.66564,-0.68587), (0.29476,-0.74581,-0.5974), (-0.90918,-0.026455,-0.41556), 0.12758, 0.14768, 0.15819, (gDx*20,gDy*2,gDz*0)),rgb(1,0.75,0));
		draw(
			ellipsoid( (-0.2699,-0.36934,0.88924), (-0.17319,0.92707,0.33249), (-0.94719,-0.064266,-0.31418), 0.13343, 0.15685, 0.16975, (gDx*21,gDy*2,gDz*0)),rgb(1,0.84375,0));
		draw(
			ellipsoid( (-0.28729,0.083343,0.95421), (-0.15081,0.97985,-0.13099), (-0.9459,-0.18154,-0.26893), 0.14188, 0.16124, 0.18653, (gDx*22,gDy*2,gDz*0)),rgb(1,0.9375,0));
		draw(
			ellipsoid( (-0.3517,0.28126,0.89286), (-0.49811,0.75133,-0.43289), (-0.79258,-0.59699,-0.12415), 0.15278, 0.16354, 0.18161, (gDx*23,gDy*2,gDz*0)),rgb(1,0.65625,0));
		draw(
			ellipsoid( (0.28098,-0.56684,0.77443), (-0.32676,0.70222,0.63254), (-0.90237,-0.43078,0.012085), 0.14764, 0.15515, 0.17219, (gDx*24,gDy*2,gDz*0)),rgb(1,0.5625,0));
		draw(
			ellipsoid( (-0.12838,0.75912,-0.63817), (0.082962,0.64946,0.75586), (-0.98825,-0.044095,0.14636), 0.18479, 0.19863, 0.20443, (gDx*25,gDy*2,gDz*0)),rgb(1,0.375,0));
		draw(
			ellipsoid( (-0.72485,-0.14996,0.67239), (0.51255,-0.76954,0.38091), (0.46031,0.62074,0.63466), 0.39198, 0.40245, 0.40905, (gDx*26,gDy*2,gDz*0)),rgb(1,0.1875,0));
		draw(
			ellipsoid( (0.84586,-0.47926,-0.23415), (-0.39021,-0.85527,0.34097), (0.36367,0.19705,0.91045), 0.4865, 0.54465, 0.58914, (gDx*27,gDy*2,gDz*0)),rgb(1,0.75,0));
		draw(
			ellipsoid( (-0.26691,0.74909,-0.60632), (0.93031,0.036056,-0.36499), (0.25155,0.66149,0.70651), 0.33397, 0.33816, 0.36722, (gDx*28,gDy*2,gDz*0)),rgb(1,0.375,0));
		draw(
			ellipsoid( (0.088701,-0.52209,0.84827), (0.83997,0.49692,0.21801), (-0.53534,0.69318,0.48261), 0.16272, 0.1747, 0.18505, (gDx*29,gDy*2,gDz*0)),rgb(1,0.46875,0));
		draw(
			ellipsoid( (0.088685,0.50833,-0.85658), (0.94173,0.23736,0.23836), (-0.32448,0.8278,0.45766), 0.2045, 0.20872, 0.23393, (gDx*30,gDy*2,gDz*0)),rgb(1,0.5625,0));
		draw(
			ellipsoid( (-0.11559,-0.3674,0.92285), (0.97192,-0.23354,0.028759), (0.20496,0.90027,0.38407), 0.23751, 0.24406, 0.2628, (gDx*31,gDy*2,gDz*0)),rgb(1,0.375,0));
		draw(
			ellipsoid( (0.0065917,-0.3782,0.9257), (-0.99991,0.0079521,0.010369), (-0.011283,-0.92569,-0.37812), 0.21929, 0.23428, 0.24499, (gDx*32,gDy*2,gDz*0)),rgb(1,0.46875,0));
		draw(
			ellipsoid( (-0.024483,-0.27604,0.96083), (-0.97751,0.20799,0.034845), (-0.20946,-0.93837,-0.27492), 0.24919, 0.27154, 0.28129, (gDx*33,gDy*2,gDz*0)),rgb(1,0.46875,0));
		draw(
			ellipsoid( (-0.20256,-0.14972,0.96776), (0.25713,0.94544,0.20009), (-0.94491,0.28937,-0.15301), 0.18397, 0.19619, 0.20426, (gDx*34,gDy*2,gDz*0)),rgb(1,0.375,0));
		draw(
			ellipsoid( (0.65368,0.11574,0.74787), (0.71566,-0.41583,-0.56117), (0.24603,0.90205,-0.35465), 0.11708, 0.14795, 0.18642, (gDx*35,gDy*2,gDz*0)),rgb(0.5,1,0));
		draw(
			ellipsoid( (0.79872,0.045785,0.59996), (-0.4988,0.60804,0.61764), (-0.33652,-0.79258,0.50849), 0.068599, 0.1101, 0.25742, (gDx*36,gDy*2,gDz*0)),rgb(0,1,0.90625));
		draw(
			ellipsoid( (0.85493,-0.50943,0.097876), (0.17522,0.46118,0.86983), (-0.48825,-0.72649,0.48354), 0.091381, 0.11073, 0.27216, (gDx*37,gDy*2,gDz*0)),rgb(0,1,0.625));
		draw(
			ellipsoid( (0.78001,-0.61007,-0.13925), (0.416,0.33932,0.84368), (-0.46746,-0.71601,0.51847), 0.070623, 0.12845, 0.26542, (gDx*38,gDy*2,gDz*0)),rgb(0,1,0.8125));
		draw(
			ellipsoid( (0.74157,-0.62732,-0.23778), (0.61638,0.49718,0.61064), (-0.26485,-0.5994,0.75536), 0.073098, 0.15112, 0.23103, (gDx*39,gDy*2,gDz*0)),rgb(0,1,0.625));
		draw(
			ellipsoid( (-0.58512,0.71698,0.3789), (0.81093,0.51481,0.27814), (-0.0043579,-0.47001,0.88265), 0.071976, 0.13173, 0.25096, (gDx*40,gDy*2,gDz*0)),rgb(0,1,0.8125));
		draw(
			ellipsoid( (-0.40721,0.77248,0.48729), (0.91274,0.36344,0.18659), (0.032965,-0.52075,0.85307), 0.08264, 0.12445, 0.28257, (gDx*41,gDy*2,gDz*0)),rgb(0,1,0.8125));
		draw(
			ellipsoid( (-0.0066357,0.83639,0.5481), (0.99057,0.080505,-0.11086), (0.13684,-0.54219,0.82904), 0.074387, 0.099069, 0.28382, (gDx*42,gDy*2,gDz*0)),rgb(0,1,0.90625));
		draw(
			ellipsoid( (0.71767,0.6293,0.29822), (-0.64565,0.44083,0.62354), (0.26093,-0.64004,0.72268), 0.088187, 0.1399, 0.25586, (gDx*43,gDy*2,gDz*0)),rgb(0,1,0.53125));
		draw(
			ellipsoid( (0.79744,0.5981,0.079841), (-0.3418,0.3387,0.87661), (0.49726,-0.72633,0.47452), 0.090812, 0.1166, 0.14922, (gDx*44,gDy*2,gDz*0)),rgb(0.5,1,0));
		draw(
			ellipsoid( (0.74087,0.18964,-0.64431), (0.5901,0.27436,0.75928), (-0.32076,0.94274,-0.091357), 0.2147, 0.22563, 0.23981, (gDx*45,gDy*2,gDz*0)),rgb(1,0.46875,0));
		draw(
			ellipsoid( (-0.96312,-0.22833,-0.14236), (-0.12208,-0.10067,0.9874), (0.23978,-0.96837,-0.069081), 0.28164, 0.29114, 0.30585, (gDx*46,gDy*2,gDz*0)),rgb(1,0.28125,0));
		draw(
			ellipsoid( (0.38891,0.9013,-0.19082), (0.11817,0.15661,0.98057), (-0.91367,0.4039,0.045595), 0.19408, 0.20241, 0.2084, (gDx*47,gDy*2,gDz*0)),rgb(1,0.28125,0));
		draw(
			ellipsoid( (-0.20069,-0.9728,0.11567), (-0.056242,0.12931,0.99001), (0.97804,-0.19217,0.080664), 0.1306, 0.14613, 0.15651, (gDx*48,gDy*2,gDz*0)),rgb(1,0.65625,0));
		draw(
			ellipsoid( (0.46829,0.86951,-0.157), (-0.61449,0.19282,-0.765), (-0.6349,0.45472,0.6246), 0.15608, 0.16499, 0.17213, (gDx*49,gDy*2,gDz*0)),rgb(1,0.375,0));
		draw(
			ellipsoid( (0.29524,0.64217,0.70742), (0.55096,0.49048,-0.67518), (-0.78056,0.5891,-0.20901), 0.15688, 0.15868, 0.16399, (gDx*50,gDy*2,gDz*0)),rgb(1,0.1875,0));
		draw(
			ellipsoid( (0.86996,-0.20209,-0.44981), (-0.37074,-0.86951,-0.32637), (0.32515,-0.45069,0.83136), 0.12739, 0.12949, 0.19365, (gDx*51,gDy*2,gDz*0)),rgb(0.5,1,0));
		draw(
			ellipsoid( (0.96692,0.20156,-0.15633), (-0.10405,0.87124,0.4797), (0.23289,-0.44757,0.86339), 0.10185, 0.11685, 0.26063, (gDx*52,gDy*2,gDz*0)),rgb(0,1,0.4375));
		draw(
			ellipsoid( (0.9319,-0.19174,-0.30788), (0.29813,0.88839,0.34911), (0.20658,-0.41713,0.88506), 0.11968, 0.12704, 0.21768, (gDx*53,gDy*2,gDz*0)),rgb(0.125,1,0));
		draw(
			ellipsoid( (-0.3778,0.83576,0.39847), (0.8694,0.46823,-0.15778), (0.31844,-0.28682,0.90351), 0.15004, 0.15618, 0.18687, (gDx*54,gDy*2,gDz*0)),rgb(1,0.84375,0));
		draw(
			ellipsoid( (-0.55319,0.69704,0.45619), (0.72719,0.67121,-0.14378), (0.40642,-0.2522,0.87819), 0.15548, 0.1596, 0.18683, (gDx*55,gDy*2,gDz*0)),rgb(1,0.75,0));
		draw(
			ellipsoid( (-0.94855,0.05822,0.31123), (0.11525,0.97901,0.1681), (0.29491,-0.19532,0.93535), 0.14988, 0.1518, 0.18509, (gDx*56,gDy*2,gDz*0)),rgb(1,0.84375,0));
		draw(
			ellipsoid( (-0.82164,-0.35968,0.44219), (0.035748,-0.80676,-0.58979), (-0.56888,0.46879,-0.67573), 0.25179, 0.26168, 0.27068, (gDx*57,gDy*2,gDz*0)),rgb(1,0.28125,0));
		draw(
			ellipsoid( (-0.2901,-0.57033,0.76848), (-0.93519,0.33941,-0.10113), (-0.20315,-0.74801,-0.63183), 0.37566, 0.38869, 0.39773, (gDx*58,gDy*2,gDz*0)),rgb(1,0.1875,0));
		draw(
			ellipsoid( (0.44234,-0.66268,0.60431), (-0.84729,-0.087911,0.5238), (-0.29399,-0.74372,-0.60037), 0.42316, 0.51867, 0.56831, (gDx*59,gDy*2,gDz*0)),rgb(0.96875,1,0));
		draw(
			ellipsoid( (0.05745,0.65374,0.75454), (-0.7479,0.52882,-0.40123), (-0.66132,-0.54127,0.51931), 0.1329, 0.16055, 0.20112, (gDx*0,gDy*3,gDz*0)),rgb(0.6875,1,0));
		draw(
			ellipsoid( (0.30837,0.58558,0.74967), (0.62038,-0.72122,0.30817), (-0.72113,-0.37005,0.58569), 0.11491, 0.13582, 0.20401, (gDx*1,gDy*3,gDz*0)),rgb(0.21875,1,0));
		draw(
			ellipsoid( (0.35166,0.57301,0.74027), (0.54351,-0.76882,0.33691), (-0.76219,-0.28387,0.5818), 0.11381, 0.12657, 0.19504, (gDx*2,gDy*3,gDz*0)),rgb(0.3125,1,0));
		draw(
			ellipsoid( (0.49805,-0.83829,0.22186), (0.34105,0.42459,0.83869), (-0.79727,-0.34204,0.49737), 0.12626, 0.139, 0.1863, (gDx*3,gDy*3,gDz*0)),rgb(0.6875,1,0));
		draw(
			ellipsoid( (0.4022,-0.91467,0.04032), (0.49547,0.25448,0.83052), (-0.7699,-0.31405,0.55553), 0.11044, 0.13409, 0.19251, (gDx*4,gDy*3,gDz*0)),rgb(0.3125,1,0));
		draw(
			ellipsoid( (0.062814,-0.93571,-0.34714), (0.68085,-0.21414,0.70042), (-0.72972,-0.28035,0.62363), 0.10739, 0.12938, 0.20726, (gDx*5,gDy*3,gDz*0)),rgb(0.125,1,0));
		draw(
			ellipsoid( (0.42956,0.5455,0.71966), (0.53531,-0.79563,0.28357), (-0.72727,-0.26343,0.63378), 0.11181, 0.13916, 0.21457, (gDx*6,gDy*3,gDz*0)),rgb(0.125,1,0));
		draw(
			ellipsoid( (0.44106,0.53473,0.72078), (0.48199,-0.81861,0.31237), (-0.75707,-0.20964,0.61879), 0.10694, 0.14705, 0.21149, (gDx*7,gDy*3,gDz*0)),rgb(0.03125,1,0));
		draw(
			ellipsoid( (0.42391,0.49277,0.75992), (0.50087,-0.82661,0.25661), (-0.75461,-0.27184,0.59722), 0.12115, 0.14172, 0.18471, (gDx*8,gDy*3,gDz*0)),rgb(0.59375,1,0));
		draw(
			ellipsoid( (-0.01181,-0.8261,-0.56339), (-0.83623,0.31708,-0.44741), (-0.54825,-0.46584,0.69456), 0.12368, 0.13437, 0.1911, (gDx*9,gDy*3,gDz*0)),rgb(0.5,1,0));
		draw(
			ellipsoid( (0.3173,-0.87416,-0.36765), (0.81771,0.055857,0.57291), (-0.48028,-0.48242,0.73253), 0.11304, 0.13252, 0.21457, (gDx*10,gDy*3,gDz*0)),rgb(0.125,1,0));
		draw(
			ellipsoid( (0.43649,-0.85868,-0.26862), (0.7125,0.14758,0.68598), (-0.54939,-0.49081,0.67622), 0.10676, 0.13294, 0.23056, (gDx*11,gDy*3,gDz*0)),rgb(0,1,0.15625));
		draw(
			ellipsoid( (0.38869,-0.80616,-0.44612), (0.8146,0.074432,0.57523), (-0.43052,-0.587,0.68563), 0.090282, 0.13583, 0.23717, (gDx*12,gDy*3,gDz*0)),rgb(0,1,0.4375));
		draw(
			ellipsoid( (0.54927,-0.71083,-0.43934), (0.82662,0.38511,0.41036), (-0.1225,-0.58857,0.79911), 0.1011, 0.14196, 0.22382, (gDx*13,gDy*3,gDz*0)),rgb(0,1,0.15625));
		draw(
			ellipsoid( (0.88657,-0.30206,-0.35035), (0.43303,0.80829,0.39893), (0.16269,-0.5054,0.84741), 0.11698, 0.14494, 0.21738, (gDx*14,gDy*3,gDz*0)),rgb(0.21875,1,0));
		draw(
			ellipsoid( (0.95264,0.17133,-0.25125), (-0.010403,0.84406,0.53615), (0.30393,-0.50814,0.80587), 0.10363, 0.15865, 0.23266, (gDx*15,gDy*3,gDz*0)),rgb(0,1,0.15625));
		draw(
			ellipsoid( (0.96997,0.20586,-0.12955), (-0.015388,0.58349,0.81197), (0.24274,-0.78559,0.56914), 0.092124, 0.185, 0.23103, (gDx*16,gDy*3,gDz*0)),rgb(0,1,0.34375));
		draw(
			ellipsoid( (0.94316,0.32916,-0.045897), (0.056388,-0.02239,0.99816), (-0.32753,0.94401,0.039678), 0.11641, 0.15833, 0.20913, (gDx*17,gDy*3,gDz*0)),rgb(0.3125,1,0));
		draw(
			ellipsoid( (0.69909,0.71448,0.027991), (-0.1708,0.12885,0.97684), (0.69433,-0.68769,0.21211), 0.15248, 0.16439, 0.18367, (gDx*18,gDy*3,gDz*0)),rgb(1,0.65625,0));
		draw(
			ellipsoid( (0.4724,0.74496,-0.47103), (0.22451,0.41509,0.88165), (-0.85231,0.52224,-0.028837), 0.15863, 0.16781, 0.17697, (gDx*19,gDy*3,gDz*0)),rgb(1,0.46875,0));
		draw(
			ellipsoid( (-0.14055,-0.68132,0.71836), (-0.97671,0.21421,0.01206), (-0.16209,-0.69994,-0.69556), 0.17218, 0.19507, 0.20285, (gDx*20,gDy*3,gDz*0)),rgb(1,0.65625,0));
		draw(
			ellipsoid( (0.21693,-0.5811,0.78438), (-0.97592,-0.1104,0.18811), (-0.022715,-0.80631,-0.59106), 0.17906, 0.18995, 0.19612, (gDx*21,gDy*3,gDz*0)),rgb(1,0.375,0));
		draw(
			ellipsoid( (-0.056603,-0.021511,0.99816), (0.99319,0.10074,0.058492), (-0.10182,0.99468,0.015662), 0.16714, 0.17738, 0.17894, (gDx*22,gDy*3,gDz*0)),rgb(1,0.28125,0));
		draw(
			ellipsoid( (-0.054246,0.30726,0.95008), (-0.98993,-0.14116,-0.010868), (0.13078,-0.9411,0.31182), 0.15432, 0.16856, 0.17495, (gDx*23,gDy*3,gDz*0)),rgb(1,0.46875,0));
		draw(
			ellipsoid( (-0.052118,0.33385,0.94118), (-0.96996,-0.24116,0.031832), (0.23761,-0.91125,0.33639), 0.14884, 0.16614, 0.17715, (gDx*24,gDy*3,gDz*0)),rgb(1,0.65625,0));
		draw(
			ellipsoid( (-0.37939,-0.42993,0.81929), (0.56126,0.59702,0.5732), (-0.73557,0.67729,0.014797), 0.15018, 0.15586, 0.18908, (gDx*25,gDy*3,gDz*0)),rgb(1,0.84375,0));
		draw(
			ellipsoid( (-0.22349,-0.44199,0.86873), (0.53649,0.68833,0.48823), (-0.81377,0.57518,0.08329), 0.17661, 0.1906, 0.22658, (gDx*26,gDy*3,gDz*0)),rgb(1,0.9375,0));
		draw(
			ellipsoid( (-0.68498,0.13668,0.71563), (0.39044,-0.76043,0.51895), (0.61511,0.63488,0.46751), 0.28637, 0.30979, 0.32326, (gDx*27,gDy*3,gDz*0)),rgb(1,0.46875,0));
		draw(
			ellipsoid( (-0.33569,0.038821,0.94117), (0.63098,-0.73259,0.25528), (0.69941,0.67956,0.22143), 0.208, 0.21351, 0.25273, (gDx*28,gDy*3,gDz*0)),rgb(1,0.75,0));
		draw(
			ellipsoid( (-0.55846,0.66702,-0.49315), (-0.40079,0.30353,0.86443), (-0.72628,-0.6804,-0.097825), 0.13833, 0.14973, 0.19265, (gDx*29,gDy*3,gDz*0)),rgb(0.875,1,0));
		draw(
			ellipsoid( (0.57825,-0.38024,0.72184), (0.084879,0.90799,0.4103), (-0.81144,-0.17599,0.55732), 0.17492, 0.19253, 0.20705, (gDx*30,gDy*3,gDz*0)),rgb(1,0.65625,0));
		draw(
			ellipsoid( (-0.56189,0.27989,-0.77842), (0.10147,0.95723,0.27093), (-0.82096,-0.073251,0.56626), 0.15499, 0.16323, 0.18916, (gDx*31,gDy*3,gDz*0)),rgb(1,0.75,0));
		draw(
			ellipsoid( (0.54392,-0.0046499,0.83913), (-0.36321,-0.90277,0.23042), (0.75646,-0.43011,-0.49272), 0.10875, 0.13256, 0.14727, (gDx*32,gDy*3,gDz*0)),rgb(0.96875,1,0));
		draw(
			ellipsoid( (0.29787,0.045696,0.95351), (-0.13761,-0.98636,0.090261), (0.94463,-0.1581,-0.28752), 0.10327, 0.13022, 0.15738, (gDx*33,gDy*3,gDz*0)),rgb(0.6875,1,0));
		draw(
			ellipsoid( (-0.34317,-0.62967,-0.69695), (0.11871,-0.76514,0.63283), (-0.93174,0.13443,0.33733), 0.124, 0.15271, 0.18414, (gDx*34,gDy*3,gDz*0)),rgb(0.6875,1,0));
		draw(
			ellipsoid( (-0.66229,-0.4842,-0.57178), (-0.067475,0.79858,-0.5981), (0.74621,-0.35753,-0.56156), 0.081073, 0.16038, 0.19706, (gDx*35,gDy*3,gDz*0)),rgb(0,1,0.34375));
		draw(
			ellipsoid( (0.68445,0.35819,0.635), (0.64222,-0.70848,-0.2926), (-0.34508,-0.60808,0.71495), 0.06484, 0.1411, 0.23394, (gDx*36,gDy*3,gDz*0)),rgb(0,1,0.8125));
		draw(
			ellipsoid( (-0.7633,0.014923,-0.64587), (-0.43292,0.73025,0.5285), (-0.47954,-0.68302,0.55094), 0.098648, 0.1052, 0.26332, (gDx*37,gDy*3,gDz*0)),rgb(0,1,0.625));
		draw(
			ellipsoid( (0.76264,-0.62109,-0.18063), (0.43597,0.28728,0.85288), (-0.47783,-0.72919,0.48987), 0.079858, 0.12101, 0.25659, (gDx*38,gDy*3,gDz*0)),rgb(0,1,0.71875));
		draw(
			ellipsoid( (0.74985,-0.59999,-0.27882), (0.59796,0.43423,0.67372), (-0.28315,-0.67191,0.68437), 0.06567, 0.15056, 0.22286, (gDx*39,gDy*3,gDz*0)),rgb(0,1,0.8125));
		draw(
			ellipsoid( (0.702,-0.62581,-0.33993), (0.712,0.62725,0.31561), (0.015712,-0.46359,0.88591), 0.081803, 0.1425, 0.26878, (gDx*40,gDy*3,gDz*0)),rgb(0,1,0.71875));
		draw(
			ellipsoid( (0.75631,-0.56363,-0.33215), (0.65404,0.6633,0.36368), (0.015336,-0.49229,0.8703), 0.084074, 0.12063, 0.28238, (gDx*41,gDy*3,gDz*0)),rgb(0,1,0.71875));
		draw(
			ellipsoid( (0.92398,-0.31202,-0.22113), (0.38229,0.76922,0.512), (0.010342,-0.55762,0.83003), 0.084476, 0.11095, 0.27906, (gDx*42,gDy*3,gDz*0)),rgb(0,1,0.8125));
		draw(
			ellipsoid( (0.99996,-0.00048623,-0.0087567), (0.0059981,0.76635,0.64239), (0.0063984,-0.64242,0.76633), 0.083378, 0.1097, 0.21373, (gDx*43,gDy*3,gDz*0)),rgb(0,1,0.4375));
		draw(
			ellipsoid( (0.95292,-0.22251,-0.20598), (0.29892,0.57556,0.76117), (-0.050809,-0.78691,0.61497), 0.15815, 0.16723, 0.1936, (gDx*44,gDy*3,gDz*0)),rgb(1,0.75,0));
		draw(
			ellipsoid( (-0.49217,-0.011168,0.87043), (0.82242,-0.33369,0.46074), (0.28531,0.94262,0.17342), 0.25873, 0.27484, 0.28362, (gDx*45,gDy*3,gDz*0)),rgb(1,0.375,0));
		draw(
			ellipsoid( (-0.074031,-0.056811,0.99564), (0.9972,-0.014319,0.07333), (0.01009,0.99828,0.057712), 0.23503, 0.2365, 0.25381, (gDx*46,gDy*3,gDz*0)),rgb(1,0.375,0));
		draw(
			ellipsoid( (-0.94997,0.043818,-0.30926), (0.13908,0.94588,-0.29321), (-0.27967,0.32155,0.90465), 0.15965, 0.1653, 0.16741, (gDx*47,gDy*3,gDz*0)),rgb(1,0.1875,0));
		draw(
			ellipsoid( (0.51462,0.85602,0.049041), (-0.80516,0.50212,-0.31557), (-0.29476,0.12291,0.94763), 0.15699, 0.16019, 0.1648, (gDx*48,gDy*3,gDz*0)),rgb(1,0.1875,0));
		draw(
			ellipsoid( (0.80162,0.39765,0.4464), (0.354,-0.91745,0.18158), (-0.48176,-0.012469,0.87621), 0.18622, 0.19209, 0.19599, (gDx*49,gDy*3,gDz*0)),rgb(1,0.1875,0));
		draw(
