	import three;
	import settings;

	surface ellipsoid(triple v1,triple v2,triple v3,real l1,real l2, real l3, triple pos=O) {
		transform3 T = identity(4);
		T[0][0] = l1*v1.x;
		T[1][0] = l1*v1.y;
		T[2][0] = l1*v1.z;
		T[0][1] = l2*v2.x;
		T[1][1] = l2*v2.y;
		T[2][1] = l2*v2.z;
		T[0][2] = l3*v3.x;
		T[1][2] = l3*v3.y;
		T[2][2] = l3*v3.z;
		T[0][3] = pos.x;
		T[1][3] = pos.y;
		T[2][3] = pos.z;
		return T*unitsphere;
	}

	size(200);

	real gDx=0.25;
	real gDy=0.25;
	real gDz=0.25;

	currentprojection=perspective( camera=(gDx*55.5,gDy*55.5,112),up=Y, target=(gDx*55.5,gDy*55.5,gDz*-0.5));
		draw(
			ellipsoid( (-0.074298,-0.059002,0.99549), (0.88152,-0.47062,0.037899), (0.46626,0.88036,0.086977), 0.1772, 0.20679, 0.25366, (gDx*58,gDy*22,gDz*0)),rgb(0.78125,1,0));
		draw(
			ellipsoid( (-0.091018,-0.075504,0.99298), (0.93054,-0.36161,0.057798), (0.35471,0.92927,0.10317), 0.18535, 0.21457, 0.25036, (gDx*59,gDy*22,gDz*0)),rgb(0.96875,1,0));
		draw(
			ellipsoid( (-0.14304,-0.10279,0.98436), (0.9836,-0.12517,0.12986), (0.10986,0.9868,0.11901), 0.18845, 0.21561, 0.24282, (gDx*60,gDy*22,gDz*0)),rgb(1,0.9375,0));
		draw(
			ellipsoid( (-0.22859,-0.22653,0.9468), (0.96594,-0.17391,0.1916), (0.12126,0.95835,0.25857), 0.26225, 0.29056, 0.31929, (gDx*61,gDy*22,gDz*0)),rgb(1,0.75,0));
		draw(
			ellipsoid( (-0.32583,-0.075128,0.94244), (0.88084,-0.38625,0.27374), (0.34345,0.91933,0.19203), 0.28033, 0.29181, 0.33386, (gDx*62,gDy*22,gDz*0)),rgb(1,0.65625,0));
		draw(
			ellipsoid( (0.5151,0.00056211,0.85713), (0.68882,-0.5954,-0.41356), (0.5101,0.80343,-0.30708), 0.16879, 0.17563, 0.19961, (gDx*63,gDy*22,gDz*0)),rgb(1,0.65625,0));
		draw(
			ellipsoid( (-0.26014,0.56562,0.78256), (0.83292,-0.27852,0.47819), (-0.48844,-0.77621,0.39866), 0.12233, 0.1292, 0.1627, (gDx*64,gDy*22,gDz*0)),rgb(0.96875,1,0));
		draw(
			ellipsoid( (-0.32541,0.194,0.92546), (-0.92684,0.12841,-0.35281), (-0.18728,-0.97256,0.13802), 0.15675, 0.17266, 0.20573, (gDx*65,gDy*22,gDz*0)),rgb(1,0.9375,0));
		draw(
			ellipsoid( (-0.17815,-0.030064,0.98354), (0.97717,-0.123,0.17324), (0.11577,0.99195,0.051291), 0.24335, 0.26932, 0.31146, (gDx*66,gDy*22,gDz*0)),rgb(1,0.84375,0));
		draw(
			ellipsoid( (-0.087307,-0.1216,0.98873), (0.99227,-0.098456,0.075511), (0.088164,0.98768,0.12926), 0.18556, 0.22364, 0.26474, (gDx*67,gDy*22,gDz*0)),rgb(0.78125,1,0));
		draw(
			ellipsoid( (-0.048856,-0.17178,0.98392), (-0.9971,0.065891,-0.038007), (-0.058303,-0.98293,-0.1745), 0.14071, 0.18829, 0.22753, (gDx*68,gDy*22,gDz*0)),rgb(0.5,1,0));
		draw(
			ellipsoid( (0.17737,-0.44007,0.88027), (-0.96707,0.087942,0.23882), (-0.18251,-0.89365,-0.40998), 0.32291, 0.36877, 0.44197, (gDx*69,gDy*22,gDz*0)),rgb(0.96875,1,0));
		draw(
			ellipsoid( (0.78085,-0.15408,-0.60542), (0.16653,-0.8827,0.43943), (0.60212,0.44395,0.6636), 0.37411, 0.409, 0.45644, (gDx*44,gDy*23,gDz*0)),rgb(1,0.75,0));
		draw(
			ellipsoid( (0.76769,-0.14134,-0.62504), (0.16854,-0.8965,0.40973), (0.61826,0.41989,0.66441), 0.3767, 0.41118, 0.46073, (gDx*45,gDy*23,gDz*0)),rgb(1,0.75,0));
		draw(
			ellipsoid( (0.24967,0.55526,-0.79332), (0.82849,-0.54659,-0.12184), (0.50127,0.62683,0.59649), 0.30757, 0.32246, 0.38708, (gDx*49,gDy*23,gDz*0)),rgb(1,0.84375,0));
		draw(
			ellipsoid( (-0.061804,-0.25854,0.96402), (-0.94875,0.31515,0.023693), (-0.30993,-0.91315,-0.26476), 0.35001, 0.38111, 0.38982, (gDx*56,gDy*23,gDz*0)),rgb(1,0.46875,0));
		draw(
			ellipsoid( (0.44202,-0.070469,0.89423), (0.51978,-0.79235,-0.31937), (0.73105,0.60598,-0.31361), 0.16496, 0.17404, 0.21416, (gDx*57,gDy*23,gDz*0)),rgb(1,0.9375,0));
		draw(
			ellipsoid( (0.60877,0.076711,0.78963), (0.51772,-0.79258,-0.32214), (-0.60113,-0.60492,0.52221), 0.13741, 0.14735, 0.19139, (gDx*58,gDy*23,gDz*0)),rgb(0.875,1,0));
		draw(
			ellipsoid( (0.26045,0.49897,0.82655), (-0.90008,0.43523,0.020884), (-0.34932,-0.7494,0.56247), 0.13849, 0.1547, 0.17997, (gDx*59,gDy*23,gDz*0)),rgb(1,0.9375,0));
		draw(
			ellipsoid( (0.36275,0.57965,0.72967), (0.92055,-0.1011,-0.37733), (0.14495,-0.80857,0.57027), 0.12445, 0.13783, 0.17302, (gDx*60,gDy*23,gDz*0)),rgb(0.875,1,0));
		draw(
			ellipsoid( (0.65485,0.41345,0.63264), (0.68665,0.024221,-0.72659), (-0.31573,0.91021,-0.26803), 0.13973, 0.15592, 0.17287, (gDx*61,gDy*23,gDz*0)),rgb(1,0.75,0));
		draw(
			ellipsoid( (0.80804,0.28598,0.51505), (0.51811,-0.76111,-0.39023), (-0.28041,-0.58218,0.76318), 0.16506, 0.17564, 0.18855, (gDx*62,gDy*23,gDz*0)),rgb(1,0.46875,0));
		draw(
			ellipsoid( (0.50767,0.65389,0.56098), (0.78797,-0.61569,0.0045724), (-0.34838,-0.43972,0.82781), 0.16026, 0.16555, 0.18354, (gDx*63,gDy*23,gDz*0)),rgb(1,0.5625,0));
		draw(
			ellipsoid( (0.16421,-0.91352,-0.37219), (0.91946,0.005096,0.39316), (-0.35726,-0.40677,0.84077), 0.13398, 0.14966, 0.17429, (gDx*64,gDy*23,gDz*0)),rgb(1,0.9375,0));
		draw(
			ellipsoid( (0.94463,-0.32256,-0.060265), (0.32717,0.91171,0.24849), (-0.025208,-0.25445,0.96676), 0.13358, 0.14442, 0.17811, (gDx*65,gDy*23,gDz*0)),rgb(0.96875,1,0));
		draw(
			ellipsoid( (0.94626,0.31608,-0.068512), (-0.25101,0.85132,0.46069), (0.20394,-0.41874,0.88491), 0.15199, 0.17461, 0.19192, (gDx*66,gDy*23,gDz*0)),rgb(1,0.84375,0));
		draw(
			ellipsoid( (0.83514,0.54754,0.052304), (-0.37329,0.49438,0.78501), (0.40397,-0.67512,0.61727), 0.14431, 0.16173, 0.1796, (gDx*67,gDy*23,gDz*0)),rgb(1,0.75,0));
		draw(
			ellipsoid( (0.58733,0.78264,0.2062), (-0.44831,0.10248,0.88798), (0.67384,-0.61399,0.41106), 0.16416, 0.16996, 0.19194, (gDx*68,gDy*23,gDz*0)),rgb(1,0.65625,0));
		draw(
			ellipsoid( (-0.24706,-0.083938,0.96536), (0.96254,-0.13606,0.23451), (0.11166,0.98714,0.11441), 0.26555, 0.28523, 0.2932, (gDx*69,gDy*23,gDz*0)),rgb(1,0.375,0));
		draw(
			ellipsoid( (0.19968,-0.21653,0.95564), (-0.97057,0.090243,0.22325), (-0.13458,-0.9721,-0.19214), 0.22956, 0.23771, 0.27229, (gDx*70,gDy*23,gDz*0)),rgb(1,0.65625,0));
		draw(
			ellipsoid( (0.063771,-0.048256,0.9968), (-0.97415,0.21391,0.072677), (-0.21673,-0.97566,-0.033368), 0.12261, 0.14346, 0.17561, (gDx*71,gDy*23,gDz*0)),rgb(0.78125,1,0));
		draw(
			ellipsoid( (0.56769,-0.77219,-0.28542), (0.49639,0.59765,-0.62961), (0.65676,0.21575,0.72258), 0.33425, 0.34465, 0.3888, (gDx*39,gDy*24,gDz*0)),rgb(1,0.5625,0));
		draw(
			ellipsoid( (-0.62532,0.5764,0.52606), (-0.28194,0.46172,-0.84103), (-0.72766,-0.67423,-0.12621), 0.18674, 0.19872, 0.22316, (gDx*40,gDy*24,gDz*0)),rgb(1,0.65625,0));
		draw(
			ellipsoid( (-0.75185,0.48816,-0.4432), (-0.38438,0.22163,0.89618), (-0.5357,-0.84414,-0.021006), 0.15463, 0.15647, 0.18053, (gDx*41,gDy*24,gDz*0)),rgb(1,0.65625,0));
		draw(
			ellipsoid( (-0.47922,0.073008,0.87465), (-0.87403,0.051321,-0.48316), (-0.080163,-0.99601,0.039218), 0.15207, 0.15825, 0.1688, (gDx*42,gDy*24,gDz*0)),rgb(1,0.375,0));
		draw(
			ellipsoid( (0.70776,0.21985,-0.67137), (0.38458,0.67728,0.62721), (0.5926,-0.70211,0.3948), 0.14858, 0.15422, 0.16981, (gDx*43,gDy*24,gDz*0)),rgb(1,0.5625,0));
		draw(
			ellipsoid( (0.72003,-0.13123,-0.68142), (0.16543,-0.92118,0.35222), (0.67393,0.36634,0.64157), 0.25681, 0.27289, 0.29468, (gDx*44,gDy*24,gDz*0)),rgb(1,0.5625,0));
		draw(
			ellipsoid( (-0.81825,0.41959,0.39295), (0.05149,-0.62732,0.77706), (0.57255,0.65606,0.4917), 0.26812, 0.27847, 0.30463, (gDx*45,gDy*24,gDz*0)),rgb(1,0.46875,0));
		draw(
			ellipsoid( (-0.53045,0.70658,-0.46836), (-0.60385,0.072821,0.79376), (0.59496,0.70388,0.38804), 0.14786, 0.15902, 0.18755, (gDx*46,gDy*24,gDz*0)),rgb(1,0.84375,0));
		draw(
			ellipsoid( (-0.1346,-0.24227,0.96083), (-0.85087,0.52521,0.013231), (-0.50784,-0.81576,-0.27683), 0.15097, 0.16243, 0.17494, (gDx*47,gDy*24,gDz*0)),rgb(1,0.5625,0));
		draw(
			ellipsoid( (-0.32832,0.21094,0.92071), (-0.68727,-0.72202,-0.079655), (0.64797,-0.65893,0.38203), 0.14203, 0.16464, 0.17907, (gDx*48,gDy*24,gDz*0)),rgb(1,0.84375,0));
		draw(
			ellipsoid( (-0.53597,-0.092354,0.83917), (0.52307,0.7439,0.41595), (-0.66267,0.66188,-0.3504), 0.17402, 0.21185, 0.21693, (gDx*49,gDy*24,gDz*0)),rgb(1,0.84375,0));
		draw(
			ellipsoid( (-0.53662,-0.2033,0.81897), (-0.6191,0.75433,-0.21841), (-0.57337,-0.62423,-0.53065), 0.25318, 0.29634, 0.31603, (gDx*50,gDy*24,gDz*0)),rgb(1,0.84375,0));
		draw(
			ellipsoid( (0.53137,0.16621,-0.83068), (0.5251,-0.83409,0.169), (0.66477,0.52599,0.53049), 0.33753, 0.36382, 0.44719, (gDx*51,gDy*24,gDz*0)),rgb(0.96875,1,0));
		draw(
			ellipsoid( (0.78178,0.46798,-0.41208), (0.61343,-0.45859,0.64296), (-0.11191,0.75544,0.64559), 0.45679, 0.50339, 0.53352, (gDx*55,gDy*24,gDz*0)),rgb(1,0.5625,0));
		draw(
			ellipsoid( (-0.043532,-0.046656,0.99796), (-0.28162,0.95897,0.032549), (-0.95854,-0.27963,-0.054885), 0.26645, 0.27889, 0.30001, (gDx*56,gDy*24,gDz*0)),rgb(1,0.46875,0));
		draw(
			ellipsoid( (0.17959,-0.95756,-0.22546), (0.60824,-0.072045,0.79047), (-0.77317,-0.2791,0.56949), 0.063107, 0.072054, 0.1353, (gDx*57,gDy*24,gDz*0)),rgb(0,1,0.15625));
		draw(
			ellipsoid( (0.65751,0.42962,0.61896), (0.5208,-0.8528,0.038693), (-0.54447,-0.29691,0.78447), 0.14197, 0.17708, 0.23932, (gDx*58,gDy*24,gDz*0)),rgb(0.40625,1,0));
		draw(
			ellipsoid( (-0.051842,-0.71103,-0.70125), (0.7863,-0.46196,0.41028), (-0.61567,-0.53012,0.58303), 0.11875, 0.15931, 0.17561, (gDx*59,gDy*24,gDz*0)),rgb(0.6875,1,0));
		draw(
			ellipsoid( (0.25739,-0.65849,-0.70721), (-0.96573,-0.15002,-0.2118), (0.033369,0.73749,-0.67454), 0.12157, 0.17185, 0.20297, (gDx*60,gDy*24,gDz*0)),rgb(0.40625,1,0));
		draw(
			ellipsoid( (-0.13808,0.70554,0.69509), (0.95576,-0.089123,0.28032), (-0.25972,-0.70305,0.66202), 0.089963, 0.11947, 0.18762, (gDx*61,gDy*24,gDz*0)),rgb(0,1,0.0625));
		draw(
			ellipsoid( (0.49422,0.58884,0.63954), (0.76825,-0.64013,-0.004302), (-0.40685,-0.49345,0.76875), 0.11174, 0.13284, 0.17085, (gDx*62,gDy*24,gDz*0)),rgb(0.59375,1,0));
		draw(
			ellipsoid( (0.57054,0.77675,0.26673), (0.7382,-0.62736,0.24795), (-0.35993,-0.055432,0.93133), 0.16234, 0.1746, 0.18909, (gDx*63,gDy*24,gDz*0)),rgb(1,0.5625,0));
		draw(
			ellipsoid( (0.21029,0.96717,-0.14272), (-0.82819,0.098664,-0.55169), (-0.51949,0.23421,0.82175), 0.15994, 0.1725, 0.1895, (gDx*64,gDy*24,gDz*0)),rgb(1,0.65625,0));
		draw(
			ellipsoid( (-0.88562,-0.45633,-0.086258), (-0.44973,0.88903,-0.085848), (-0.11586,0.037236,0.99257), 0.12321, 0.13819, 0.17854, (gDx*65,gDy*24,gDz*0)),rgb(0.78125,1,0));
		draw(
			ellipsoid( (0.8485,0.51256,-0.13165), (0.50039,-0.85805,-0.11564), (0.17223,-0.032245,0.98453), 0.10099, 0.16528, 0.20629, (gDx*66,gDy*24,gDz*0)),rgb(0.03125,1,0));
		draw(
			ellipsoid( (-0.54385,-0.79108,0.28004), (0.33745,0.099384,0.93608), (0.76835,-0.60359,-0.2129), 0.09577, 0.13947, 0.14754, (gDx*67,gDy*24,gDz*0)),rgb(0.5,1,0));
		draw(
			ellipsoid( (0.27562,0.96097,0.02375), (0.24733,-0.047019,-0.96779), (-0.9289,0.27261,-0.25064), 0.17384, 0.19847, 0.20624, (gDx*68,gDy*24,gDz*0)),rgb(1,0.65625,0));
		draw(
			ellipsoid( (0.023801,0.93091,0.36446), (0.98244,0.045695,-0.18087), (0.18503,-0.36237,0.91348), 0.19735, 0.21402, 0.2187, (gDx*69,gDy*24,gDz*0)),rgb(1,0.375,0));
		draw(
			ellipsoid( (0.52587,-0.70198,-0.48029), (0.79785,0.21141,0.56457), (-0.29477,-0.6801,0.67125), 0.15219, 0.16352, 0.19412, (gDx*70,gDy*24,gDz*0)),rgb(1,0.84375,0));
		draw(
			ellipsoid( (0.99713,-0.075699,0.0012026), (0.050081,0.67143,0.73937), (-0.056777,-0.73719,0.6733), 0.12987, 0.13383, 0.16913, (gDx*71,gDy*24,gDz*0)),rgb(0.96875,1,0));
		draw(
			ellipsoid( (0.080116,0.5231,0.8485), (0.96663,0.16704,-0.19425), (0.24334,-0.83574,0.49226), 0.20081, 0.20337, 0.22231, (gDx*72,gDy*24,gDz*0)),rgb(1,0.46875,0));
		draw(
			ellipsoid( (0.068474,-0.45545,0.88763), (-0.9755,0.15591,0.15525), (-0.20909,-0.87651,-0.43361), 0.37389, 0.39593, 0.4063, (gDx*73,gDy*24,gDz*0)),rgb(1,0.375,0));
		draw(
			ellipsoid( (0.21988,-0.46267,0.85883), (-0.96795,0.0060371,0.25107), (-0.12135,-0.88651,-0.44652), 0.43496, 0.52037, 0.56595, (gDx*74,gDy*24,gDz*0)),rgb(1,0.9375,0));
		draw(
			ellipsoid( (0.39349,0.8366,-0.38115), (-0.74219,0.53374,0.40531), (0.54252,0.1234,0.83093), 0.47889, 0.48403, 0.61503, (gDx*36,gDy*25,gDz*0)),rgb(0.96875,1,0));
		draw(
			ellipsoid( (0.72669,0.4075,-0.55305), (0.40848,-0.9036,-0.12905), (0.55232,0.13213,0.82309), 0.4808, 0.49182, 0.5902, (gDx*37,gDy*25,gDz*0)),rgb(1,0.84375,0));
		draw(
			ellipsoid( (0.55015,0.66131,-0.5099), (0.76756,-0.64097,-0.0031614), (0.32893,0.38964,0.86023), 0.40187, 0.40907, 0.45581, (gDx*38,gDy*25,gDz*0)),rgb(1,0.5625,0));
		draw(
			ellipsoid( (-0.48078,0.79817,0.36301), (0.24818,-0.2732,0.92939), (-0.84099,-0.53693,0.066738), 0.22844, 0.23461, 0.26107, (gDx*39,gDy*25,gDz*0)),rgb(1,0.5625,0));
		draw(
			ellipsoid( (-0.078485,0.47988,0.87381), (-0.57016,0.69741,-0.43421), (-0.81778,-0.53229,0.21887), 0.12279, 0.13335, 0.17025, (gDx*40,gDy*25,gDz*0)),rgb(0.875,1,0));
		draw(
			ellipsoid( (0.7283,-0.32829,0.60151), (-0.30371,0.63221,0.71279), (-0.61428,-0.70181,0.36073), 0.14966, 0.15395, 0.17291, (gDx*41,gDy*25,gDz*0)),rgb(1,0.5625,0));
		draw(
			ellipsoid( (0.84415,0.4407,0.30527), (-0.11417,-0.40858,0.90555), (-0.5238,0.79928,0.29459), 0.12361, 0.15599, 0.16519, (gDx*42,gDy*25,gDz*0)),rgb(0.96875,1,0));
		draw(
			ellipsoid( (0.52106,0.83523,-0.17575), (-0.069263,0.24662,0.96663), (0.8507,-0.4915,0.18635), 0.13475, 0.14306, 0.1595, (gDx*43,gDy*25,gDz*0)),rgb(1,0.65625,0));
		draw(
			ellipsoid( (-0.57383,0.12043,0.81007), (0.0641,-0.97949,0.19102), (0.81646,0.16154,0.55435), 0.17512, 0.18104, 0.19147, (gDx*44,gDy*25,gDz*0)),rgb(1,0.375,0));
		draw(
			ellipsoid( (-0.40321,-0.13087,0.9057), (0.58392,-0.79885,0.14453), (0.7046,0.58713,0.39852), 0.13208, 0.1366, 0.15907, (gDx*45,gDy*25,gDz*0)),rgb(1,0.75,0));
		draw(
			ellipsoid( (0.19992,-0.38724,0.90004), (-0.97143,0.041589,0.23367), (-0.12792,-0.92104,-0.36786), 0.11427, 0.13034, 0.15251, (gDx*46,gDy*25,gDz*0)),rgb(0.96875,1,0));
		draw(
			ellipsoid( (0.43934,0.038607,0.89749), (-0.63859,-0.68925,0.34225), (0.63181,-0.72349,-0.27816), 0.13331, 0.16831, 0.19417, (gDx*47,gDy*25,gDz*0)),rgb(0.78125,1,0));
		draw(
			ellipsoid( (-0.10798,0.5192,0.8478), (-0.090874,0.84406,-0.52849), (-0.98999,-0.13411,-0.043961), 0.12342, 0.15278, 0.17951, (gDx*48,gDy*25,gDz*0)),rgb(0.78125,1,0));
		draw(
			ellipsoid( (-0.4531,0.16759,0.87556), (-0.19804,-0.97655,0.084439), (0.86918,-0.13513,0.47566), 0.12614, 0.15427, 0.18142, (gDx*49,gDy*25,gDz*0)),rgb(0.78125,1,0));
		draw(
			ellipsoid( (-0.4615,-0.20543,0.86303), (-0.36556,-0.84235,-0.39599), (0.80832,-0.49824,0.31365), 0.11474, 0.1403, 0.18093, (gDx*50,gDy*25,gDz*0)),rgb(0.59375,1,0));
		draw(
			ellipsoid( (-0.32722,-0.34249,0.8807), (0.22707,0.8762,0.4251), (-0.91726,0.33908,-0.20894), 0.16196, 0.17585, 0.21753, (gDx*51,gDy*25,gDz*0)),rgb(0.96875,1,0));
		draw(
			ellipsoid( (-0.26083,-0.15177,0.95338), (-0.48923,0.87214,0.0049924), (-0.83224,-0.46512,-0.30173), 0.30753, 0.31797, 0.35831, (gDx*52,gDy*25,gDz*0)),rgb(1,0.5625,0));
		draw(
			ellipsoid( (-0.83646,-0.50832,0.20479), (0.5451,-0.73322,0.40651), (-0.056484,0.45167,0.8904), 0.45919, 0.48538, 0.52067, (gDx*55,gDy*25,gDz*0)),rgb(1,0.46875,0));
		draw(
			ellipsoid( (-0.090481,-0.53366,0.84084), (-0.12902,0.84347,0.52145), (-0.98751,-0.061305,-0.14517), 0.19206, 0.20169, 0.22729, (gDx*56,gDy*25,gDz*0)),rgb(1,0.65625,0));
		draw(
			ellipsoid( (-0.22527,0.87651,-0.42542), (-0.50059,-0.47873,-0.72127), (-0.83586,0.050484,0.54661), 0.12133, 0.12486, 0.169, (gDx*57,gDy*25,gDz*0)),rgb(0.78125,1,0));
		draw(
			ellipsoid( (0.7481,-0.1694,0.6416), (0.069283,-0.94164,-0.32941), (-0.65996,-0.29089,0.69271), 0.16824, 0.19635, 0.26206, (gDx*58,gDy*25,gDz*0)),rgb(0.59375,1,0));
		draw(
			ellipsoid( (0.1993,0.11077,0.97366), (0.48636,-0.87376,-0.00015544), (-0.85072,-0.47358,0.22802), 0.13536, 0.13561, 0.17113, (gDx*59,gDy*25,gDz*0)),rgb(1,0.9375,0));
		draw(
			ellipsoid( (-0.2159,0.53697,0.8155), (-0.77572,0.41291,-0.47724), (-0.59299,-0.73564,0.3274), 0.1374, 0.1561, 0.17035, (gDx*60,gDy*25,gDz*0)),rgb(1,0.75,0));
		draw(
			ellipsoid( (0.29411,-0.67388,-0.67778), (0.90382,-0.034517,0.42652), (-0.31082,-0.73803,0.59891), 0.11318, 0.14766, 0.18851, (gDx*61,gDy*25,gDz*0)),rgb(0.40625,1,0));
		draw(
			ellipsoid( (-0.23358,0.72617,0.64662), (0.90091,-0.088553,0.42488), (-0.36579,-0.68179,0.63353), 0.11532, 0.15504, 0.22466, (gDx*62,gDy*25,gDz*0)),rgb(0.125,1,0));
		draw(
			ellipsoid( (-0.1673,0.79115,0.5883), (0.89056,-0.13473,0.43445), (-0.42298,-0.5966,0.68202), 0.10701, 0.14357, 0.19571, (gDx*63,gDy*25,gDz*0)),rgb(0.21875,1,0));
		draw(
			ellipsoid( (-0.16356,-0.81326,-0.55844), (0.96886,-0.23909,0.064421), (0.18591,0.53051,-0.82704), 0.11125, 0.16081, 0.18844, (gDx*64,gDy*25,gDz*0)),rgb(0.40625,1,0));
		draw(
			ellipsoid( (0.59165,0.63893,0.49165), (-0.76226,0.24477,0.59921), (0.26251,-0.72928,0.63185), 0.10448, 0.14534, 0.20439, (gDx*65,gDy*25,gDz*0)),rgb(0.125,1,0));
		draw(
			ellipsoid( (0.90938,0.2195,-0.35333), (0.23594,0.42737,0.87275), (0.34257,-0.87703,0.33685), 0.12133, 0.17225, 0.25904, (gDx*66,gDy*25,gDz*0)),rgb(0,1,0.0625));
		draw(
			ellipsoid( (-0.41842,-0.17622,0.89099), (0.7057,0.55447,0.44107), (-0.57176,0.81333,-0.10764), 0.12926, 0.145, 0.16686, (gDx*67,gDy*25,gDz*0)),rgb(1,0.9375,0));
		draw(
			ellipsoid( (0.012024,0.99207,0.12511), (0.16059,-0.12541,0.97902), (-0.98695,-0.0083203,0.16082), 0.20869, 0.22341, 0.22759, (gDx*68,gDy*25,gDz*0)),rgb(1,0.375,0));
		draw(
			ellipsoid( (0.017721,-0.96619,-0.25723), (0.98585,-0.025999,0.16557), (0.16666,0.25653,-0.95206), 0.19822, 0.21815, 0.22457, (gDx*69,gDy*25,gDz*0)),rgb(1,0.46875,0));
		draw(
			ellipsoid( (0.42766,-0.8132,-0.39474), (0.8044,0.14315,0.57659), (-0.41237,-0.56411,0.71535), 0.14474, 0.16508, 0.19205, (gDx*70,gDy*25,gDz*0)),rgb(0.96875,1,0));
		draw(
			ellipsoid( (0.90314,-0.40704,-0.1366), (0.40403,0.69807,0.59116), (-0.14527,-0.58908,0.79491), 0.13172, 0.15821, 0.20335, (gDx*71,gDy*25,gDz*0)),rgb(0.59375,1,0));
		draw(
			ellipsoid( (0.93278,0.34411,0.10733), (-0.35193,0.80501,0.47761), (0.077948,-0.48327,0.87199), 0.16487, 0.16773, 0.19335, (gDx*72,gDy*25,gDz*0)),rgb(1,0.65625,0));
		draw(
			ellipsoid( (-0.077065,-0.2169,0.97315), (0.99692,-0.0025015,0.07839), (-0.014568,0.97619,0.21642), 0.26999, 0.27918, 0.28786, (gDx*73,gDy*25,gDz*0)),rgb(1,0.28125,0));
		draw(
			ellipsoid( (-0.041753,-0.065728,0.99696), (0.996,-0.081668,0.036329), (0.079033,0.99449,0.068875), 0.27419, 0.28955, 0.31045, (gDx*74,gDy*25,gDz*0)),rgb(1,0.46875,0));
		draw(
			ellipsoid( (0.062699,-0.077637,0.99501), (-0.99331,0.092024,0.069773), (-0.096981,-0.99273,-0.071348), 0.2026, 0.248, 0.27854, (gDx*75,gDy*25,gDz*0)),rgb(0.875,1,0));
		draw(
			ellipsoid( (0.45086,0.82702,-0.3358), (-0.64344,0.56187,0.51989), (0.61864,-0.018333,0.78546), 0.38466, 0.39454, 0.45786, (gDx*35,gDy*26,gDz*0)),rgb(1,0.65625,0));
		draw(
			ellipsoid( (0.74188,0.12683,-0.65843), (0.14032,-0.98957,-0.032504), (0.65568,0.068279,0.75194), 0.33938, 0.35061, 0.39213, (gDx*36,gDy*26,gDz*0)),rgb(1,0.5625,0));
		draw(
			ellipsoid( (0.77273,-0.032477,-0.6339), (0.074866,-0.98706,0.14183), (0.6303,0.15706,0.7603), 0.30505, 0.31517, 0.33479, (gDx*37,gDy*26,gDz*0)),rgb(1,0.375,0));
		draw(
			ellipsoid( (0.76269,-0.63519,0.1218), (0.56558,0.56367,-0.60199), (0.31372,0.52802,0.78916), 0.23296, 0.24257, 0.24585, (gDx*38,gDy*26,gDz*0)),rgb(1,0.1875,0));
		draw(
			ellipsoid( (0.72063,-0.19763,0.66455), (0.1146,-0.91138,-0.3953), (-0.68378,-0.36102,0.63412), 0.11889, 0.13412, 0.15183, (gDx*39,gDy*26,gDz*0)),rgb(1,0.84375,0));
		draw(
			ellipsoid( (0.18682,-0.74917,-0.63548), (0.75125,-0.30788,0.58381), (-0.63302,-0.58647,0.5053), 0.14075, 0.15662, 0.16932, (gDx*40,gDy*26,gDz*0)),rgb(1,0.65625,0));
		draw(
			ellipsoid( (0.74919,-0.45344,-0.48281), (-0.64552,-0.66318,-0.37882), (0.14841,-0.59547,0.78955), 0.14113, 0.16938, 0.21033, (gDx*41,gDy*26,gDz*0)),rgb(0.6875,1,0));
		draw(
			ellipsoid( (0.97604,0.014262,-0.21711), (0.097608,0.8631,0.49551), (0.19445,-0.50483,0.84103), 0.11356, 0.15361, 0.1858, (gDx*42,gDy*26,gDz*0)),rgb(0.5,1,0));
		draw(
			ellipsoid( (-0.0040916,0.95724,-0.28926), (-0.9008,0.12208,0.41673), (0.43422,0.26227,0.86178), 0.18192, 0.18758, 0.2045, (gDx*43,gDy*26,gDz*0)),rgb(1,0.46875,0));
		draw(
			ellipsoid( (0.49976,-0.86374,-0.064783), (0.48208,0.33951,-0.80767), (0.71961,0.37241,0.58607), 0.21925, 0.23441, 0.24125, (gDx*44,gDy*26,gDz*0)),rgb(1,0.375,0));
		draw(
			ellipsoid( (-0.45148,0.19267,0.87123), (-0.61231,-0.77713,-0.14545), (0.64903,-0.59913,0.46883), 0.12149, 0.15142, 0.16378, (gDx*45,gDy*26,gDz*0)),rgb(0.96875,1,0));
		draw(
			ellipsoid( (0.035148,0.19599,0.97998), (0.95953,0.26754,-0.087921), (-0.27942,0.9434,-0.17865), 0.1272, 0.14041, 0.23554, (gDx*46,gDy*26,gDz*0)),rgb(0.125,1,0));
		draw(
			ellipsoid( (0.4023,0.10435,0.90954), (-0.81296,-0.41614,0.40733), (0.421,-0.90329,-0.082578), 0.10847, 0.14989, 0.2167, (gDx*47,gDy*26,gDz*0)),rgb(0.03125,1,0));
		draw(
			ellipsoid( (-0.15249,0.042898,0.98737), (-0.18731,-0.9822,0.013746), (0.97039,-0.18285,0.15781), 0.1364, 0.16775, 0.19433, (gDx*48,gDy*26,gDz*0)),rgb(0.78125,1,0));
		draw(
			ellipsoid( (-0.46543,0.10933,0.87831), (0.01936,0.99336,-0.11339), (-0.88487,-0.035771,-0.46446), 0.12541, 0.15667, 0.21003, (gDx*49,gDy*26,gDz*0)),rgb(0.40625,1,0));
		draw(
			ellipsoid( (0.45339,0.52452,-0.72063), (0.095767,-0.8325,-0.54569), (-0.88615,0.1784,-0.42768), 0.15143, 0.17596, 0.22096, (gDx*50,gDy*26,gDz*0)),rgb(0.78125,1,0));
		draw(
			ellipsoid( (0.36579,0.85274,0.37287), (-0.13622,-0.34727,0.92782), (-0.92067,0.39018,0.010864), 0.060479, 0.069408, 0.12097, (gDx*51,gDy*26,gDz*0)),rgb(0,1,0.0625));
		draw(
			ellipsoid( (-0.21063,-0.66719,-0.71448), (-0.1706,-0.69458,0.6989), (-0.96256,0.2691,0.032478), 0.27333, 0.27587, 0.29577, (gDx*52,gDy*26,gDz*0)),rgb(1,0.375,0));
		draw(
			ellipsoid( (0.94028,-0.30765,0.14572), (0.3404,0.8525,-0.39669), (-0.002185,0.42261,0.90631), 0.42101, 0.4794, 0.5347, (gDx*53,gDy*26,gDz*0)),rgb(1,0.84375,0));
		draw(
			ellipsoid( (0.4141,0.80078,-0.43275), (0.90271,-0.30032,0.30809), (-0.11675,0.51823,0.84724), 0.37608, 0.4063, 0.47698, (gDx*54,gDy*26,gDz*0)),rgb(1,0.84375,0));
		draw(
			ellipsoid( (0.8605,0.50159,-0.089092), (-0.50494,0.81654,-0.27983), (-0.067615,0.28578,0.95591), 0.47329, 0.49249, 0.54338, (gDx*55,gDy*26,gDz*0)),rgb(1,0.5625,0));
		draw(
			ellipsoid( (0.20132,0.97621,-0.080549), (0.0030011,0.081618,0.99666), (-0.97952,0.20089,-0.013501), 0.27274, 0.2967, 0.30607, (gDx*56,gDy*26,gDz*0)),rgb(1,0.46875,0));
		draw(
			ellipsoid( (0.25232,0.85602,-0.45119), (-0.32996,-0.36222,-0.87174), (-0.90965,0.36883,0.19105), 0.1298, 0.13466, 0.165, (gDx*57,gDy*26,gDz*0)),rgb(1,0.9375,0));
		draw(
			ellipsoid( (0.62545,-0.55653,0.54689), (-0.010747,0.69469,0.71923), (-0.78019,-0.45572,0.42851), 0.14323, 0.16365, 0.20546, (gDx*58,gDy*26,gDz*0)),rgb(0.78125,1,0));
		draw(
			ellipsoid( (-0.57947,0.72902,-0.36433), (0.014105,0.45594,0.8899), (-0.81487,-0.51054,0.27449), 0.091216, 0.13586, 0.17679, (gDx*59,gDy*26,gDz*0)),rgb(0.125,1,0));
		draw(
			ellipsoid( (-0.57443,0.64477,-0.50428), (-0.26485,-0.72933,-0.63082), (-0.77452,-0.22881,0.58971), 0.13163, 0.15539, 0.16072, (gDx*60,gDy*26,gDz*0)),rgb(1,0.75,0));
		draw(
			ellipsoid( (0.31197,-0.78552,-0.53445), (0.88905,0.43973,-0.12735), (0.33505,-0.43543,0.83555), 0.13787, 0.1445, 0.14681, (gDx*61,gDy*26,gDz*0)),rgb(1,0.28125,0));
		draw(
			ellipsoid( (0.32754,-0.73957,-0.58801), (-0.85026,0.04068,-0.52479), (-0.41204,-0.67185,0.61551), 0.13724, 0.15568, 0.17543, (gDx*62,gDy*26,gDz*0)),rgb(1,0.84375,0));
		draw(
			ellipsoid( (0.20562,-0.7271,-0.65502), (0.83988,-0.21244,0.49947), (-0.50231,-0.65284,0.56699), 0.10695, 0.14872, 0.18389, (gDx*63,gDy*26,gDz*0)),rgb(0.3125,1,0));
		draw(
			ellipsoid( (0.0093244,0.7546,0.65612), (0.99846,0.028876,-0.0474), (0.054714,-0.65555,0.75317), 0.09561, 0.1583, 0.208, (gDx*64,gDy*26,gDz*0)),rgb(0,1,0.15625));
		draw(
			ellipsoid( (0.0019362,0.685,0.72854), (0.97669,0.15509,-0.14841), (0.21465,-0.71184,0.66873), 0.088206, 0.1227, 0.21686, (gDx*65,gDy*26,gDz*0)),rgb(0,1,0.34375));
		draw(
			ellipsoid( (-0.63421,0.292,0.7159), (0.75201,0.44808,0.48343), (0.17962,-0.84496,0.50376), 0.11414, 0.14828, 0.2573, (gDx*66,gDy*26,gDz*0)),rgb(0,1,0.15625));
		draw(
			ellipsoid( (-0.083365,0.44315,0.89256), (0.83771,0.51627,-0.17808), (-0.53971,0.73286,-0.41427), 0.11508, 0.12546, 0.16727, (gDx*67,gDy*26,gDz*0)),rgb(0.6875,1,0));
		draw(
			ellipsoid( (0.19669,0.97729,0.078846), (0.072847,-0.094761,0.99283), (0.97776,-0.18954,-0.089832), 0.20538, 0.2165, 0.22602, (gDx*68,gDy*26,gDz*0)),rgb(1,0.375,0));
		draw(
			ellipsoid( (-0.18651,-0.97967,-0.073957), (0.85657,-0.19902,0.47611), (-0.48115,0.02545,0.87627), 0.23244, 0.24731, 0.26333, (gDx*69,gDy*26,gDz*0)),rgb(1,0.46875,0));
		draw(
			ellipsoid( (0.26279,0.77664,0.57251), (0.84808,-0.46889,0.2468), (-0.46012,-0.42067,0.78187), 0.15969, 0.1647, 0.18776, (gDx*70,gDy*26,gDz*0)),rgb(1,0.65625,0));
		draw(
			ellipsoid( (0.90694,-0.40946,-0.098987), (0.37292,0.67111,0.64074), (-0.19593,-0.61803,0.76135), 0.11712, 0.15698, 0.20565, (gDx*71,gDy*26,gDz*0)),rgb(0.3125,1,0));
		draw(
			ellipsoid( (0.70656,-0.6459,-0.28913), (0.70763,0.64874,0.28001), (0.0067146,-0.40244,0.91542), 0.13284, 0.15915, 0.22301, (gDx*72,gDy*26,gDz*0)),rgb(0.40625,1,0));
		draw(
			ellipsoid( (-0.50825,0.79395,0.33365), (0.83989,0.54263,-0.011844), (0.19045,-0.27421,0.94262), 0.12316, 0.13498, 0.19056, (gDx*73,gDy*26,gDz*0)),rgb(0.59375,1,0));
		draw(
			ellipsoid( (0.94205,0.19954,-0.26967), (-0.070225,0.90335,0.42312), (0.32803,-0.37966,0.86501), 0.12295, 0.12692, 0.18479, (gDx*74,gDy*26,gDz*0)),rgb(0.59375,1,0));
		draw(
			ellipsoid( (0.84217,0.16832,-0.51226), (0.27459,0.68372,0.67611), (0.46405,-0.71006,0.52959), 0.157, 0.16038, 0.18759, (gDx*75,gDy*26,gDz*0)),rgb(1,0.75,0));
		draw(
			ellipsoid( (0.056293,-0.11124,0.9922), (-0.94537,-0.32555,0.017137), (0.3211,-0.93896,-0.12349), 0.16437, 0.18309, 0.21222, (gDx*76,gDy*26,gDz*0)),rgb(1,0.9375,0));
		draw(
			ellipsoid( (0.75383,0.59896,-0.27014), (-0.44502,0.7679,0.46075), (0.48341,-0.22711,0.84542), 0.37601, 0.40068, 0.43566, (gDx*33,gDy*27,gDz*0)),rgb(1,0.5625,0));
		draw(
			ellipsoid( (0.47646,0.87861,-0.032038), (-0.72349,0.41253,0.55352), (0.49955,-0.24055,0.83222), 0.35823, 0.36777, 0.38784, (gDx*34,gDy*27,gDz*0)),rgb(1,0.28125,0));
		draw(
			ellipsoid( (-0.58268,-0.13125,0.80203), (0.63445,-0.69021,0.34798), (0.50789,0.71161,0.48544), 0.20778, 0.2266, 0.23822, (gDx*35,gDy*27,gDz*0)),rgb(1,0.5625,0));
		draw(
			ellipsoid( (-0.47317,-0.14745,0.86854), (0.77614,-0.5362,0.33181), (0.41678,0.83112,0.36816), 0.11696, 0.13552, 0.15674, (gDx*36,gDy*27,gDz*0)),rgb(0.96875,1,0));
		draw(
			ellipsoid( (-0.44477,-0.36703,0.81699), (0.79645,-0.57934,0.17331), (0.4097,0.72777,0.54999), 0.14725, 0.15714, 0.17069, (gDx*37,gDy*27,gDz*0)),rgb(1,0.5625,0));
		draw(
			ellipsoid( (0.56675,-0.79145,0.22891), (0.7774,0.4217,-0.46671), (-0.27284,-0.44246,-0.85427), 0.19495, 0.19958, 0.20222, (gDx*38,gDy*27,gDz*0)),rgb(1,0.1875,0));
		draw(
			ellipsoid( (0.87278,-0.40976,0.26524), (0.34393,0.90185,0.26152), (-0.34636,-0.13702,0.92804), 0.21886, 0.22166, 0.23947, (gDx*39,gDy*27,gDz*0)),rgb(1,0.375,0));
		draw(
			ellipsoid( (0.83398,-0.48972,-0.25427), (0.54898,0.68988,0.4719), (-0.055682,-0.53314,0.84419), 0.17722, 0.18565, 0.19797, (gDx*40,gDy*27,gDz*0)),rgb(1,0.46875,0));
		draw(
			ellipsoid( (0.82589,-0.37937,-0.41711), (-0.56266,-0.60216,-0.5664), (0.036292,-0.70248,0.71078), 0.13503, 0.16105, 0.17671, (gDx*41,gDy*27,gDz*0)),rgb(1,0.9375,0));
		draw(
			ellipsoid( (0.88961,-0.28422,-0.35751), (0.45145,0.42865,0.78259), (0.069183,0.8576,-0.50964), 0.10811, 0.16743, 0.1742, (gDx*42,gDy*27,gDz*0)),rgb(0.40625,1,0));
		draw(
			ellipsoid( (0.90688,-0.29985,-0.29608), (-0.034099,0.64809,-0.7608), (0.42001,0.70005,0.57752), 0.16998, 0.18115, 0.20178, (gDx*43,gDy*27,gDz*0)),rgb(1,0.65625,0));
		draw(
			ellipsoid( (-0.58474,0.22648,0.77896), (0.59389,-0.53459,0.60125), (0.5526,0.81419,0.17809), 0.17905, 0.18252, 0.19537, (gDx*44,gDy*27,gDz*0)),rgb(1,0.375,0));
		draw(
			ellipsoid( (-0.40511,0.11638,0.90683), (-0.83818,-0.44344,-0.31753), (0.36517,-0.88872,0.27719), 0.10109, 0.11464, 0.19173, (gDx*45,gDy*27,gDz*0)),rgb(0.125,1,0));
		draw(
			ellipsoid( (0.4691,0.31897,0.82353), (0.83001,0.15932,-0.5345), (-0.3017,0.93428,-0.19002), 0.098352, 0.11986, 0.26216, (gDx*46,gDy*27,gDz*0)),rgb(0,1,0.53125));
		draw(
			ellipsoid( (0.44102,0.10516,0.89131), (-0.81676,-0.36463,0.44716), (0.37202,-0.9252,-0.074918), 0.10451, 0.14246, 0.20796, (gDx*47,gDy*27,gDz*0)),rgb(0.03125,1,0));
		draw(
			ellipsoid( (-0.24574,-0.26561,0.93224), (0.65538,0.66308,0.36168), (-0.71421,0.69984,0.01113), 0.11245, 0.13621, 0.18649, (gDx*48,gDy*27,gDz*0)),rgb(0.40625,1,0));
		draw(
			ellipsoid( (-0.51837,-0.30702,0.79814), (0.43857,0.70579,0.55634), (-0.73413,0.63843,-0.23121), 0.080575, 0.14198, 0.18736, (gDx*49,gDy*27,gDz*0)),rgb(0,1,0.25));
		draw(
			ellipsoid( (-0.44005,-0.51539,0.73534), (0.66509,0.36314,0.65252), (-0.60333,0.77621,0.18298), 0.15202, 0.19662, 0.20914, (gDx*50,gDy*27,gDz*0)),rgb(0.875,1,0));
		draw(
			ellipsoid( (0.31946,-0.55186,0.77033), (0.241,0.83351,0.49718), (-0.91644,0.02682,0.39926), 0.12377, 0.1334, 0.15475, (gDx*51,gDy*27,gDz*0)),rgb(1,0.84375,0));
		draw(
			ellipsoid( (-0.04964,-0.87524,0.48114), (0.38404,0.42797,0.81814), (-0.92198,0.22539,0.31488), 0.30644, 0.31304, 0.32091, (gDx*52,gDy*27,gDz*0)),rgb(1,0.1875,0));
		draw(
			ellipsoid( (0.99906,0.043076,0.0056574), (-0.03077,0.79347,-0.60783), (-0.030672,0.60708,0.79405), 0.47097, 0.52649, 0.58393, (gDx*53,gDy*27,gDz*0)),rgb(1,0.75,0));
		draw(
			ellipsoid( (0.78032,0.56071,0.27696), (-0.052548,0.50008,-0.86438), (-0.62317,0.65994,0.41969), 0.29184, 0.36241, 0.49426, (gDx*54,gDy*27,gDz*0)),rgb(0.40625,1,0));
		draw(
			ellipsoid( (0.62371,0.74852,-0.22519), (0.75873,-0.51047,0.40467), (-0.18795,0.42325,0.8863), 0.47801, 0.51874, 0.54218, (gDx*55,gDy*27,gDz*0)),rgb(1,0.46875,0));
		draw(
			ellipsoid( (0.041961,0.96181,-0.27048), (0.96731,-0.10687,-0.22998), (0.2501,0.25198,0.93485), 0.34279, 0.36818, 0.37608, (gDx*56,gDy*27,gDz*0)),rgb(1,0.375,0));
		draw(
			ellipsoid( (-0.028796,0.72993,-0.68292), (0.45821,-0.59755,-0.65801), (-0.88838,-0.33187,-0.31725), 0.21258, 0.21814, 0.22689, (gDx*57,gDy*27,gDz*0)),rgb(1,0.28125,0));
		draw(
			ellipsoid( (-0.35773,-0.27398,0.89273), (-0.46395,0.8818,0.084717), (-0.81042,-0.38387,-0.44256), 0.2219, 0.23012, 0.23372, (gDx*58,gDy*27,gDz*0)),rgb(1,0.1875,0));
		draw(
			ellipsoid( (0.65076,-0.71258,0.26218), (-0.10432,0.25811,0.96047), (0.75208,0.65238,-0.09363), 0.13844, 0.15318, 0.2075, (gDx*59,gDy*27,gDz*0)),rgb(0.6875,1,0));
		draw(
			ellipsoid( (0.68732,-0.71496,0.12814), (0.081087,0.25084,0.96463), (-0.72181,-0.65262,0.23038), 0.10211, 0.14551, 0.20195, (gDx*60,gDy*27,gDz*0)),rgb(0.125,1,0));
		draw(
			ellipsoid( (-0.68407,0.66431,-0.30121), (0.43844,0.70452,0.55806), (-0.58293,-0.24969,0.7732), 0.13552, 0.16358, 0.17928, (gDx*61,gDy*27,gDz*0)),rgb(0.96875,1,0));
		draw(
			ellipsoid( (-0.61381,0.60696,-0.50482), (0.53202,0.79046,0.30351), (-0.58326,0.082275,0.80811), 0.15191, 0.16222, 0.17218, (gDx*62,gDy*27,gDz*0)),rgb(1,0.46875,0));
		draw(
			ellipsoid( (0.78145,0.30123,0.54644), (0.21243,-0.95187,0.22093), (-0.58669,0.056568,0.80783), 0.15148, 0.15461, 0.16417, (gDx*63,gDy*27,gDz*0)),rgb(1,0.375,0));
		draw(
			ellipsoid( (0.15335,0.74766,0.64613), (0.98804,-0.12686,-0.087701), (-0.0164,-0.65185,0.75817), 0.14189, 0.1549, 0.17123, (gDx*64,gDy*27,gDz*0)),rgb(1,0.65625,0));
		draw(
			ellipsoid( (-0.50158,0.4362,0.7471), (-0.8372,-0.46232,-0.29214), (0.21797,-0.772,0.59708), 0.11453, 0.14461, 0.18283, (gDx*65,gDy*27,gDz*0)),rgb(0.5,1,0));
		draw(
			ellipsoid( (0.7773,-0.17349,-0.60474), (-0.58146,-0.56516,-0.58524), (0.24024,-0.80653,0.54017), 0.12812, 0.1751, 0.25209, (gDx*66,gDy*27,gDz*0)),rgb(0.125,1,0));
		draw(
			ellipsoid( (-0.46944,0.32458,0.82114), (0.69737,0.70671,0.11934), (0.54158,-0.62866,0.55811), 0.11023, 0.12069, 0.16764, (gDx*67,gDy*27,gDz*0)),rgb(0.59375,1,0));
		draw(
			ellipsoid( (0.19563,0.97306,0.12199), (-0.080361,-0.10807,0.99089), (-0.97738,0.20365,-0.057055), 0.20185, 0.20974, 0.22295, (gDx*68,gDy*27,gDz*0)),rgb(1,0.375,0));
		draw(
			ellipsoid( (-0.059371,-0.92239,0.38168), (0.87954,0.13249,0.457), (-0.4721,0.36283,0.80341), 0.26015, 0.26891, 0.27957, (gDx*69,gDy*27,gDz*0)),rgb(1,0.28125,0));
		draw(
			ellipsoid( (-0.68666,-0.48436,-0.54212), (-0.25324,0.85838,-0.44616), (-0.68144,0.16907,0.71207), 0.15859, 0.17435, 0.19228, (gDx*70,gDy*27,gDz*0)),rgb(1,0.75,0));
		draw(
			ellipsoid( (-0.9364,-0.28369,-0.20657), (0.33808,-0.88709,-0.31428), (0.09409,0.36413,-0.92658), 0.13411, 0.15584, 0.16772, (gDx*71,gDy*27,gDz*0)),rgb(1,0.84375,0));
		draw(
			ellipsoid( (-0.45952,0.84435,0.27552), (0.84395,0.51176,-0.16076), (0.27674,-0.15866,0.94776), 0.12113, 0.14924, 0.22169, (gDx*72,gDy*27,gDz*0)),rgb(0.21875,1,0));
		draw(
			ellipsoid( (-0.17919,0.96733,0.17932), (-0.92814,-0.22666,0.29525), (0.32625,-0.11353,0.93844), 0.07979, 0.11678, 0.19961, (gDx*73,gDy*27,gDz*0)),rgb(0,1,0.34375));
		draw(
			ellipsoid( (-0.21991,0.93687,0.27187), (-0.86895,-0.31479,0.38188), (0.44335,-0.15226,0.88332), 0.12123, 0.14348, 0.22736, (gDx*74,gDy*27,gDz*0)),rgb(0.125,1,0));
		draw(
			ellipsoid( (-0.2291,0.88194,0.41193), (-0.81044,-0.40723,0.42114), (0.53917,-0.23736,0.80806), 0.13801, 0.16895, 0.2127, (gDx*75,gDy*27,gDz*0)),rgb(0.59375,1,0));
		draw(
			ellipsoid( (0.12763,0.85259,0.50675), (0.9681,0.0039942,-0.25054), (0.21563,-0.52256,0.82489), 0.1311, 0.14651, 0.17709, (gDx*76,gDy*27,gDz*0)),rgb(0.96875,1,0));
		draw(
			ellipsoid( (-0.36296,-0.80624,-0.46715), (-0.90193,0.17805,0.39348), (0.23406,-0.56415,0.7918), 0.12968, 0.1412, 0.18244, (gDx*77,gDy*27,gDz*0)),rgb(0.78125,1,0));
		draw(
			ellipsoid( (-0.67835,0.26801,0.68412), (0.55403,0.79815,0.23668), (0.48259,-0.53957,0.6899), 0.16397, 0.16717, 0.18989, (gDx*78,gDy*27,gDz*0)),rgb(1,0.5625,0));
		draw(
			ellipsoid( (0.14183,0.98466,0.1016), (-0.94277,0.10307,0.3171), (0.30177,-0.14076,0.94293), 0.27531, 0.29938, 0.31803, (gDx*32,gDy*28,gDz*0)),rgb(1,0.5625,0));
		draw(
			ellipsoid( (0.040147,0.97735,0.20781), (0.99645,-0.054553,0.064059), (-0.073944,-0.2045,0.97607), 0.28034, 0.29285, 0.30152, (gDx*33,gDy*28,gDz*0)),rgb(1,0.28125,0));
		draw(
			ellipsoid( (-0.025942,0.53395,0.84512), (-0.73408,0.56368,-0.37867), (-0.67857,-0.63021,0.37734), 0.22016, 0.23141, 0.24171, (gDx*34,gDy*28,gDz*0)),rgb(1,0.375,0));
		draw(
			ellipsoid( (-0.057787,0.13423,0.98926), (-0.91971,0.37828,-0.10505), (-0.38832,-0.91591,0.10159), 0.096766, 0.11495, 0.14401, (gDx*35,gDy*28,gDz*0)),rgb(0.6875,1,0));
		draw(
			ellipsoid( (-0.16326,0.082595,0.98312), (-0.93882,0.29329,-0.18055), (-0.30325,-0.95245,0.029659), 0.13103, 0.14285, 0.17027, (gDx*36,gDy*28,gDz*0)),rgb(1,0.9375,0));
		draw(
			ellipsoid( (-0.37725,-0.056195,0.9244), (0.89462,-0.2802,0.34806), (0.23946,0.95829,0.15598), 0.17325, 0.18092, 0.1956, (gDx*37,gDy*28,gDz*0)),rgb(1,0.46875,0));
		draw(
			ellipsoid( (-0.49976,-0.35313,0.79091), (0.77325,-0.59334,0.22368), (0.39029,0.72336,0.56958), 0.20822, 0.21166, 0.21789, (gDx*38,gDy*28,gDz*0)),rgb(1,0.1875,0));
		draw(
			ellipsoid( (0.42357,0.90569,-0.017449), (-0.88232,0.41685,0.21852), (0.20519,-0.077164,0.97568), 0.26512, 0.26967, 0.27917, (gDx*39,gDy*28,gDz*0)),rgb(1,0.1875,0));
		draw(
			ellipsoid( (0.54322,0.83537,0.08408), (-0.66466,0.48906,-0.56484), (-0.51297,0.25094,0.82091), 0.27412, 0.29093, 0.30478, (gDx*40,gDy*28,gDz*0)),rgb(1,0.375,0));
		draw(
			ellipsoid( (-0.90741,0.38841,0.16042), (0.416,0.8843,0.21201), (0.059517,-0.25912,0.96401), 0.17185, 0.18297, 0.19003, (gDx*41,gDy*28,gDz*0)),rgb(1,0.375,0));
		draw(
			ellipsoid( (0.86798,-0.37151,-0.32954), (0.22307,-0.30119,0.9271), (0.44368,0.87822,0.17855), 0.10015, 0.16153, 0.1754, (gDx*42,gDy*28,gDz*0)),rgb(0.21875,1,0));
		draw(
			ellipsoid( (0.83254,-0.32238,-0.4505), (0.27034,-0.47338,0.83835), (0.48352,0.81975,0.30695), 0.1286, 0.16432, 0.17932, (gDx*43,gDy*28,gDz*0)),rgb(0.875,1,0));
		draw(
			ellipsoid( (0.13147,0.52849,0.8387), (0.67011,0.57609,-0.46805), (0.73053,-0.62355,0.27841), 0.11147, 0.11729, 0.17689, (gDx*44,gDy*28,gDz*0)),rgb(0.40625,1,0));
		draw(
			ellipsoid( (-0.12971,0.25012,0.95949), (0.86368,0.50383,-0.014577), (0.48707,-0.8268,0.28137), 0.096664, 0.10331, 0.24959, (gDx*45,gDy*28,gDz*0)),rgb(0,1,0.53125));
		draw(
			ellipsoid( (0.13843,0.25298,0.95752), (0.94058,0.26912,-0.20708), (-0.31007,0.92929,-0.20069), 0.088569, 0.11145, 0.24807, (gDx*46,gDy*28,gDz*0)),rgb(0,1,0.53125));
		draw(
			ellipsoid( (0.2742,0.039169,0.96088), (-0.92516,-0.26198,0.27469), (0.26249,-0.96428,-0.035596), 0.096579, 0.14472, 0.21321, (gDx*47,gDy*28,gDz*0)),rgb(0,1,0.15625));
		draw(
			ellipsoid( (-0.25304,-0.25309,0.93377), (0.71095,0.60594,0.3569), (-0.65614,0.75417,0.026604), 0.10978, 0.14291, 0.19405, (gDx*48,gDy*28,gDz*0)),rgb(0.3125,1,0));
		draw(
			ellipsoid( (0.5932,0.40748,-0.69432), (-0.52251,-0.46125,-0.7171), (-0.61246,0.78817,-0.060704), 0.090329, 0.14385, 0.20652, (gDx*49,gDy*28,gDz*0)),rgb(0,1,0.15625));
		draw(
			ellipsoid( (-0.22923,-0.41054,0.88256), (0.79273,0.44741,0.41402), (-0.56484,0.79453,0.22289), 0.14969, 0.16379, 0.18167, (gDx*50,gDy*28,gDz*0)),rgb(1,0.75,0));
		draw(
			ellipsoid( (0.37944,-0.76978,0.51329), (0.32878,0.63075,0.70289), (-0.86483,-0.097942,0.49242), 0.15516, 0.16266, 0.18149, (gDx*51,gDy*28,gDz*0)),rgb(1,0.5625,0));
		draw(
			ellipsoid( (0.010556,0.76478,-0.6442), (0.91822,0.24767,0.30908), (-0.39593,0.59478,0.69963), 0.30901, 0.32028, 0.33021, (gDx*52,gDy*28,gDz*0)),rgb(1,0.28125,0));
		draw(
			ellipsoid( (0.99947,0.032525,-0.0028872), (-0.026396,0.75272,-0.65781), (-0.019222,0.65754,0.75318), 0.42664, 0.47976, 0.50572, (gDx*53,gDy*28,gDz*0)),rgb(1,0.65625,0));
		draw(
			ellipsoid( (-0.91307,-0.39894,-0.084602), (0.38552,-0.91203,0.13993), (0.13298,-0.095154,-0.98654), 0.4619, 0.60057, 0.62399, (gDx*54,gDy*28,gDz*0)),rgb(0.875,1,0));
		draw(
			ellipsoid( (-0.4705,-0.49586,0.7299), (0.87479,-0.1537,0.45949), (-0.11566,0.85469,0.50609), 0.37953, 0.40006, 0.41653, (gDx*55,gDy*28,gDz*0)),rgb(1,0.375,0));
		draw(
			ellipsoid( (-0.20827,0.44278,0.87211), (-0.5423,0.68977,-0.47971), (-0.81396,-0.57285,0.096459), 0.17256, 0.17544, 0.2167, (gDx*56,gDy*28,gDz*0)),rgb(1,0.9375,0));
		draw(
			ellipsoid( (0.63443,-0.7466,-0.20025), (0.32742,0.024889,0.94455), (-0.70021,-0.66481,0.26024), 0.15803, 0.17102, 0.20391, (gDx*57,gDy*28,gDz*0)),rgb(1,0.9375,0));
		draw(
			ellipsoid( (-0.55988,-0.28348,0.77857), (0.74062,-0.59253,0.31685), (0.3715,0.75402,0.5417), 0.23301, 0.24194, 0.24834, (gDx*58,gDy*28,gDz*0)),rgb(1,0.28125,0));
		draw(
			ellipsoid( (0.44215,0.53918,-0.71679), (0.30876,-0.8418,-0.44276), (-0.84212,-0.025548,-0.53868), 0.24376, 0.25285, 0.25714, (gDx*59,gDy*28,gDz*0)),rgb(1,0.1875,0));
		draw(
			ellipsoid( (-0.61182,0.65323,0.44605), (0.4083,-0.22217,0.8854), (-0.67747,-0.72383,0.13079), 0.1191, 0.14107, 0.21011, (gDx*60,gDy*28,gDz*0)),rgb(0.3125,1,0));
		draw(
			ellipsoid( (0.75425,-0.63354,0.17242), (0.0077658,0.27118,0.9625), (-0.65654,-0.72462,0.20946), 0.10329, 0.15247, 0.20958, (gDx*61,gDy*28,gDz*0)),rgb(0.03125,1,0));
		draw(
			ellipsoid( (-0.7591,0.58795,-0.27943), (0.41701,0.76881,0.48481), (-0.49987,-0.25149,0.82878), 0.12709, 0.16484, 0.18111, (gDx*62,gDy*28,gDz*0)),rgb(0.78125,1,0));
		draw(
			ellipsoid( (0.80669,-0.49248,0.32667), (0.42876,0.86814,0.24998), (-0.4067,-0.061595,0.91148), 0.14744, 0.15241, 0.17051, (gDx*63,gDy*28,gDz*0)),rgb(1,0.5625,0));
		draw(
			ellipsoid( (0.76833,0.60609,0.20571), (0.55163,-0.79006,0.26742), (-0.32461,0.091992,0.94137), 0.14828, 0.15922, 0.16887, (gDx*64,gDy*28,gDz*0)),rgb(1,0.46875,0));
		draw(
			ellipsoid( (0.86869,0.47753,-0.13168), (-0.17985,0.55174,0.81439), (0.46155,-0.68378,0.56517), 0.13843, 0.14446, 0.16767, (gDx*65,gDy*28,gDz*0)),rgb(1,0.75,0));
		draw(
			ellipsoid( (0.87383,0.070535,-0.48109), (0.31212,0.67729,0.66622), (0.37283,-0.73232,0.56982), 0.13252, 0.16686, 0.21758, (gDx*66,gDy*28,gDz*0)),rgb(0.5,1,0));
		draw(
