	import three;
	import settings;

	surface ellipsoid(triple v1,triple v2,triple v3,real l1,real l2, real l3, triple pos=O) {
		transform3 T = identity(4);
		T[0][0] = l1*v1.x;
		T[1][0] = l1*v1.y;
		T[2][0] = l1*v1.z;
		T[0][1] = l2*v2.x;
		T[1][1] = l2*v2.y;
		T[2][1] = l2*v2.z;
		T[0][2] = l3*v3.x;
		T[1][2] = l3*v3.y;
		T[2][2] = l3*v3.z;
		T[0][3] = pos.x;
		T[1][3] = pos.y;
		T[2][3] = pos.z;
		return T*unitsphere;
	}

	size(200);

	real gDx=0.25;
	real gDy=0.25;
	real gDz=0.25;

	currentprojection=perspective( camera=(gDx*29.5,gDy*19.5,60),up=Y, target=(gDx*29.5,gDy*19.5,gDz*-0.5));
		draw(
			ellipsoid( (0.30475,-0.018686,0.95225), (-0.95128,0.043105,0.30529), (0.046751,0.9989,0.0046396), 0.40236, 0.38416, 0.37483, (gDx*0,gDy*0,gDz*0)),rgb(1,0.28125,0));
		draw(
			ellipsoid( (0.84093,0.332,-0.42733), (0.50732,-0.20889,0.83606), (-0.18831,0.91986,0.3441), 0.27032, 0.25359, 0.24698, (gDx*1,gDy*0,gDz*0)),rgb(1,0.375,0));
		draw(
			ellipsoid( (0.56388,-0.029825,0.82532), (-0.71111,-0.52571,0.46686), (-0.41995,0.85014,0.31765), 0.13334, 0.17083, 0.15254, (gDx*2,gDy*0,gDz*0)),rgb(1,0.84375,0));
		draw(
			ellipsoid( (-0.7333,-0.45663,0.50375), (-0.4805,0.87224,0.09118), (0.48102,0.17519,0.85902), 0.19387, 0.16623, 0.15764, (gDx*3,gDy*0,gDz*0)),rgb(1,0.75,0));
		draw(
			ellipsoid( (0.73152,0.48312,-0.48112), (0.68171,-0.50564,0.52877), (-0.012192,0.71479,0.69923), 0.20881, 0.18017, 0.17729, (gDx*4,gDy*0,gDz*0)),rgb(1,0.65625,0));
		draw(
			ellipsoid( (-0.74724,-0.45911,0.48047), (-0.57683,0.089088,-0.81199), (-0.32999,0.8839,0.3314), 0.20548, 0.18013, 0.17414, (gDx*5,gDy*0,gDz*0)),rgb(1,0.65625,0));
		draw(
			ellipsoid( (-0.80727,-0.42926,0.40504), (-0.4875,0.87182,-0.04767), (0.33266,0.23594,0.91306), 0.17465, 0.1253, 0.14101, (gDx*6,gDy*0,gDz*0)),rgb(0.875,1,0));
		draw(
			ellipsoid( (-0.736,-0.4739,0.48344), (-0.50113,0.86152,0.081587), (0.45516,0.18222,0.87156), 0.1863, 0.13297, 0.14035, (gDx*7,gDy*0,gDz*0)),rgb(0.78125,1,0));
		draw(
			ellipsoid( (0.73851,0.43805,-0.51255), (0.63962,-0.21472,0.73809), (-0.21326,0.87293,0.43876), 0.18394, 0.13911, 0.13242, (gDx*8,gDy*0,gDz*0)),rgb(0.78125,1,0));
		draw(
			ellipsoid( (-0.66995,-0.39781,0.62684), (-0.55788,-0.28733,-0.7786), (-0.48984,0.87132,0.029437), 0.18719, 0.11968, 0.13101, (gDx*9,gDy*0,gDz*0)),rgb(0.5,1,0));
		draw(
			ellipsoid( (-0.4859,-0.54091,0.68653), (-0.70684,-0.21882,-0.67268), (-0.51408,0.81212,0.27601), 0.22282, 0.094952, 0.12659, (gDx*10,gDy*0,gDz*0)),rgb(0,1,0.25));
		draw(
			ellipsoid( (-0.42289,-0.69871,0.57703), (-0.67624,0.66721,0.31231), (0.60321,0.25814,0.75465), 0.26367, 0.11958, 0.080683, (gDx*11,gDy*0,gDz*0)),rgb(0,1,0.71875));
		draw(
			ellipsoid( (-0.35993,-0.82453,0.43658), (-0.86796,0.46755,0.16745), (0.3422,0.31867,0.88394), 0.2308, 0.13292, 0.07584, (gDx*12,gDy*0,gDz*0)),rgb(0,1,0.625));
		draw(
			ellipsoid( (0.080805,-0.95853,0.27329), (-0.99129,-0.048664,0.12242), (0.10404,0.2808,0.95411), 0.2053, 0.14097, 0.091273, (gDx*13,gDy*0,gDz*0)),rgb(0,1,0.15625));
		draw(
			ellipsoid( (0.34719,-0.91564,0.20264), (-0.93247,-0.36006,-0.029306), (-0.099798,0.17878,0.97881), 0.19873, 0.1306, 0.087248, (gDx*14,gDy*0,gDz*0)),rgb(0,1,0.15625));
		draw(
			ellipsoid( (0.49578,-0.84416,0.20398), (-0.82557,-0.531,-0.19095), (-0.26951,0.073729,0.96017), 0.21791, 0.1363, 0.11391, (gDx*15,gDy*0,gDz*0)),rgb(0.125,1,0));
		draw(
			ellipsoid( (-0.65264,0.73455,-0.18573), (0.59673,0.34728,-0.7234), (0.46687,0.58295,0.66498), 0.23307, 0.10531, 0.13613, (gDx*16,gDy*0,gDz*0)),rgb(0,1,0.15625));
		draw(
			ellipsoid( (0.71697,-0.66545,0.20766), (-0.68288,-0.6106,0.40105), (0.14008,0.42935,0.89221), 0.24863, 0.094141, 0.11699, (gDx*17,gDy*0,gDz*0)),rgb(0,1,0.4375));
		draw(
			ellipsoid( (0.73109,-0.6239,0.27615), (-0.66683,-0.73905,0.095679), (-0.14439,0.25409,0.95634), 0.29339, 0.089807, 0.11419, (gDx*18,gDy*0,gDz*0)),rgb(0,1,0.8125));
		draw(
			ellipsoid( (-0.76172,0.57885,-0.29106), (0.47342,0.19056,-0.85998), (0.44234,0.79285,0.41919), 0.27096, 0.112, 0.091761, (gDx*19,gDy*0,gDz*0)),rgb(0,1,0.625));
		draw(
			ellipsoid( (0.80839,-0.49204,0.32312), (-0.57385,-0.53641,0.61884), (0.13117,0.68568,0.71598), 0.24547, 0.11098, 0.088177, (gDx*20,gDy*0,gDz*0)),rgb(0,1,0.53125));
		draw(
			ellipsoid( (-0.80931,0.35898,-0.46492), (0.49702,0.84034,-0.21634), (-0.31303,0.40616,0.85851), 0.22324, 0.15092, 0.11525, (gDx*21,gDy*0,gDz*0)),rgb(0.125,1,0));
		draw(
			ellipsoid( (0.92581,0.088454,0.3675), (0.35551,-0.53412,-0.76703), (-0.12845,-0.84077,0.52594), 0.19159, 0.13654, 0.14695, (gDx*22,gDy*0,gDz*0)),rgb(0.78125,1,0));
		draw(
			ellipsoid( (0.92451,0.010341,0.38101), (-0.361,0.34449,0.86661), (0.12229,0.93873,-0.32222), 0.18214, 0.15551, 0.14772, (gDx*23,gDy*0,gDz*0)),rgb(1,0.75,0));
		draw(
			ellipsoid( (0.90269,-0.14036,0.40676), (-0.38527,-0.68461,0.61877), (-0.19162,0.71527,0.67206), 0.17088, 0.14746, 0.15857, (gDx*24,gDy*0,gDz*0)),rgb(1,0.5625,0));
		draw(
			ellipsoid( (0.96484,0.092034,0.24618), (-0.13419,-0.63288,0.76253), (-0.22598,0.76876,0.59828), 0.22881, 0.20544, 0.21749, (gDx*25,gDy*0,gDz*0)),rgb(1,0.375,0));
		draw(
			ellipsoid( (-0.88014,0.47418,0.022557), (0.4545,0.82799,0.32843), (-0.13706,-0.29931,0.94426), 0.34441, 0.36908, 0.37129, (gDx*26,gDy*0,gDz*0)),rgb(1,0.375,0));
		draw(
			ellipsoid( (-0.98053,0.18136,0.075339), (0.15958,0.51221,0.84391), (-0.11447,-0.8395,0.53117), 0.46164, 0.55892, 0.51752, (gDx*27,gDy*0,gDz*0)),rgb(1,0.75,0));
		draw(
			ellipsoid( (0.42232,-0.18109,0.88817), (0.85846,-0.23469,-0.45604), (-0.29103,-0.95505,-0.05635), 0.1902, 0.23433, 0.21489, (gDx*28,gDy*0,gDz*0)),rgb(1,0.75,0));
		draw(
			ellipsoid( (0.84481,-0.041747,-0.53343), (-0.52723,-0.23488,-0.81661), (0.091201,-0.97113,0.22044), 0.11579, 0.031571, 0.044205, (gDx*29,gDy*0,gDz*0)),rgb(0,1,0.90625));
		draw(
			ellipsoid( (-0.80058,0.47967,0.35914), (0.54129,0.836,0.090041), (0.25705,-0.26648,0.92893), 0.19075, 0.12184, 0.14027, (gDx*30,gDy*0,gDz*0)),rgb(0.59375,1,0));
		draw(
			ellipsoid( (-0.76903,0.62047,0.15369), (0.48978,0.41746,0.7654), (-0.41075,-0.66388,0.62493), 0.16657, 0.12458, 0.10767, (gDx*31,gDy*0,gDz*0)),rgb(0.59375,1,0));
		draw(
			ellipsoid( (0.28628,0.53709,-0.79346), (0.88563,-0.46436,0.0052079), (0.36565,0.7042,0.6086), 0.11899, 0.1537, 0.14715, (gDx*32,gDy*0,gDz*0)),rgb(1,0.9375,0));
		draw(
			ellipsoid( (-0.6402,-0.57161,-0.51323), (-0.65665,0.75392,-0.020573), (-0.39869,-0.32384,0.85801), 0.16164, 0.13526, 0.11246, (gDx*33,gDy*0,gDz*0)),rgb(0.78125,1,0));
		draw(
			ellipsoid( (-0.72442,-0.63469,-0.26905), (-0.61878,0.77071,-0.15204), (-0.30386,-0.056346,0.95105), 0.19053, 0.10953, 0.14329, (gDx*34,gDy*0,gDz*0)),rgb(0.3125,1,0));
		draw(
			ellipsoid( (0.70033,0.69891,-0.14516), (0.71382,-0.68472,0.14708), (-0.0034015,0.20662,0.97842), 0.218, 0.075379, 0.13542, (gDx*35,gDy*0,gDz*0)),rgb(0,1,0.53125));
		draw(
			ellipsoid( (0.55968,0.75334,-0.3453), (0.82219,-0.55693,0.11759), (0.10372,0.34971,0.9311), 0.23388, 0.078957, 0.12743, (gDx*36,gDy*0,gDz*0)),rgb(0,1,0.53125));
		draw(
			ellipsoid( (0.56929,0.77489,-0.27468), (0.803,-0.59575,-0.016389), (0.17634,0.21124,0.9614), 0.22525, 0.067126, 0.12974, (gDx*37,gDy*0,gDz*0)),rgb(0,1,0.71875));
		draw(
			ellipsoid( (-0.70573,0.69956,0.11208), (0.70159,0.71208,-0.026856), (0.0986,-0.059683,0.99334), 0.066905, 0.19605, 0.15948, (gDx*38,gDy*0,gDz*0)),rgb(0,1,0.625));
		draw(
			ellipsoid( (0.46268,-0.8429,-0.27467), (-0.65435,-0.53374,0.53568), (0.59813,0.06812,0.7985), 0.079839, 0.13709, 0.16816, (gDx*39,gDy*0,gDz*0)),rgb(0,1,0.0625));
		draw(
			ellipsoid( (-0.47656,0.35699,-0.8034), (0.72912,0.67107,-0.13431), (-0.49119,0.64978,0.5801), 0.22157, 0.11136, 0.095196, (gDx*40,gDy*0,gDz*0)),rgb(0,1,0.25));
		draw(
			ellipsoid( (0.35976,-0.48358,0.79795), (-0.92686,-0.086886,0.36522), (0.10728,0.87097,0.47947), 0.19852, 0.11957, 0.12493, (gDx*41,gDy*0,gDz*0)),rgb(0.3125,1,0));
		draw(
			ellipsoid( (-0.61186,-0.70745,-0.35375), (-0.78887,0.51333,0.33789), (0.057454,-0.48581,0.87217), 0.16795, 0.17729, 0.18114, (gDx*42,gDy*0,gDz*0)),rgb(1,0.28125,0));
		draw(
			ellipsoid( (0.6367,-0.76506,-0.096428), (-0.77041,-0.63645,-0.037354), (0.032794,-0.098073,0.99464), 0.18148, 0.16125, 0.1671, (gDx*43,gDy*0,gDz*0)),rgb(1,0.46875,0));
		draw(
			ellipsoid( (-0.61147,0.77863,-0.14084), (0.73463,0.62477,0.26455), (-0.29397,-0.058298,0.95403), 0.20409, 0.10316, 0.13824, (gDx*44,gDy*0,gDz*0)),rgb(0.03125,1,0));
		draw(
			ellipsoid( (-0.66148,0.7497,-0.019834), (0.71117,0.63543,0.30078), (-0.2381,-0.18485,0.95349), 0.21516, 0.10374, 0.14244, (gDx*45,gDy*0,gDz*0)),rgb(0.03125,1,0));
		draw(
			ellipsoid( (-0.63465,0.77123,0.04921), (0.62479,0.54953,-0.55467), (0.45482,0.32128,0.83062), 0.20902, 0.16526, 0.1598, (gDx*46,gDy*0,gDz*0)),rgb(0.96875,1,0));
		draw(
			ellipsoid( (0.68621,-0.70979,-0.1591), (-0.72646,-0.6799,-0.10002), (0.037182,-0.18421,0.98218), 0.22733, 0.21595, 0.21128, (gDx*47,gDy*0,gDz*0)),rgb(1,0.28125,0));
		draw(
			ellipsoid( (0.32124,0.74064,0.59013), (0.8005,-0.54532,0.24865), (-0.50597,-0.39253,0.76806), 0.1907, 0.2055, 0.20803, (gDx*48,gDy*0,gDz*0)),rgb(1,0.375,0));
		draw(
			ellipsoid( (-0.23272,-0.71882,-0.65509), (-0.95858,0.28329,0.029685), (-0.16424,-0.63487,0.75496), 0.12703, 0.15398, 0.1775, (gDx*49,gDy*0,gDz*0)),rgb(0.875,1,0));
		draw(
			ellipsoid( (-0.19927,-0.66197,-0.72255), (-0.97783,0.18276,0.10223), (-0.064385,-0.7269,0.68372), 0.12176, 0.15493, 0.19396, (gDx*50,gDy*0,gDz*0)),rgb(0.5,1,0));
		draw(
			ellipsoid( (0.16039,0.74866,-0.64326), (0.9687,-0.24449,-0.043026), (0.18948,0.61622,0.76444), 0.22728, 0.15628, 0.12156, (gDx*51,gDy*0,gDz*0)),rgb(0.21875,1,0));
		draw(
			ellipsoid( (-0.10068,-0.75638,0.64634), (-0.9352,0.29364,0.19795), (0.33951,0.58453,0.73692), 0.21094, 0.14568, 0.13494, (gDx*52,gDy*0,gDz*0)),rgb(0.5,1,0));
		draw(
			ellipsoid( (-0.20206,0.6486,-0.73382), (0.90462,-0.1635,-0.39361), (0.37527,0.74336,0.5537), 0.17978, 0.14583, 0.1422, (gDx*53,gDy*0,gDz*0)),rgb(1,0.9375,0));
		draw(
			ellipsoid( (0.52563,-0.43258,0.73252), (-0.81917,-0.48965,0.29866), (-0.22948,0.75704,0.61174), 0.16961, 0.14896, 0.13788, (gDx*54,gDy*0,gDz*0)),rgb(1,0.75,0));
		draw(
			ellipsoid( (-0.66055,0.31465,-0.68167), (0.70252,0.57931,-0.41335), (-0.26484,0.75193,0.60371), 0.16524, 0.13818, 0.12324, (gDx*55,gDy*0,gDz*0)),rgb(0.96875,1,0));
		draw(
			ellipsoid( (0.69319,-0.27795,0.66501), (-0.71594,-0.15909,0.67979), (0.083152,0.94733,0.30927), 0.1729, 0.1592, 0.15586, (gDx*56,gDy*0,gDz*0)),rgb(1,0.46875,0));
		draw(
			ellipsoid( (0.41214,0.24966,-0.87625), (0.763,0.43106,0.48169), (-0.49797,0.8671,0.01283), 0.21522, 0.2289, 0.23572, (gDx*57,gDy*0,gDz*0)),rgb(1,0.375,0));
		draw(
			ellipsoid( (0.26965,-0.83432,-0.48082), (-0.86602,0.008233,-0.49995), (-0.42108,-0.55121,0.72032), 0.27255, 0.30604, 0.2936, (gDx*0,gDy*1,gDz*0)),rgb(1,0.46875,0));
		draw(
			ellipsoid( (0.82586,0.40965,-0.38747), (0.56345,-0.62611,0.53899), (0.021801,0.66346,0.7479), 0.21533, 0.18385, 0.17431, (gDx*1,gDy*1,gDz*0)),rgb(1,0.75,0));
		draw(
			ellipsoid( (-0.68904,-0.51188,0.51304), (-0.52885,0.83916,0.127), (0.49553,0.18382,0.84892), 0.21149, 0.16158, 0.14304, (gDx*2,gDy*1,gDz*0)),rgb(0.6875,1,0));
		draw(
			ellipsoid( (-0.62445,-0.60338,0.49598), (-0.72598,0.68262,-0.08359), (0.28813,0.41227,0.8643), 0.20007, 0.14197, 0.1232, (gDx*3,gDy*1,gDz*0)),rgb(0.5,1,0));
		draw(
			ellipsoid( (0.6178,0.5965,-0.51235), (0.77543,-0.57029,0.27107), (0.13049,0.56476,0.81487), 0.19144, 0.15851, 0.14427, (gDx*4,gDy*1,gDz*0)),rgb(0.96875,1,0));
		draw(
			ellipsoid( (0.75321,0.48153,-0.44811), (0.65151,-0.4523,0.60906), (-0.0906,0.7507,0.6544), 0.18967, 0.17305, 0.16267, (gDx*5,gDy*1,gDz*0)),rgb(1,0.5625,0));
		draw(
			ellipsoid( (0.77033,0.42724,-0.47335), (0.6351,-0.44788,0.62932), (-0.056868,0.78541,0.61636), 0.18765, 0.14966, 0.14493, (gDx*6,gDy*1,gDz*0)),rgb(1,0.9375,0));
		draw(
			ellipsoid( (0.70966,0.52494,-0.46993), (0.63303,-0.76787,0.098211), (0.30929,0.36718,0.87722), 0.21494, 0.10705, 0.094385, (gDx*7,gDy*1,gDz*0)),rgb(0,1,0.25));
		draw(
			ellipsoid( (0.69325,0.48872,-0.52967), (0.68769,-0.66843,0.28332), (0.21558,0.56066,0.79949), 0.24891, 0.089783, 0.068697, (gDx*8,gDy*1,gDz*0)),rgb(0,1,0.90625));
		draw(
			ellipsoid( (-0.65457,-0.46312,0.59754), (-0.66598,0.72731,-0.16584), (0.35779,0.5065,0.7845), 0.24634, 0.095294, 0.076469, (gDx*9,gDy*1,gDz*0)),rgb(0,1,0.71875));
		draw(
			ellipsoid( (-0.60147,-0.47246,0.64422), (-0.62797,-0.21888,-0.74683), (-0.49385,0.85374,0.16504), 0.25371, 0.08224, 0.11209, (gDx*10,gDy*1,gDz*0)),rgb(0,1,0.625));
		draw(
			ellipsoid( (-0.5796,-0.57483,0.57761), (-0.63253,-0.12954,-0.76363), (-0.51378,0.80795,0.28852), 0.23328, 0.083856, 0.11528, (gDx*11,gDy*1,gDz*0)),rgb(0,1,0.53125));
		draw(
			ellipsoid( (-0.63889,-0.67727,0.36486), (-0.56952,0.73524,0.36751), (0.51717,-0.027004,0.85546), 0.20114, 0.13935, 0.10308, (gDx*12,gDy*1,gDz*0)),rgb(0.125,1,0));
		draw(
			ellipsoid( (0.62257,0.78255,-0.0036659), (0.76081,-0.60636,-0.23127), (0.18321,-0.1412,0.97288), 0.17851, 0.15875, 0.11337, (gDx*13,gDy*1,gDz*0)),rgb(0.5,1,0));
		draw(
			ellipsoid( (0.42693,-0.90371,0.032125), (-0.89729,-0.42777,-0.10905), (-0.11229,-0.017732,0.99352), 0.17147, 0.14268, 0.11889, (gDx*14,gDy*1,gDz*0)),rgb(0.78125,1,0));
		draw(
			ellipsoid( (0.5689,-0.79619,0.20601), (-0.78556,-0.45194,0.42266), (0.24341,0.40228,0.88256), 0.19635, 0.11779, 0.1333, (gDx*15,gDy*1,gDz*0)),rgb(0.40625,1,0));
		draw(
			ellipsoid( (0.62588,-0.74109,0.24304), (-0.7791,-0.57973,0.23858), (0.035907,0.33867,0.94022), 0.22261, 0.097824, 0.13637, (gDx*16,gDy*1,gDz*0)),rgb(0,1,0.15625));
		draw(
			ellipsoid( (0.66299,-0.71804,0.21182), (-0.73329,-0.67985,-0.0094455), (-0.15079,0.14906,0.97726), 0.24788, 0.080772, 0.12664, (gDx*17,gDy*1,gDz*0)),rgb(0,1,0.625));
		draw(
			ellipsoid( (-0.69633,0.68221,-0.22295), (0.6031,0.72459,0.33353), (-0.38909,-0.097784,0.916), 0.27124, 0.083814, 0.12031, (gDx*18,gDy*1,gDz*0)),rgb(0,1,0.71875));
		draw(
			ellipsoid( (-0.79354,0.55594,-0.24744), (0.45803,0.27796,-0.84436), (0.40063,0.78337,0.47521), 0.23304, 0.13604, 0.11037, (gDx*19,gDy*1,gDz*0)),rgb(0,1,0.0625));
		draw(
			ellipsoid( (0.84192,-0.44728,0.30186), (-0.53369,-0.60766,0.58815), (0.079642,0.65628,0.75031), 0.19915, 0.12091, 0.1145, (gDx*20,gDy*1,gDz*0)),rgb(0.21875,1,0));
		draw(
			ellipsoid( (-0.91545,0.24329,-0.32056), (0.27545,0.95954,-0.058377), (-0.29339,0.14174,0.94543), 0.21752, 0.14123, 0.11078, (gDx*21,gDy*1,gDz*0)),rgb(0.03125,1,0));
		draw(
			ellipsoid( (0.94466,0.1331,0.29985), (0.32462,-0.24723,-0.91296), (0.047384,-0.95977,0.27675), 0.2104, 0.11785, 0.14857, (gDx*22,gDy*1,gDz*0)),rgb(0.3125,1,0));
		draw(
			ellipsoid( (0.92906,0.24115,0.28053), (0.34399,-0.84212,-0.41534), (-0.13608,-0.48237,0.86533), 0.19043, 0.13629, 0.1392, (gDx*23,gDy*1,gDz*0)),rgb(0.78125,1,0));
		draw(
			ellipsoid( (0.98938,0.10919,-0.095938), (0.13487,-0.93575,0.32586), (0.054194,0.33534,0.94054), 0.15722, 0.10662, 0.12456, (gDx*24,gDy*1,gDz*0)),rgb(0.6875,1,0));
		draw(
			ellipsoid( (0.96434,0.042869,-0.26115), (0.20332,0.51167,0.83478), (-0.16941,0.85811,-0.48471), 0.21114, 0.18112, 0.17627, (gDx*25,gDy*1,gDz*0)),rgb(1,0.75,0));
		draw(
			ellipsoid( (0.15915,0.52248,-0.83767), (0.95596,-0.29348,-0.0014354), (0.24659,0.80055,0.54618), 0.4425, 0.40914, 0.42223, (gDx*26,gDy*1,gDz*0)),rgb(1,0.28125,0));
		draw(
			ellipsoid( (-0.96028,0.279,-0.003884), (0.26362,0.90264,-0.34021), (0.091412,0.32773,0.94034), 0.5048, 0.55375, 0.62285, (gDx*27,gDy*1,gDz*0)),rgb(1,0.75,0));
		draw(
			ellipsoid( (-0.61098,0.51773,0.59889), (0.71928,0.67904,0.14678), (0.33067,-0.52045,0.78727), 0.29186, 0.26198, 0.25504, (gDx*28,gDy*1,gDz*0)),rgb(1,0.5625,0));
		draw(
			ellipsoid( (0.77983,-0.45348,-0.43154), (-0.57734,-0.78748,-0.21578), (0.24198,-0.41742,0.87591), 0.18902, 0.13394, 0.13183, (gDx*29,gDy*1,gDz*0)),rgb(0.6875,1,0));
		draw(
			ellipsoid( (0.7428,-0.56634,-0.35707), (-0.6371,-0.43398,-0.637), (-0.2058,-0.70066,0.68317), 0.19867, 0.16259, 0.15409, (gDx*30,gDy*1,gDz*0)),rgb(1,0.9375,0));
		draw(
			ellipsoid( (0.40402,-0.82579,-0.39349), (-0.90618,-0.30259,-0.29542), (-0.12489,-0.47593,0.87057), 0.19865, 0.18578, 0.16223, (gDx*31,gDy*1,gDz*0)),rgb(1,0.75,0));
		draw(
			ellipsoid( (-0.10585,-0.66807,0.73653), (-0.99425,0.058897,-0.089469), (-0.016392,0.74176,0.67046), 0.23643, 0.25087, 0.26672, (gDx*32,gDy*1,gDz*0)),rgb(1,0.46875,0));
		draw(
			ellipsoid( (-0.47779,0.61798,0.62436), (0.79429,0.00028556,0.60754), (-0.37527,-0.78619,0.49099), 0.26896, 0.25832, 0.24906, (gDx*33,gDy*1,gDz*0)),rgb(1,0.28125,0));
		draw(
			ellipsoid( (-0.17712,0.22199,-0.95883), (0.97073,0.19997,-0.13302), (-0.1622,0.95432,0.25091), 0.15543, 0.17943, 0.17608, (gDx*34,gDy*1,gDz*0)),rgb(1,0.5625,0));
		draw(
			ellipsoid( (0.60588,0.75925,-0.23758), (0.78575,-0.52437,0.32806), (-0.1245,0.38545,0.91429), 0.20138, 0.10588, 0.13065, (gDx*35,gDy*1,gDz*0)),rgb(0.125,1,0));
		draw(
			ellipsoid( (0.49489,0.77937,-0.38428), (0.86746,-0.46909,0.16577), (0.051066,0.41538,0.90821), 0.2743, 0.064487, 0.10463, (gDx*36,gDy*1,gDz*0)),rgb(0,1,1));
		draw(
			ellipsoid( (0.51758,0.74725,-0.41681), (0.82709,-0.56171,0.020013), (0.21917,0.3551,0.90877), 0.25594, 0.077506, 0.11565, (gDx*37,gDy*1,gDz*0)),rgb(0,1,0.71875));
		draw(
			ellipsoid( (-0.57464,-0.6751,0.46263), (-0.65922,0.71681,0.22719), (0.48499,0.17443,0.85695), 0.23432, 0.050305, 0.14043, (gDx*38,gDy*1,gDz*0)),rgb(0,0.90625,1));
		draw(
			ellipsoid( (-0.5219,0.7856,0.33234), (0.85069,0.45065,0.27064), (-0.06285,-0.42396,0.9035), 0.060957, 0.16724, 0.21238, (gDx*39,gDy*1,gDz*0)),rgb(0,1,0.8125));
		draw(
			ellipsoid( (-0.30133,0.3325,-0.89367), (-0.83447,-0.54544,0.07843), (0.46137,-0.76937,-0.44182), 0.24114, 0.12238, 0.063549, (gDx*40,gDy*1,gDz*0)),rgb(0,1,0.90625));
		draw(
			ellipsoid( (-0.23394,0.46662,-0.85296), (-0.90235,-0.43085,0.011786), (0.362,-0.77242,-0.52184), 0.23265, 0.13201, 0.089194, (gDx*41,gDy*1,gDz*0)),rgb(0,1,0.4375));
		draw(
			ellipsoid( (0.17355,-0.53836,0.82465), (-0.9782,0.0027485,0.20766), (0.11406,0.84271,0.52615), 0.21416, 0.13904, 0.10908, (gDx*42,gDy*1,gDz*0)),rgb(0.03125,1,0));
		draw(
			ellipsoid( (-0.44725,0.67938,-0.58173), (0.61482,0.70591,0.35169), (-0.64958,0.20037,0.73341), 0.2027, 0.088976, 0.14101, (gDx*43,gDy*1,gDz*0)),rgb(0,1,0.15625));
		draw(
			ellipsoid( (-0.61285,0.76114,-0.21233), (0.71774,0.64858,0.25336), (-0.33055,-0.0028767,0.94378), 0.22413, 0.081536, 0.13652, (gDx*44,gDy*1,gDz*0)),rgb(0,1,0.4375));
		draw(
			ellipsoid( (0.60361,-0.79273,0.085071), (-0.79222,-0.60836,-0.047842), (-0.089679,0.038517,0.99523), 0.18692, 0.13627, 0.14908, (gDx*45,gDy*1,gDz*0)),rgb(0.875,1,0));
		draw(
			ellipsoid( (-0.37543,0.88574,0.27296), (0.76341,0.46252,-0.45087), (0.52561,-0.039111,0.84983), 0.26882, 0.24047, 0.24555, (gDx*46,gDy*1,gDz*0)),rgb(1,0.46875,0));
		draw(
			ellipsoid( (-0.71707,0.46404,0.52007), (0.52213,-0.13665,0.84185), (-0.46172,-0.87521,0.1443), 0.25116, 0.24389, 0.24176, (gDx*47,gDy*1,gDz*0)),rgb(1,0.1875,0));
		draw(
			ellipsoid( (-0.2772,-0.76812,-0.57719), (-0.91954,0.38626,-0.072427), (-0.27858,-0.51067,0.81339), 0.1471, 0.17218, 0.17815, (gDx*48,gDy*1,gDz*0)),rgb(1,0.75,0));
		draw(
			ellipsoid( (0.4846,0.69107,0.53627), (0.80419,-0.59317,0.03769), (-0.34415,-0.413,0.8432), 0.10761, 0.13765, 0.15156, (gDx*49,gDy*1,gDz*0)),rgb(0.78125,1,0));
		draw(
			ellipsoid( (-0.19385,-0.68489,-0.70239), (-0.98008,0.10373,0.16934), (0.043121,-0.72122,0.69136), 0.1364, 0.15558, 0.17641, (gDx*50,gDy*1,gDz*0)),rgb(1,0.9375,0));
		draw(
			ellipsoid( (-0.12179,0.67658,-0.72623), (0.94626,0.3,0.12079), (-0.29959,0.67249,0.67676), 0.20079, 0.14148, 0.12331, (gDx*51,gDy*1,gDz*0)),rgb(0.40625,1,0));
		draw(
			ellipsoid( (-0.11114,0.57947,-0.80738), (-0.74714,-0.58442,-0.31661), (0.65531,-0.56803,-0.4979), 0.24143, 0.14059, 0.11907, (gDx*52,gDy*1,gDz*0)),rgb(0,1,0.0625));
		draw(
			ellipsoid( (-0.17938,0.50538,-0.84405), (0.88033,0.46544,0.091599), (-0.43915,0.72661,0.52839), 0.19985, 0.14144, 0.13188, (gDx*53,gDy*1,gDz*0)),rgb(0.59375,1,0));
		draw(
			ellipsoid( (-0.41598,0.38123,-0.82561), (0.84833,0.48971,-0.2013), (-0.32757,0.78412,0.52712), 0.17833, 0.15201, 0.1444, (gDx*54,gDy*1,gDz*0)),rgb(1,0.75,0));
		draw(
			ellipsoid( (-0.47031,0.33499,-0.81645), (0.81659,0.51602,-0.25867), (-0.33466,0.78836,0.51623), 0.16887, 0.14274, 0.1358, (gDx*55,gDy*1,gDz*0)),rgb(1,0.84375,0));
		draw(
			ellipsoid( (-0.45387,0.23426,-0.85972), (0.80019,0.53165,-0.27758), (-0.39205,0.81392,0.42875), 0.14092, 0.11661, 0.11006, (gDx*56,gDy*1,gDz*0)),rgb(1,0.9375,0));
		draw(
			ellipsoid( (0.68118,0.24292,-0.69064), (0.61527,-0.70121,0.3602), (0.39679,0.67029,0.62711), 0.23316, 0.24791, 0.2442, (gDx*57,gDy*1,gDz*0)),rgb(1,0.28125,0));
		draw(
			ellipsoid( (0.16546,0.81259,0.55886), (0.9847,-0.16758,-0.047874), (-0.054751,-0.55823,0.82788), 0.37588, 0.354, 0.34233, (gDx*58,gDy*1,gDz*0)),rgb(1,0.375,0));
		draw(
			ellipsoid( (0.20643,-0.59112,-0.77972), (-0.94603,-0.32404,-0.0048027), (0.24982,-0.73864,0.6261), 0.13263, 0.16756, 0.15491, (gDx*0,gDy*2,gDz*0)),rgb(1,0.84375,0));
		draw(
			ellipsoid( (0.74934,0.44082,-0.49413), (0.6497,-0.63362,0.42001), (0.12794,0.63577,0.7612), 0.19115, 0.14321, 0.1288, (gDx*1,gDy*2,gDz*0)),rgb(0.6875,1,0));
		draw(
			ellipsoid( (-0.73187,-0.43342,0.52585), (-0.592,0.78656,-0.17563), (0.3375,0.43985,0.83225), 0.21698, 0.12529, 0.11533, (gDx*2,gDy*2,gDz*0)),rgb(0.03125,1,0));
		draw(
			ellipsoid( (-0.73311,-0.47675,0.48503), (-0.56509,0.030162,-0.82448), (-0.37844,0.87852,0.29152), 0.21538, 0.12466, 0.12684, (gDx*3,gDy*2,gDz*0)),rgb(0.21875,1,0));
		draw(
			ellipsoid( (-0.74315,-0.43907,0.50493), (-0.57139,0.023723,-0.82034), (-0.34821,0.89814,0.26851), 0.19169, 0.14445, 0.13534, (gDx*4,gDy*2,gDz*0)),rgb(0.78125,1,0));
		draw(
			ellipsoid( (0.7374,0.38901,-0.55218), (0.66891,-0.53407,0.51704), (0.093774,0.75063,0.65404), 0.17795, 0.15352, 0.14165, (gDx*5,gDy*2,gDz*0)),rgb(1,0.84375,0));
		draw(
			ellipsoid( (-0.74511,-0.28348,0.6037), (-0.46837,0.86682,-0.17105), (0.47481,0.4102,0.77864), 0.18444, 0.15465, 0.13491, (gDx*6,gDy*2,gDz*0)),rgb(0.96875,1,0));
		draw(
			ellipsoid( (-0.69617,-0.4231,0.57994), (-0.56985,0.81702,-0.087989), (0.43659,0.39173,0.8099), 0.21569, 0.14012, 0.093989, (gDx*7,gDy*2,gDz*0)),rgb(0,1,0.15625));
		draw(
			ellipsoid( (-0.66179,-0.51293,0.54674), (-0.67378,0.72672,-0.13377), (0.32872,0.45691,0.82654), 0.2718, 0.12303, 0.085936, (gDx*8,gDy*2,gDz*0)),rgb(0,1,0.71875));
		draw(
			ellipsoid( (0.58885,0.5307,-0.6096), (0.80633,-0.3339,0.4882), (-0.055541,0.77902,0.62454), 0.26474, 0.11475, 0.09428, (gDx*9,gDy*2,gDz*0)),rgb(0,1,0.625));
		draw(
			ellipsoid( (0.56679,0.46223,-0.68197), (0.82384,-0.31181,0.47336), (-0.006158,0.83013,0.55753), 0.26774, 0.11207, 0.098007, (gDx*10,gDy*2,gDz*0)),rgb(0,1,0.53125));
		draw(
			ellipsoid( (-0.61576,-0.45943,0.64013), (-0.6892,-0.07971,-0.72017), (-0.3819,0.88463,0.26756), 0.24012, 0.11744, 0.10836, (gDx*11,gDy*2,gDz*0)),rgb(0,1,0.25));
		draw(
			ellipsoid( (-0.66962,-0.44862,0.5919), (-0.58795,-0.16675,-0.79153), (-0.45379,0.87803,0.1521), 0.21699, 0.14114, 0.11683, (gDx*12,gDy*2,gDz*0)),rgb(0.125,1,0));
		draw(
			ellipsoid( (-0.62998,-0.47659,0.61318), (-0.64056,-0.12755,-0.75724), (-0.4391,0.86983,0.22493), 0.17828, 0.15282, 0.12881, (gDx*13,gDy*2,gDz*0)),rgb(0.875,1,0));
		draw(
			ellipsoid( (0.36936,-0.4213,0.8283), (-0.91726,-0.022325,0.39767), (0.14905,0.90664,0.39469), 0.17394, 0.13862, 0.14874, (gDx*14,gDy*2,gDz*0)),rgb(1,0.84375,0));
		draw(
			ellipsoid( (-0.87748,-0.4187,0.23391), (-0.46984,0.65248,-0.59458), (-0.09633,0.63163,0.76926), 0.11242, 0.20327, 0.15651, (gDx*15,gDy*2,gDz*0)),rgb(0.21875,1,0));
		draw(
			ellipsoid( (-0.88209,-0.45807,0.10993), (-0.46302,0.80006,-0.38147), (-0.086786,0.38739,0.91782), 0.096172, 0.21541, 0.1563, (gDx*16,gDy*2,gDz*0)),rgb(0,1,0.15625));
		draw(
			ellipsoid( (0.54246,-0.81966,0.18409), (-0.82429,-0.56161,-0.071638), (-0.16211,0.11288,0.9803), 0.22631, 0.094131, 0.14677, (gDx*17,gDy*2,gDz*0)),rgb(0,1,0.25));
		draw(
			ellipsoid( (-0.68333,0.69962,-0.2088), (0.65058,0.71326,0.26078), (-0.33138,-0.042351,0.94255), 0.20822, 0.11205, 0.13859, (gDx*18,gDy*2,gDz*0)),rgb(0.21875,1,0));
		draw(
			ellipsoid( (-0.80909,0.55409,-0.19586), (0.55168,0.83096,0.071833), (-0.20255,0.049931,0.978), 0.18357, 0.1325, 0.14248, (gDx*19,gDy*2,gDz*0)),rgb(0.875,1,0));
		draw(
			ellipsoid( (0.93085,-0.15626,0.33031), (-0.34822,-0.65333,0.67224), (-0.11076,0.74077,0.66256), 0.16227, 0.12923, 0.14729, (gDx*20,gDy*2,gDz*0)),rgb(1,0.84375,0));
		draw(
			ellipsoid( (0.94778,-0.15289,0.27988), (-0.31338,-0.28371,0.90626), (0.059152,0.94664,0.31681), 0.17694, 0.13837, 0.15419, (gDx*21,gDy*2,gDz*0)),rgb(1,0.84375,0));
		draw(
			ellipsoid( (0.95772,0.060403,0.2813), (0.27886,0.045778,-0.95924), (0.070819,-0.99712,-0.026998), 0.17787, 0.14436, 0.15671, (gDx*22,gDy*2,gDz*0)),rgb(1,0.75,0));
		draw(
			ellipsoid( (-0.89617,-0.40176,-0.18833), (-0.31186,0.26838,0.91144), (0.31563,-0.87553,0.36581), 0.17926, 0.15061, 0.16159, (gDx*23,gDy*2,gDz*0)),rgb(1,0.65625,0));
		draw(
			ellipsoid( (0.9845,0.17379,-0.023656), (0.12876,-0.80771,-0.57535), (0.1191,-0.56338,0.81757), 0.16872, 0.14922, 0.14471, (gDx*24,gDy*2,gDz*0)),rgb(1,0.5625,0));
		draw(
			ellipsoid( (0.98603,-0.14022,-0.089923), (-0.16652,-0.81577,-0.55389), (-0.0043096,-0.56112,0.82772), 0.21591, 0.20263, 0.19566, (gDx*25,gDy*2,gDz*0)),rgb(1,0.375,0));
		draw(
			ellipsoid( (0.58183,0.2751,-0.76537), (0.66661,0.37782,0.64256), (-0.46594,0.88407,-0.036438), 0.37515, 0.39266, 0.3873, (gDx*26,gDy*2,gDz*0)),rgb(1,0.1875,0));
		draw(
			ellipsoid( (0.83758,-0.49007,-0.24144), (-0.37758,-0.19989,-0.90415), (-0.39483,-0.84846,0.35246), 0.4742, 0.57107, 0.52816, (gDx*27,gDy*2,gDz*0)),rgb(1,0.65625,0));
		draw(
			ellipsoid( (0.23916,0.66003,0.71216), (0.94363,0.014873,-0.33067), (0.22884,-0.75109,0.61926), 0.35682, 0.32995, 0.32668, (gDx*28,gDy*2,gDz*0)),rgb(1,0.375,0));
		draw(
			ellipsoid( (0.41231,-0.77048,-0.48617), (-0.91059,-0.33171,-0.24655), (-0.028693,-0.54436,0.83836), 0.1949, 0.18184, 0.17366, (gDx*29,gDy*2,gDz*0)),rgb(1,0.46875,0));
		draw(
			ellipsoid( (0.29406,-0.83978,-0.45639), (-0.95503,-0.23909,-0.17538), (-0.038162,-0.48744,0.87232), 0.23069, 0.20942, 0.20433, (gDx*30,gDy*2,gDz*0)),rgb(1,0.46875,0));
		draw(
			ellipsoid( (0.18297,0.90492,0.38425), (0.98244,-0.18287,-0.037134), (-0.036665,-0.38429,0.92248), 0.25698, 0.23989, 0.23329, (gDx*31,gDy*2,gDz*0)),rgb(1,0.375,0));
		draw(
			ellipsoid( (-0.023949,0.31907,-0.94743), (0.99872,-0.034532,-0.036875), (0.044483,0.9471,0.31783), 0.21846, 0.23496, 0.24376, (gDx*32,gDy*2,gDz*0)),rgb(1,0.46875,0));
		draw(
			ellipsoid( (0.2356,0.94056,0.24463), (0.97184,-0.22921,-0.054682), (-0.0046395,-0.25062,0.96807), 0.27834, 0.2686, 0.24576, (gDx*33,gDy*2,gDz*0)),rgb(1,0.46875,0));
		draw(
			ellipsoid( (0.92275,-0.38527,0.010068), (-0.3854,-0.92253,0.02025), (-0.0014862,0.022566,0.99974), 0.19925, 0.19478, 0.18167, (gDx*34,gDy*2,gDz*0)),rgb(1,0.375,0));
		draw(
			ellipsoid( (0.66212,0.12882,0.73825), (-0.63477,0.62002,0.46112), (0.39833,0.77394,-0.4923), 0.11434, 0.14858, 0.17888, (gDx*35,gDy*2,gDz*0)),rgb(0.59375,1,0));
		draw(
			ellipsoid( (-0.35411,-0.77881,0.51775), (-0.80212,-0.031716,-0.59632), (-0.48084,0.62646,0.61347), 0.25476, 0.070706, 0.11, (gDx*36,gDy*2,gDz*0)),rgb(0,1,0.8125));
		draw(
			ellipsoid( (0.49404,0.72249,-0.48367), (0.84678,-0.52602,0.079192), (0.1972,0.44868,0.87166), 0.26598, 0.090783, 0.1109, (gDx*37,gDy*2,gDz*0)),rgb(0,1,0.625));
		draw(
			ellipsoid( (-0.46159,-0.71316,0.52758), (-0.77682,0.61214,0.1478), (0.42835,0.34161,0.83655), 0.26152, 0.07147, 0.1278, (gDx*38,gDy*2,gDz*0)),rgb(0,1,0.8125));
		draw(
			ellipsoid( (0.72466,-0.64003,-0.25538), (-0.63636,-0.47935,-0.60437), (-0.2644,-0.60048,0.75466), 0.073673, 0.14908, 0.23193, (gDx*39,gDy*2,gDz*0)),rgb(0,1,0.625));
		draw(
			ellipsoid( (-0.5965,0.70419,0.3851), (0.8026,0.52103,0.29045), (-0.0038855,-0.48234,0.87598), 0.075493, 0.13493, 0.24912, (gDx*40,gDy*2,gDz*0)),rgb(0,1,0.71875));
		draw(
			ellipsoid( (-0.43514,0.76181,0.4799), (0.89959,0.38998,0.19661), (0.037375,-0.51727,0.85501), 0.08361, 0.12318, 0.27619, (gDx*41,gDy*2,gDz*0)),rgb(0,1,0.71875));
		draw(
			ellipsoid( (0.13296,-0.54073,0.83062), (-0.99067,-0.097836,0.09489), (-0.029955,0.83549,0.54869), 0.27983, 0.10008, 0.076928, (gDx*42,gDy*2,gDz*0)),rgb(0,1,0.90625));
		draw(
			ellipsoid( (-0.24506,0.63521,-0.73243), (0.71754,0.62687,0.30359), (-0.65198,0.45115,0.60941), 0.24923, 0.090379, 0.13715, (gDx*43,gDy*2,gDz*0)),rgb(0,1,0.4375));
		draw(
			ellipsoid( (-0.4946,0.7315,-0.46934), (0.79884,0.59536,0.086061), (-0.34238,0.33236,0.87882), 0.15283, 0.094821, 0.12013, (gDx*44,gDy*2,gDz*0)),rgb(0.5,1,0));
		draw(
			ellipsoid( (-0.38147,0.90985,-0.16325), (0.78964,0.22892,-0.56927), (0.48058,0.34606,0.80578), 0.23465, 0.20886, 0.2182, (gDx*45,gDy*2,gDz*0)),rgb(1,0.46875,0));
		draw(
			ellipsoid( (0.2698,-0.96236,-0.032802), (-0.9518,-0.26137,-0.16049), (-0.14588,-0.074522,0.98649), 0.29898, 0.27417, 0.2836, (gDx*46,gDy*2,gDz*0)),rgb(1,0.375,0));
		draw(
			ellipsoid( (-0.70937,-0.63962,-0.29611), (-0.70092,0.68436,0.20089), (-0.074152,-0.35006,0.93379), 0.19372, 0.2014, 0.19894, (gDx*47,gDy*2,gDz*0)),rgb(1,0.1875,0));
		draw(
			ellipsoid( (-0.20888,-0.97645,0.053955), (-0.97659,0.20538,-0.063944), (-0.051357,0.066049,0.99649), 0.13419, 0.15818, 0.14848, (gDx*48,gDy*2,gDz*0)),rgb(1,0.65625,0));
		draw(
			ellipsoid( (0.49331,0.86732,-0.066367), (0.72337,-0.45142,-0.52244), (0.48308,-0.20972,0.85009), 0.15553, 0.16839, 0.16514, (gDx*49,gDy*2,gDz*0)),rgb(1,0.28125,0));
		draw(
			ellipsoid( (-0.59695,0.55079,-0.58334), (0.68667,-0.025254,-0.72653), (0.4149,0.83426,0.36314), 0.1634, 0.15553, 0.15356, (gDx*50,gDy*2,gDz*0)),rgb(1,0.28125,0));
		draw(
			ellipsoid( (-0.32323,0.46577,-0.82376), (0.67289,-0.49894,-0.54614), (0.66538,0.73083,0.15214), 0.191, 0.12892, 0.13202, (gDx*51,gDy*2,gDz*0)),rgb(0.59375,1,0));
		draw(
			ellipsoid( (0.22694,-0.45523,0.86097), (-0.97331,-0.13704,0.18409), (-0.034182,0.87976,0.47418), 0.25201, 0.10569, 0.11954, (gDx*52,gDy*2,gDz*0)),rgb(0,1,0.34375));
		draw(
			ellipsoid( (-0.20945,0.42338,-0.88141), (0.90368,-0.26049,-0.33987), (0.37349,0.8677,0.32804), 0.21299, 0.12171, 0.12925, (gDx*53,gDy*2,gDz*0)),rgb(0.21875,1,0));
		draw(
			ellipsoid( (-0.398,0.29766,-0.86775), (0.68135,0.7293,-0.062343), (-0.61429,0.61606,0.49307), 0.1857, 0.15577, 0.15199, (gDx*54,gDy*2,gDz*0)),rgb(1,0.75,0));
		draw(
			ellipsoid( (-0.41163,0.30105,-0.86019), (0.68354,0.72626,-0.072925), (-0.60277,0.61799,0.50473), 0.19267, 0.16366, 0.16052, (gDx*55,gDy*2,gDz*0)),rgb(1,0.75,0));
		draw(
			ellipsoid( (0.31724,-0.21877,0.92277), (-0.94332,0.027204,0.33076), (0.097464,0.9754,0.19774), 0.1872, 0.15354, 0.15519, (gDx*56,gDy*2,gDz*0)),rgb(1,0.84375,0));
		draw(
			ellipsoid( (0.82092,0.36264,-0.44111), (0.54528,-0.2684,0.79412), (-0.16959,0.89244,0.41808), 0.24453, 0.26234, 0.25443, (gDx*57,gDy*2,gDz*0)),rgb(1,0.28125,0));
		draw(
			ellipsoid( (0.25199,0.70543,0.66247), (0.96626,-0.22107,-0.13215), (-0.053228,-0.67342,0.73734), 0.39503, 0.3801, 0.36846, (gDx*58,gDy*2,gDz*0)),rgb(1,0.28125,0));
		draw(
			ellipsoid( (0.44385,-0.66303,0.60282), (-0.84591,-0.088033,0.52601), (0.29569,0.7434,0.59993), 0.42797, 0.51935, 0.57039, (gDx*59,gDy*2,gDz*0)),rgb(0.96875,1,0));
		draw(
			ellipsoid( (0.67985,0.51685,-0.52027), (0.7317,-0.52563,0.43396), (0.049179,0.67571,0.73553), 0.20033, 0.15989, 0.13392, (gDx*0,gDy*3,gDz*0)),rgb(0.6875,1,0));
		draw(
			ellipsoid( (0.72339,0.36736,-0.58459), (0.63805,-0.67922,0.36271), (0.26382,0.63538,0.72573), 0.2011, 0.13631, 0.1186, (gDx*1,gDy*3,gDz*0)),rgb(0.3125,1,0));
		draw(
			ellipsoid( (-0.7593,-0.29205,0.58152), (-0.55361,0.7596,-0.34136), (0.34203,0.58113,0.73845), 0.19651, 0.1299, 0.11817, (gDx*2,gDy*3,gDz*0)),rgb(0.40625,1,0));
		draw(
			ellipsoid( (-0.78803,-0.34379,0.5107), (-0.50839,0.83124,-0.2249), (0.34719,0.43687,0.82982), 0.18999, 0.13317, 0.14168, (gDx*3,gDy*3,gDz*0)),rgb(0.78125,1,0));
		draw(
			ellipsoid( (-0.76724,-0.31877,0.55653), (-0.49333,-0.26118,-0.82971), (-0.40984,0.91114,-0.043133), 0.19395, 0.13707, 0.11352, (gDx*4,gDy*3,gDz*0)),rgb(0.40625,1,0));
		draw(
			ellipsoid( (0.7342,0.28471,-0.61636), (0.67521,-0.21121,0.70674), (-0.071029,0.93506,0.34731), 0.20635, 0.13013, 0.11124, (gDx*5,gDy*3,gDz*0)),rgb(0.125,1,0));
		draw(
			ellipsoid( (-0.73205,-0.27341,0.62398), (-0.55722,0.76724,-0.31755), (0.39192,0.58016,0.71401), 0.2129, 0.13833, 0.11505, (gDx*6,gDy*3,gDz*0)),rgb(0.21875,1,0));
		draw(
			ellipsoid( (-0.74344,-0.25742,0.61727), (-0.50025,0.82662,-0.25778), (0.44389,0.50044,0.74332), 0.20994, 0.14819, 0.11265, (gDx*7,gDy*3,gDz*0)),rgb(0.21875,1,0));
		draw(
			ellipsoid( (-0.72844,-0.30817,0.61189), (-0.54639,0.80012,-0.2475), (0.41332,0.51462,0.75122), 0.1887, 0.14153, 0.1216, (gDx*8,gDy*3,gDz*0)),rgb(0.59375,1,0));
		draw(
			ellipsoid( (0.55899,0.47963,-0.67637), (0.82916,-0.32718,0.45326), (0.0038933,0.81419,0.58058), 0.19369, 0.13511, 0.12597, (gDx*9,gDy*3,gDz*0)),rgb(0.5,1,0));
		draw(
			ellipsoid( (-0.49014,-0.49416,0.71803), (-0.81409,-0.034848,-0.57969), (-0.31148,0.86867,0.38521), 0.21336, 0.13367, 0.11428, (gDx*10,gDy*3,gDz*0)),rgb(0.125,1,0));
		draw(
			ellipsoid( (-0.51429,-0.51482,0.68591), (-0.74745,-0.12308,-0.65281), (-0.4205,0.84842,0.32151), 0.22661, 0.13505, 0.10833, (gDx*11,gDy*3,gDz*0)),rgb(0,1,0.0625));
		draw(
			ellipsoid( (-0.42623,-0.58369,0.69111), (-0.81867,-0.076117,-0.5692), (-0.38484,0.8084,0.44541), 0.23469, 0.13697, 0.092872, (gDx*12,gDy*3,gDz*0)),rgb(0,1,0.34375));
		draw(
			ellipsoid( (-0.57099,0.6942,0.43825), (0.81036,0.3911,0.4363), (-0.13148,-0.60426,0.78586), 0.10613, 0.1416, 0.21713, (gDx*13,gDy*3,gDz*0)),rgb(0.03125,1,0));
		draw(
			ellipsoid( (-0.1911,0.50573,-0.84126), (-0.91628,0.21545,0.33766), (-0.35201,-0.83535,-0.42222), 0.20936, 0.12026, 0.15226, (gDx*14,gDy*3,gDz*0)),rgb(0.3125,1,0));
		draw(
			ellipsoid( (0.30423,-0.52727,0.79337), (-0.95248,-0.18162,0.24453), (-0.015162,0.83006,0.55746), 0.22651, 0.10438, 0.15612, (gDx*15,gDy*3,gDz*0)),rgb(0,1,0.0625));
		draw(
			ellipsoid( (-0.9684,-0.21361,0.12875), (-0.24734,0.75595,-0.60611), (-0.032141,0.6188,0.78489), 0.092642, 0.22755, 0.17959, (gDx*16,gDy*3,gDz*0)),rgb(0,1,0.34375));
		draw(
			ellipsoid( (-0.93666,-0.34763,0.042678), (-0.34863,0.93708,-0.018565), (0.033539,0.032267,0.99892), 0.1154, 0.20561, 0.15836, (gDx*17,gDy*3,gDz*0)),rgb(0.3125,1,0));
		draw(
			ellipsoid( (0.61476,-0.74794,0.25032), (-0.7754,-0.6312,0.018317), (-0.1443,0.20536,0.96799), 0.18682, 0.1485, 0.16414, (gDx*18,gDy*3,gDz*0)),rgb(1,0.84375,0));
		draw(
			ellipsoid( (-0.7248,0.68136,-0.10201), (0.66879,0.66027,-0.34172), (0.16548,0.3159,0.93425), 0.18232, 0.15765, 0.1675, (gDx*19,gDy*3,gDz*0)),rgb(1,0.5625,0));
		draw(
			ellipsoid( (-0.20073,-0.68616,0.69921), (-0.97574,0.20371,-0.080216), (0.087393,0.69835,0.71041), 0.16973, 0.19245, 0.1958, (gDx*20,gDy*3,gDz*0)),rgb(1,0.5625,0));
		draw(
			ellipsoid( (-0.18658,0.61089,-0.76941), (0.9706,0.23584,-0.048118), (-0.15207,0.75577,0.63694), 0.17886, 0.18868, 0.19315, (gDx*21,gDy*3,gDz*0)),rgb(1,0.28125,0));
		draw(
			ellipsoid( (0.89789,-0.43692,0.05377), (-0.43084,-0.89726,-0.096468), (-0.090395,-0.063452,0.99388), 0.17809, 0.1728, 0.16464, (gDx*22,gDy*3,gDz*0)),rgb(1,0.28125,0));
		draw(
			ellipsoid( (0.48936,-0.84486,0.2162), (-0.87195,-0.47822,0.10487), (-0.014797,0.23984,0.9707), 0.17454, 0.17003, 0.1572, (gDx*23,gDy*3,gDz*0)),rgb(1,0.46875,0));
		draw(
			ellipsoid( (0.42642,-0.85914,0.28293), (-0.90419,-0.41339,0.10748), (-0.024621,0.30165,0.9531), 0.17699, 0.16639, 0.15103, (gDx*24,gDy*3,gDz*0)),rgb(1,0.5625,0));
		draw(
			ellipsoid( (-0.73263,0.68009,0.027068), (0.59811,0.62432,0.50248), (-0.32483,-0.38432,0.86417), 0.19163, 0.15804, 0.15193, (gDx*25,gDy*3,gDz*0)),rgb(1,0.84375,0));
		draw(
			ellipsoid( (0.81723,-0.57158,-0.07371), (-0.52594,-0.68739,-0.50088), (-0.23562,-0.4481,0.86237), 0.23047, 0.19668, 0.18267, (gDx*26,gDy*3,gDz*0)),rgb(1,0.84375,0));
		draw(
			ellipsoid( (0.69369,-0.19426,-0.69359), (-0.69692,-0.42428,-0.57818), (0.18196,-0.88445,0.4297), 0.28774, 0.32165, 0.30599, (gDx*27,gDy*3,gDz*0)),rgb(1,0.46875,0));
		draw(
			ellipsoid( (0.72392,0.62771,0.2862), (0.66986,-0.7388,-0.073972), (-0.16501,-0.24526,0.95531), 0.25189, 0.22593, 0.21992, (gDx*28,gDy*3,gDz*0)),rgb(1,0.5625,0));
		draw(
			ellipsoid( (-0.74029,-0.66393,-0.10564), (-0.47936,0.41113,0.77536), (0.47136,-0.62464,0.62262), 0.19144, 0.15332, 0.14281, (gDx*29,gDy*3,gDz*0)),rgb(0.96875,1,0));
		draw(
			ellipsoid( (0.86224,0.24813,-0.44157), (0.5055,-0.36656,0.78109), (-0.031951,0.89669,0.4415), 0.20782, 0.17146, 0.18738, (gDx*30,gDy*3,gDz*0)),rgb(1,0.75,0));
		draw(
			ellipsoid( (0.84128,0.085246,-0.53383), (0.53767,-0.23463,0.80986), (0.056214,0.96834,0.24322), 0.18726, 0.15281, 0.16239, (gDx*31,gDy*3,gDz*0)),rgb(1,0.75,0));
		draw(
			ellipsoid( (0.53757,0.00073911,0.84322), (0.78171,-0.37537,-0.49803), (-0.31615,-0.92687,0.20236), 0.11231, 0.15061, 0.13593, (gDx*32,gDy*3,gDz*0)),rgb(0.96875,1,0));
		draw(
			ellipsoid( (0.94301,-0.15071,-0.29668), (-0.31087,-0.080994,-0.94699), (-0.11869,-0.98525,0.12323), 0.16033, 0.10692, 0.13295, (gDx*33,gDy*3,gDz*0)),rgb(0.6875,1,0));
		draw(
			ellipsoid( (0.9214,-0.10027,-0.37545), (-0.36005,-0.58379,-0.72771), (0.14621,-0.80569,0.57401), 0.18278, 0.12506, 0.15488, (gDx*34,gDy*3,gDz*0)),rgb(0.78125,1,0));
		draw(
			ellipsoid( (-0.6553,-0.47171,-0.58997), (-0.7483,0.29884,0.59223), (0.10305,-0.82957,0.54881), 0.084698, 0.19227, 0.16296, (gDx*35,gDy*3,gDz*0)),rgb(0,1,0.25));
		draw(
			ellipsoid( (-0.34631,-0.63207,0.69323), (-0.68098,-0.33888,-0.64917), (-0.64524,0.69689,0.31307), 0.23487, 0.067806, 0.13876, (gDx*36,gDy*3,gDz*0)),rgb(0,1,0.8125));
		draw(
			ellipsoid( (0.48401,0.68421,-0.54551), (0.83458,-0.17353,0.52284), (-0.26307,0.70833,0.65502), 0.25959, 0.099554, 0.10432, (gDx*37,gDy*3,gDz*0)),rgb(0,1,0.53125));
		draw(
			ellipsoid( (-0.47999,-0.72989,0.48669), (-0.75103,0.62861,0.20203), (0.45339,0.26854,0.84989), 0.25015, 0.079576, 0.12181, (gDx*38,gDy*3,gDz*0)),rgb(0,1,0.625));
		draw(
			ellipsoid( (0.74541,-0.60346,-0.28317), (-0.60952,-0.44504,-0.65607), (-0.26989,-0.66164,0.69956), 0.068496, 0.15078, 0.22426, (gDx*39,gDy*3,gDz*0)),rgb(0,1,0.71875));
		draw(
			ellipsoid( (-0.72104,0.60632,0.33537), (0.69276,0.64047,0.33149), (0.013807,-0.47135,0.88184), 0.081458, 0.14213, 0.25704, (gDx*40,gDy*3,gDz*0)),rgb(0,1,0.625));
		draw(
			ellipsoid( (-0.77954,0.54014,0.31711), (0.62634,0.67559,0.38894), (0.0041568,-0.50181,0.86497), 0.083352, 0.12041, 0.27731, (gDx*41,gDy*3,gDz*0)),rgb(0,1,0.71875));
		draw(
			ellipsoid( (-0.91851,0.3227,0.22847), (0.39525,0.76452,0.5092), (0.010348,-0.55801,0.82977), 0.085918, 0.11178, 0.27135, (gDx*42,gDy*3,gDz*0)),rgb(0,1,0.71875));
		draw(
			ellipsoid( (0.016488,-0.63736,0.77039), (-0.99977,-0.021005,0.0040199), (-0.01362,0.77028,0.63756), 0.21571, 0.086829, 0.11137, (gDx*43,gDy*3,gDz*0)),rgb(0,1,0.34375));
		draw(
			ellipsoid( (0.96052,-0.18179,-0.2106), (-0.27821,-0.62632,-0.72823), (-0.00048124,-0.75807,0.65217), 0.15692, 0.16392, 0.19158, (gDx*44,gDy*3,gDz*0)),rgb(1,0.75,0));
		draw(
			ellipsoid( (-0.55109,0.060579,0.83224), (0.80723,-0.21395,0.5501), (-0.21138,-0.97497,-0.069004), 0.25424, 0.26932, 0.27717, (gDx*45,gDy*3,gDz*0)),rgb(1,0.375,0));
		draw(
			ellipsoid( (0.81054,-0.01788,-0.58541), (0.58567,0.016814,0.81038), (0.004646,0.9997,-0.0241), 0.23291, 0.23207, 0.25086, (gDx*46,gDy*3,gDz*0)),rgb(1,0.375,0));
		draw(
			ellipsoid( (-0.9647,-0.053014,-0.25797), (0.23644,-0.60575,-0.75971), (0.11599,0.79389,-0.5969), 0.15908, 0.16702, 0.17217, (gDx*47,gDy*3,gDz*0)),rgb(1,0.28125,0));
		draw(
			ellipsoid( (-0.70498,-0.573,-0.41795), (-0.70635,0.6203,0.34103), (-0.063848,-0.53564,0.84203), 0.15945, 0.16447, 0.16878, (gDx*48,gDy*3,gDz*0)),rgb(1,0.1875,0));
		draw(
