	import three;
	import settings;

	surface ellipsoid(triple v1,triple v2,triple v3,real l1,real l2, real l3, triple pos=O) {
		transform3 T = identity(4);
		T[0][0] = l1*v1.x;
		T[1][0] = l1*v1.y;
		T[2][0] = l1*v1.z;
		T[0][1] = l2*v2.x;
		T[1][1] = l2*v2.y;
		T[2][1] = l2*v2.z;
		T[0][2] = l3*v3.x;
		T[1][2] = l3*v3.y;
		T[2][2] = l3*v3.z;
		T[0][3] = pos.x;
		T[1][3] = pos.y;
		T[2][3] = pos.z;
		return T*unitsphere;
	}

	size(200);

	real gDx=0.25;
	real gDy=0.25;
	real gDz=0.25;

	currentprojection=perspective( camera=(gDx*55.5,gDy*55.5,112),up=Y, target=(gDx*55.5,gDy*55.5,gDz*0));
		draw(
			ellipsoid( (-0.080262,-0.050502,0.99549), (0.87561,-0.48081,0.046204), (0.47631,0.87537,0.082811), 0.18551, 0.21658, 0.26677, (gDx*58,gDy*22,gDz*0)),rgb(0.78125,1,0));
		draw(
			ellipsoid( (-0.10146,-0.074749,0.99203), (0.93003,-0.36116,0.06791), (0.35321,0.9295,0.10616), 0.19378, 0.22507, 0.26233, (gDx*59,gDy*22,gDz*0)),rgb(0.96875,1,0));
		draw(
			ellipsoid( (-0.15146,-0.10794,0.98255), (0.98309,-0.11999,0.13836), (0.10296,0.98689,0.12429), 0.19967, 0.22874, 0.2574, (gDx*60,gDy*22,gDz*0)),rgb(1,0.9375,0));
		draw(
			ellipsoid( (-0.22239,-0.21665,0.95058), (0.96709,-0.17263,0.1869), (0.1236,0.96087,0.24791), 0.27085, 0.30114, 0.3317, (gDx*61,gDy*22,gDz*0)),rgb(1,0.75,0));
		draw(
			ellipsoid( (-0.30282,-0.074876,0.9501), (0.8888,-0.38202,0.25317), (0.344,0.92112,0.18223), 0.29276, 0.30458, 0.34814, (gDx*62,gDy*22,gDz*0)),rgb(1,0.65625,0));
		draw(
			ellipsoid( (0.52589,-0.015641,0.85041), (0.68569,-0.58378,-0.43477), (0.50325,0.81176,-0.29628), 0.18059, 0.18698, 0.21291, (gDx*63,gDy*22,gDz*0)),rgb(1,0.65625,0));
		draw(
			ellipsoid( (0.31123,-0.58165,-0.75154), (-0.81901,0.23695,-0.52256), (-0.48203,-0.77816,0.40263), 0.13037, 0.13734, 0.17232, (gDx*64,gDy*22,gDz*0)),rgb(0.96875,1,0));
		draw(
			ellipsoid( (-0.253,0.21487,0.9433), (-0.9352,0.1954,-0.29533), (-0.24778,-0.9569,0.15151), 0.17188, 0.18672, 0.22147, (gDx*65,gDy*22,gDz*0)),rgb(1,0.9375,0));
		draw(
			ellipsoid( (-0.17746,-0.024386,0.98383), (0.97646,-0.12891,0.17293), (0.12261,0.99136,0.046687), 0.25461, 0.2814, 0.32568, (gDx*66,gDy*22,gDz*0)),rgb(1,0.84375,0));
		draw(
			ellipsoid( (-0.10578,-0.10936,0.98836), (0.9904,-0.10057,0.094874), (0.089026,0.9889,0.11895), 0.19857, 0.23534, 0.27932, (gDx*67,gDy*22,gDz*0)),rgb(0.875,1,0));
		draw(
			ellipsoid( (-0.05368,-0.16882,0.98418), (-0.99749,0.054673,-0.045027), (-0.046207,-0.98413,-0.17133), 0.14914, 0.19808, 0.23837, (gDx*68,gDy*22,gDz*0)),rgb(0.5,1,0));
		draw(
			ellipsoid( (0.16073,-0.42834,0.88921), (-0.97067,0.094615,0.22104), (-0.17881,-0.89865,-0.40057), 0.33349, 0.3822, 0.45876, (gDx*69,gDy*22,gDz*0)),rgb(0.875,1,0));
		draw(
			ellipsoid( (0.79287,-0.16805,-0.58576), (0.14472,-0.8818,0.44886), (0.59196,0.44066,0.67484), 0.38923, 0.42488, 0.47659, (gDx*44,gDy*23,gDz*0)),rgb(1,0.75,0));
		draw(
			ellipsoid( (0.78238,-0.15727,-0.60262), (0.14993,-0.89158,0.42733), (0.60449,0.42469,0.67397), 0.39182, 0.42719, 0.48031, (gDx*45,gDy*23,gDz*0)),rgb(1,0.75,0));
		draw(
			ellipsoid( (0.2897,0.52458,-0.80056), (0.82373,-0.56257,-0.070548), (0.48738,0.63901,0.59509), 0.32318, 0.33876, 0.40494, (gDx*49,gDy*23,gDz*0)),rgb(1,0.84375,0));
		draw(
			ellipsoid( (-0.045462,-0.24074,0.96953), (-0.90876,0.41299,0.059934), (-0.41483,-0.87834,-0.23755), 0.36815, 0.40018, 0.40981, (gDx*56,gDy*23,gDz*0)),rgb(1,0.46875,0));
		draw(
			ellipsoid( (0.4409,-0.089016,0.89313), (0.51456,-0.79025,-0.33278), (0.73542,0.60629,-0.30262), 0.17529, 0.18506, 0.22799, (gDx*57,gDy*23,gDz*0)),rgb(1,0.9375,0));
		draw(
			ellipsoid( (0.57052,0.10248,0.81486), (0.56105,-0.77321,-0.29557), (-0.59977,-0.62581,0.49863), 0.14803, 0.15862, 0.20166, (gDx*58,gDy*23,gDz*0)),rgb(0.875,1,0));
		draw(
			ellipsoid( (0.19636,0.49926,0.84391), (-0.92468,0.38061,-0.010013), (-0.3262,-0.77838,0.53639), 0.14955, 0.16728, 0.19206, (gDx*59,gDy*23,gDz*0)),rgb(1,0.84375,0));
		draw(
			ellipsoid( (0.29325,0.59121,0.75131), (0.94475,-0.058837,-0.32246), (0.14643,-0.80437,0.5758), 0.13199, 0.14614, 0.18451, (gDx*60,gDy*23,gDz*0)),rgb(0.875,1,0));
		draw(
			ellipsoid( (0.58678,0.44728,0.675), (0.78538,-0.11141,-0.60891), (-0.19715,0.88743,-0.41666), 0.14977, 0.16606, 0.18447, (gDx*61,gDy*23,gDz*0)),rgb(1,0.75,0));
		draw(
			ellipsoid( (0.62066,0.46525,0.63113), (0.76166,-0.54885,-0.34443), (-0.18615,-0.69448,0.69501), 0.16479, 0.17672, 0.19091, (gDx*62,gDy*23,gDz*0)),rgb(1,0.5625,0));
		draw(
			ellipsoid( (0.4674,0.62372,0.62651), (0.78493,-0.61883,0.030484), (-0.40672,-0.47752,0.77882), 0.17015, 0.17483, 0.19387, (gDx*63,gDy*23,gDz*0)),rgb(1,0.5625,0));
		draw(
			ellipsoid( (0.17523,-0.91331,-0.36763), (0.92413,0.023818,0.38133), (-0.33951,-0.40656,0.8482), 0.14553, 0.15858, 0.18351, (gDx*64,gDy*23,gDz*0)),rgb(1,0.84375,0));
		draw(
			ellipsoid( (0.94879,-0.31123,-0.054217), (0.31423,0.91205,0.26347), (-0.03255,-0.26701,0.96314), 0.14319, 0.1533, 0.18746, (gDx*65,gDy*23,gDz*0)),rgb(1,0.9375,0));
		draw(
			ellipsoid( (0.93709,0.34894,-0.010299), (-0.31069,0.84709,0.43117), (0.15917,-0.40084,0.90221), 0.15825, 0.17424, 0.19276, (gDx*66,gDy*23,gDz*0)),rgb(1,0.75,0));
		draw(
			ellipsoid( (0.82527,0.56357,0.036261), (-0.33878,0.44267,0.83022), (0.45184,-0.69744,0.55625), 0.15543, 0.17243, 0.19006, (gDx*67,gDy*23,gDz*0)),rgb(1,0.75,0));
		draw(
			ellipsoid( (0.6064,0.77655,0.17101), (-0.3659,0.081576,0.92707), (0.70597,-0.62475,0.33361), 0.17678, 0.17884, 0.20272, (gDx*68,gDy*23,gDz*0)),rgb(1,0.5625,0));
		draw(
			ellipsoid( (-0.17917,-0.15793,0.97106), (0.95317,-0.27229,0.13159), (0.24363,0.94917,0.19932), 0.27926, 0.29747, 0.30891, (gDx*69,gDy*23,gDz*0)),rgb(1,0.375,0));
		draw(
			ellipsoid( (0.16163,-0.20718,0.96486), (-0.9766,0.10698,0.18657), (-0.14188,-0.97243,-0.18504), 0.23622, 0.24666, 0.28285, (gDx*70,gDy*23,gDz*0)),rgb(1,0.65625,0));
		draw(
			ellipsoid( (0.06193,-0.038273,0.99735), (-0.97577,0.20779,0.068564), (-0.20986,-0.97742,-0.024477), 0.12951, 0.15092, 0.18406, (gDx*71,gDy*23,gDz*0)),rgb(0.78125,1,0));
		draw(
			ellipsoid( (0.56913,-0.77314,-0.27991), (0.49638,0.59445,-0.63265), (0.65552,0.22112,0.72208), 0.35217, 0.36296, 0.40947, (gDx*39,gDy*24,gDz*0)),rgb(1,0.5625,0));
		draw(
			ellipsoid( (0.6474,-0.55999,-0.517), (-0.24651,0.48803,-0.83729), (-0.72119,-0.66951,-0.1779), 0.20679, 0.21968, 0.24548, (gDx*40,gDy*24,gDz*0)),rgb(1,0.65625,0));
		draw(
			ellipsoid( (-0.58649,0.29339,0.75495), (0.6332,-0.41514,0.65324), (0.50506,0.86115,0.057695), 0.17133, 0.17504, 0.19705, (gDx*41,gDy*24,gDz*0)),rgb(1,0.5625,0));
		draw(
			ellipsoid( (-0.56801,0.053408,0.82129), (-0.82302,-0.03647,-0.56684), (-0.0003209,-0.99791,0.064671), 0.16126, 0.17008, 0.18344, (gDx*42,gDy*24,gDz*0)),rgb(1,0.46875,0));
		draw(
			ellipsoid( (0.69392,0.057794,-0.71773), (0.53106,0.63205,0.56434), (0.48626,-0.77277,0.4079), 0.15681, 0.1677, 0.18643, (gDx*43,gDy*24,gDz*0)),rgb(1,0.65625,0));
		draw(
			ellipsoid( (0.74097,-0.15788,-0.65272), (0.14555,-0.91111,0.38561), (0.65558,0.38073,0.65213), 0.26965, 0.28605, 0.31044, (gDx*44,gDy*24,gDz*0)),rgb(1,0.5625,0));
		draw(
			ellipsoid( (0.81542,-0.44577,-0.3693), (-0.029212,0.60547,-0.79533), (0.57814,0.65932,0.48069), 0.27701, 0.28709, 0.31723, (gDx*45,gDy*24,gDz*0)),rgb(1,0.5625,0));
		draw(
			ellipsoid( (-0.55611,0.72803,-0.40089), (-0.56766,0.019599,0.82303), (0.60705,0.68526,0.40237), 0.1568, 0.17159, 0.20301, (gDx*46,gDy*24,gDz*0)),rgb(1,0.9375,0));
		draw(
			ellipsoid( (-0.42802,0.021643,0.90351), (0.58918,-0.7514,0.29711), (0.68533,0.6595,0.30886), 0.16354, 0.17237, 0.19002, (gDx*47,gDy*24,gDz*0)),rgb(1,0.5625,0));
		draw(
			ellipsoid( (-0.36658,0.15913,0.91668), (-0.65986,-0.73906,-0.13558), (0.65591,-0.65458,0.37592), 0.15568, 0.17945, 0.19011, (gDx*48,gDy*24,gDz*0)),rgb(1,0.75,0));
		draw(
			ellipsoid( (-0.52963,-0.075035,0.8449), (0.17448,0.96514,0.19509), (-0.83009,0.25074,-0.49808), 0.18958, 0.22933, 0.2332, (gDx*49,gDy*24,gDz*0)),rgb(1,0.84375,0));
		draw(
			ellipsoid( (-0.54334,-0.16301,0.82353), (0.55974,-0.80144,0.21066), (0.62567,0.57543,0.5267), 0.2677, 0.30997, 0.33555, (gDx*50,gDy*24,gDz*0)),rgb(1,0.84375,0));
		draw(
			ellipsoid( (0.56554,0.10208,-0.81838), (0.48674,-0.84237,0.23129), (0.66577,0.52914,0.52608), 0.34957, 0.37809, 0.46472, (gDx*51,gDy*24,gDz*0)),rgb(0.96875,1,0));
		draw(
			ellipsoid( (-0.77249,-0.47695,0.41926), (0.62685,-0.46709,0.62361), (0.10159,-0.74454,-0.6598), 0.48305, 0.53327, 0.56391, (gDx*55,gDy*24,gDz*0)),rgb(1,0.5625,0));
		draw(
			ellipsoid( (-0.01807,-0.37095,0.92848), (-0.15442,0.91852,0.36397), (-0.98784,-0.1368,-0.07388), 0.27685, 0.29391, 0.31081, (gDx*56,gDy*24,gDz*0)),rgb(1,0.46875,0));
		draw(
			ellipsoid( (0.17865,-0.95789,-0.22478), (0.60798,-0.072147,0.79067), (-0.77359,-0.27791,0.56949), 0.068655, 0.07789, 0.14459, (gDx*57,gDy*24,gDz*0)),rgb(0,1,0.15625));
		draw(
			ellipsoid( (0.65638,0.42436,0.62377), (0.5149,-0.85628,0.04073), (-0.5514,-0.29444,0.78055), 0.14986, 0.18557, 0.2507, (gDx*58,gDy*24,gDz*0)),rgb(0.40625,1,0));
		draw(
			ellipsoid( (-0.062923,-0.71683,-0.69441), (0.82972,-0.42424,0.36275), (-0.55462,-0.55334,0.62146), 0.12596, 0.1685, 0.18848, (gDx*59,gDy*24,gDz*0)),rgb(0.6875,1,0));
		draw(
			ellipsoid( (0.24081,-0.65889,-0.71265), (-0.96916,-0.12367,-0.21314), (0.052308,0.742,-0.66836), 0.12906, 0.17747, 0.2098, (gDx*60,gDy*24,gDz*0)),rgb(0.5,1,0));
		draw(
			ellipsoid( (-0.13807,0.70306,0.6976), (0.95817,-0.083474,0.27376), (-0.2507,-0.70622,0.66212), 0.097611, 0.12901, 0.19759, (gDx*61,gDy*24,gDz*0)),rgb(0.03125,1,0));
		draw(
			ellipsoid( (0.46242,0.60755,0.6458), (0.79296,-0.60924,0.0053558), (-0.3967,-0.50962,0.76349), 0.11979, 0.14153, 0.18205, (gDx*62,gDy*24,gDz*0)),rgb(0.6875,1,0));
		draw(
			ellipsoid( (0.52073,0.77452,0.35912), (0.77106,-0.60725,0.19162), (-0.36649,-0.17712,0.91341), 0.16721, 0.18068, 0.19786, (gDx*63,gDy*24,gDz*0)),rgb(1,0.65625,0));
		draw(
			ellipsoid( (0.25979,0.96375,-0.060744), (-0.82942,0.19048,-0.52515), (-0.49455,0.18681,0.84884), 0.16733, 0.18023, 0.19811, (gDx*64,gDy*24,gDz*0)),rgb(1,0.65625,0));
		draw(
			ellipsoid( (0.86617,0.4866,0.1139), (0.48869,-0.87239,0.010656), (-0.10455,-0.046432,0.99344), 0.13057, 0.14773, 0.18544, (gDx*65,gDy*24,gDz*0)),rgb(0.78125,1,0));
		draw(
			ellipsoid( (0.84667,0.51695,-0.12615), (0.50531,-0.85539,-0.11384), (0.16676,-0.032637,0.98546), 0.10875, 0.17251, 0.21219, (gDx*66,gDy*24,gDz*0)),rgb(0.03125,1,0));
		draw(
			ellipsoid( (-0.5479,-0.78929,0.27717), (0.32442,0.10492,0.94008), (0.77108,-0.60499,-0.19857), 0.10297, 0.14856, 0.1569, (gDx*67,gDy*24,gDz*0)),rgb(0.59375,1,0));
		draw(
			ellipsoid( (0.31182,0.94731,0.073307), (-0.28361,0.019162,0.95875), (0.90683,-0.31974,0.27464), 0.18985, 0.20664, 0.21728, (gDx*68,gDy*24,gDz*0)),rgb(1,0.5625,0));
		draw(
			ellipsoid( (-0.085663,0.87095,0.48385), (0.99448,0.10429,-0.011655), (0.060611,-0.48018,0.87507), 0.20984, 0.22472, 0.22951, (gDx*69,gDy*24,gDz*0)),rgb(1,0.375,0));
		draw(
			ellipsoid( (0.5074,-0.69778,-0.50561), (0.81612,0.20082,0.54186), (-0.27656,-0.68759,0.67137), 0.16163, 0.17314, 0.20589, (gDx*70,gDy*24,gDz*0)),rgb(1,0.84375,0));
		draw(
			ellipsoid( (0.99608,-0.088143,-0.0080206), (0.063894,0.65341,0.75431), (-0.061246,-0.75186,0.65647), 0.13857, 0.14257, 0.17858, (gDx*71,gDy*24,gDz*0)),rgb(1,0.9375,0));
		draw(
			ellipsoid( (0.34809,0.47335,0.80918), (0.92202,-0.016833,-0.38678), (0.16946,-0.88071,0.4423), 0.21661, 0.21939, 0.23897, (gDx*72,gDy*24,gDz*0)),rgb(1,0.375,0));
		draw(
			ellipsoid( (0.10342,-0.41529,0.90379), (-0.98408,0.089336,0.15365), (-0.14455,-0.90529,-0.39944), 0.38754, 0.41231, 0.4245, (gDx*73,gDy*24,gDz*0)),rgb(1,0.375,0));
		draw(
			ellipsoid( (0.21709,-0.4534,0.86447), (-0.96832,0.01191,0.24942), (-0.12338,-0.89123,-0.43645), 0.4512, 0.53616, 0.57956, (gDx*74,gDy*24,gDz*0)),rgb(1,0.9375,0));
		draw(
			ellipsoid( (0.56691,0.68163,-0.4626), (0.62075,-0.72264,-0.30407), (0.54155,0.11478,0.83279), 0.51485, 0.5217, 0.64641, (gDx*36,gDy*25,gDz*0)),rgb(1,0.9375,0));
		draw(
			ellipsoid( (0.69856,0.47741,-0.533), (0.47861,-0.86547,-0.14794), (0.53193,0.15176,0.83308), 0.49701, 0.50763, 0.59933, (gDx*37,gDy*25,gDz*0)),rgb(1,0.75,0));
		draw(
			ellipsoid( (0.41758,0.7528,-0.50885), (0.83187,-0.54201,-0.1192), (0.36553,0.37352,0.85256), 0.41739, 0.42232, 0.46926, (gDx*38,gDy*25,gDz*0)),rgb(1,0.46875,0));
		draw(
			ellipsoid( (0.57643,-0.81418,0.06951), (0.1206,0.1689,0.97823), (-0.8082,-0.5555,0.19555), 0.23102, 0.2398, 0.25689, (gDx*39,gDy*25,gDz*0)),rgb(1,0.375,0));
		draw(
			ellipsoid( (-0.08136,0.47443,0.87652), (-0.57334,0.69709,-0.43053), (-0.81527,-0.53757,0.2153), 0.13217, 0.14266, 0.18177, (gDx*40,gDy*25,gDz*0)),rgb(0.875,1,0));
		draw(
			ellipsoid( (0.78308,-0.25627,0.56667), (-0.31208,0.62621,0.71447), (-0.53795,-0.73633,0.41039), 0.15865, 0.16178, 0.1796, (gDx*41,gDy*25,gDz*0)),rgb(1,0.46875,0));
		draw(
			ellipsoid( (0.85679,0.4235,0.29421), (-0.17504,-0.29781,0.93844), (-0.48505,0.85554,0.18103), 0.13465, 0.16591, 0.17289, (gDx*42,gDy*25,gDz*0)),rgb(1,0.9375,0));
		draw(
			ellipsoid( (0.53596,0.82684,-0.17053), (-0.076961,0.249,0.96544), (0.84073,-0.50432,0.19709), 0.14569, 0.15475, 0.16957, (gDx*43,gDy*25,gDz*0)),rgb(1,0.5625,0));
		draw(
			ellipsoid( (-0.6128,0.16337,0.77316), (0.081434,-0.96013,0.26742), (0.78603,0.22684,0.57507), 0.18591, 0.19208, 0.20312, (gDx*44,gDy*25,gDz*0)),rgb(1,0.375,0));
		draw(
			ellipsoid( (0.47787,0.013154,-0.87833), (0.50637,-0.82117,0.2632), (0.71779,0.57054,0.39907), 0.14026, 0.14524, 0.16942, (gDx*45,gDy*25,gDz*0)),rgb(1,0.75,0));
		draw(
			ellipsoid( (0.1847,-0.36028,0.91438), (-0.9747,0.052038,0.21739), (-0.1259,-0.93139,-0.34155), 0.125, 0.14169, 0.16326, (gDx*46,gDy*25,gDz*0)),rgb(1,0.9375,0));
		draw(
			ellipsoid( (0.40159,0.035422,0.91513), (-0.65037,-0.69249,0.31221), (0.64478,-0.72056,-0.25506), 0.14247, 0.17659, 0.19866, (gDx*47,gDy*25,gDz*0)),rgb(0.875,1,0));
		draw(
			ellipsoid( (-0.088683,0.47304,0.87657), (-0.073642,0.87451,-0.47938), (-0.99333,-0.10706,-0.042719), 0.13269, 0.16235, 0.18831, (gDx*48,gDy*25,gDz*0)),rgb(0.78125,1,0));
		draw(
			ellipsoid( (-0.42158,0.1576,0.89299), (-0.2316,-0.97083,0.061998), (0.87672,-0.18068,0.44578), 0.13397, 0.16166, 0.18945, (gDx*49,gDy*25,gDz*0)),rgb(0.875,1,0));
		draw(
			ellipsoid( (-0.45932,-0.20261,0.86485), (-0.3546,-0.85087,-0.38766), (0.81442,-0.48474,0.31898), 0.12118, 0.14769, 0.19108, (gDx*50,gDy*25,gDz*0)),rgb(0.59375,1,0));
		draw(
			ellipsoid( (-0.31823,-0.37764,0.86955), (0.2113,0.86591,0.45339), (-0.92416,0.32802,-0.19577), 0.17156, 0.18484, 0.23052, (gDx*51,gDy*25,gDz*0)),rgb(0.96875,1,0));
		draw(
			ellipsoid( (-0.25568,-0.17331,0.9511), (-0.46571,0.88421,0.035923), (-0.8472,-0.43375,-0.30679), 0.31585, 0.32893, 0.37127, (gDx*52,gDy*25,gDz*0)),rgb(1,0.65625,0));
		draw(
			ellipsoid( (-0.75714,-0.55018,0.35218), (0.64253,-0.52993,0.55347), (0.11788,-0.64534,-0.75474), 0.48376, 0.52639, 0.55411, (gDx*55,gDy*25,gDz*0)),rgb(1,0.5625,0));
		draw(
			ellipsoid( (0.057995,0.61208,-0.78867), (0.099082,-0.78963,-0.60554), (-0.99339,-0.043025,-0.10644), 0.20833, 0.21811, 0.24359, (gDx*56,gDy*25,gDz*0)),rgb(1,0.5625,0));
		draw(
			ellipsoid( (0.068624,-0.99688,-0.038977), (0.53364,0.0036684,0.84571), (-0.84293,-0.078835,0.53222), 0.12669, 0.12926, 0.17558, (gDx*57,gDy*25,gDz*0)),rgb(0.78125,1,0));
		draw(
			ellipsoid( (0.74377,-0.17299,0.64567), (0.067407,-0.9416,-0.32993), (-0.66503,-0.28891,0.68867), 0.17506, 0.20251, 0.27006, (gDx*58,gDy*25,gDz*0)),rgb(0.59375,1,0));
		draw(
			ellipsoid( (0.5272,-0.83937,0.13237), (0.16062,0.25141,0.95446), (-0.83442,-0.48193,0.26736), 0.13946, 0.14233, 0.18061, (gDx*59,gDy*25,gDz*0)),rgb(0.96875,1,0));
		draw(
			ellipsoid( (0.30805,-0.72284,-0.61855), (0.79165,-0.16583,0.58805), (-0.52764,-0.67082,0.52115), 0.14395, 0.16253, 0.18206, (gDx*60,gDy*25,gDz*0)),rgb(1,0.84375,0));
		draw(
			ellipsoid( (0.29884,-0.67304,-0.67655), (0.90315,-0.02952,0.42831), (-0.30824,-0.73902,0.59903), 0.11843, 0.15416, 0.19593, (gDx*61,gDy*25,gDz*0)),rgb(0.40625,1,0));
		draw(
			ellipsoid( (-0.22781,0.72736,0.64734), (0.9035,-0.089968,0.41904), (-0.36304,-0.68033,0.63668), 0.12208, 0.16284, 0.2328, (gDx*62,gDy*25,gDz*0)),rgb(0.125,1,0));
		draw(
			ellipsoid( (-0.13729,0.79244,0.5943), (0.90511,-0.14338,0.40027), (-0.4024,-0.59286,0.69756), 0.11572, 0.15356, 0.20494, (gDx*63,gDy*25,gDz*0)),rgb(0.3125,1,0));
		draw(
			ellipsoid( (-0.18965,-0.79292,-0.57905), (0.97245,-0.23313,0.00073989), (0.13558,0.56296,-0.81529), 0.1163, 0.1648, 0.1993, (gDx*64,gDy*25,gDz*0)),rgb(0.3125,1,0));
		draw(
			ellipsoid( (0.59096,0.63982,0.49131), (-0.76156,0.24161,0.60138), (0.26606,-0.72956,0.63005), 0.11215, 0.1535, 0.21691, (gDx*65,gDy*25,gDz*0)),rgb(0.125,1,0));
		draw(
			ellipsoid( (0.91022,0.22405,-0.34828), (0.22764,0.43187,0.87274), (0.34595,-0.87366,0.3421), 0.12863, 0.17895, 0.26824, (gDx*66,gDy*25,gDz*0)),rgb(0,1,0.0625));
		draw(
			ellipsoid( (0.5763,0.33452,-0.74564), (0.4841,0.59535,0.64125), (0.65843,-0.73052,0.18116), 0.13416, 0.14565, 0.17145, (gDx*67,gDy*25,gDz*0)),rgb(1,0.84375,0));
		draw(
			ellipsoid( (0.053414,0.98845,0.14181), (-0.012584,-0.14133,0.98988), (-0.99849,0.054658,-0.0048895), 0.21626, 0.23202, 0.23585, (gDx*68,gDy*25,gDz*0)),rgb(1,0.375,0));
		draw(
			ellipsoid( (-0.012544,-0.95414,-0.29909), (0.95691,-0.098242,0.27328), (0.29013,0.28277,-0.91426), 0.21902, 0.23454, 0.23965, (gDx*69,gDy*25,gDz*0)),rgb(1,0.375,0));
		draw(
			ellipsoid( (0.40688,-0.82296,-0.39647), (0.81048,0.12501,0.57227), (-0.42139,-0.55417,0.71786), 0.15577, 0.17589, 0.20332, (gDx*70,gDy*25,gDz*0)),rgb(1,0.9375,0));
		draw(
			ellipsoid( (0.89585,-0.41937,-0.14692), (0.41932,0.68841,0.59183), (-0.14705,-0.59179,0.79256), 0.14219, 0.16709, 0.21192, (gDx*71,gDy*25,gDz*0)),rgb(0.6875,1,0));
		draw(
			ellipsoid( (0.95729,-0.21363,-0.19482), (0.27976,0.85453,0.43763), (0.072987,-0.47344,0.8778), 0.17875, 0.18018, 0.21087, (gDx*72,gDy*25,gDz*0)),rgb(1,0.65625,0));
		draw(
			ellipsoid( (-0.43337,-0.31259,0.84527), (0.89006,-0.29554,0.34705), (0.14132,0.90274,0.4063), 0.28516, 0.28996, 0.29407, (gDx*73,gDy*25,gDz*0)),rgb(1,0.09375,0));
		draw(
			ellipsoid( (-0.080849,-0.054866,0.99522), (0.99363,-0.083062,0.076141), (0.078487,0.99503,0.061232), 0.2821, 0.29871, 0.32063, (gDx*74,gDy*25,gDz*0)),rgb(1,0.46875,0));
		draw(
			ellipsoid( (0.061673,-0.084134,0.99454), (-0.98985,0.12269,0.071761), (-0.12806,-0.98887,-0.075714), 0.22209, 0.26916, 0.30054, (gDx*75,gDy*25,gDz*0)),rgb(0.96875,1,0));
		draw(
			ellipsoid( (0.54753,0.71335,-0.43742), (-0.5621,0.70078,0.43925), (0.61988,0.0053675,0.78468), 0.40243, 0.41659, 0.48495, (gDx*35,gDy*26,gDz*0)),rgb(1,0.75,0));
		draw(
			ellipsoid( (0.71557,0.32006,-0.6209), (0.30854,-0.94227,-0.13013), (0.6267,0.098455,0.77301), 0.34843, 0.35973, 0.40165, (gDx*36,gDy*26,gDz*0)),rgb(1,0.5625,0));
		draw(
			ellipsoid( (0.76094,0.038531,-0.64767), (0.17296,-0.97416,0.14526), (0.62534,0.22255,0.74794), 0.31542, 0.32757, 0.34926, (gDx*37,gDy*26,gDz*0)),rgb(1,0.375,0));
		draw(
			ellipsoid( (0.76423,-0.61568,0.19204), (-0.42219,-0.25249,0.87063), (0.48754,0.74645,0.4529), 0.23702, 0.24899, 0.25043, (gDx*38,gDy*26,gDz*0)),rgb(1,0.28125,0));
		draw(
			ellipsoid( (0.71474,-0.19925,0.6704), (0.11783,-0.91055,-0.39624), (-0.68939,-0.36221,0.62733), 0.1272, 0.14337, 0.16201, (gDx*39,gDy*26,gDz*0)),rgb(1,0.84375,0));
		draw(
			ellipsoid( (0.40051,-0.7491,-0.52767), (0.84142,0.07269,0.53546), (-0.36276,-0.65845,0.65943), 0.15073, 0.15798, 0.17711, (gDx*40,gDy*26,gDz*0)),rgb(1,0.65625,0));
		draw(
			ellipsoid( (0.75488,-0.45514,-0.47224), (-0.64448,-0.64831,-0.40539), (0.12165,-0.61037,0.78272), 0.14997, 0.17695, 0.21429, (gDx*41,gDy*26,gDz*0)),rgb(0.78125,1,0));
		draw(
			ellipsoid( (0.97613,-0.0018574,-0.2172), (0.11633,0.84893,0.51555), (0.18343,-0.52851,0.82887), 0.12249, 0.16254, 0.19102, (gDx*42,gDy*26,gDz*0)),rgb(0.59375,1,0));
		draw(
			ellipsoid( (0.79857,-0.56062,-0.21908), (0.46475,0.8056,-0.36746), (0.38249,0.19162,0.90387), 0.19294, 0.19455, 0.21475, (gDx*43,gDy*26,gDz*0)),rgb(1,0.46875,0));
		draw(
			ellipsoid( (0.52771,-0.84091,-0.11998), (0.47675,0.41012,-0.7775), (0.70301,0.3531,0.61733), 0.22897, 0.24358, 0.25056, (gDx*44,gDy*26,gDz*0)),rgb(1,0.375,0));
		draw(
			ellipsoid( (-0.44771,0.1596,0.87982), (-0.72333,-0.6431,-0.25142), (0.52569,-0.74896,0.40337), 0.12778, 0.15666, 0.17165, (gDx*45,gDy*26,gDz*0)),rgb(0.96875,1,0));
		draw(
			ellipsoid( (0.082406,0.19549,0.97724), (0.95415,0.26766,-0.134), (-0.28777,0.94347,-0.16447), 0.13329, 0.14905, 0.23928, (gDx*46,gDy*26,gDz*0)),rgb(0.21875,1,0));
		draw(
			ellipsoid( (0.39502,0.10023,0.91319), (-0.8149,-0.42071,0.39868), (0.42414,-0.90164,-0.084514), 0.11873, 0.16087, 0.22209, (gDx*47,gDy*26,gDz*0)),rgb(0.21875,1,0));
		draw(
			ellipsoid( (-0.14809,0.027947,0.98858), (-0.24937,-0.96836,-0.0099812), (0.95702,-0.248,0.15038), 0.14246, 0.17608, 0.20222, (gDx*48,gDy*26,gDz*0)),rgb(0.78125,1,0));
		draw(
			ellipsoid( (-0.45798,0.015661,0.88882), (-0.019697,-0.99978,0.0074672), (0.88874,-0.014087,0.45819), 0.13065, 0.16472, 0.2174, (gDx*49,gDy*26,gDz*0)),rgb(0.40625,1,0));
		draw(
			ellipsoid( (0.45962,0.5015,-0.73298), (0.041034,-0.83642,-0.54654), (-0.88717,0.22112,-0.40501), 0.15536, 0.18281, 0.22612, (gDx*50,gDy*26,gDz*0)),rgb(0.78125,1,0));
		draw(
			ellipsoid( (0.36563,0.85153,0.37577), (-0.14174,-0.34808,0.92669), (-0.9199,0.39209,0.006575), 0.065714, 0.074845, 0.12901, (gDx*51,gDy*26,gDz*0)),rgb(0.03125,1,0));
		draw(
			ellipsoid( (-0.092097,-0.42383,0.90105), (0.069643,0.89994,0.43043), (-0.99331,0.10239,-0.053364), 0.29667, 0.3016, 0.31981, (gDx*52,gDy*26,gDz*0)),rgb(1,0.28125,0));
		draw(
			ellipsoid( (0.92183,-0.35439,0.15699), (0.3876,0.84077,-0.37799), (0.0019645,0.40929,0.9124), 0.43263, 0.49248, 0.54784, (gDx*53,gDy*26,gDz*0)),rgb(1,0.84375,0));
		draw(
			ellipsoid( (0.42124,0.79754,-0.43183), (0.90353,-0.32774,0.27608), (-0.078659,0.50647,0.85866), 0.40999, 0.43531, 0.51002, (gDx*54,gDy*26,gDz*0)),rgb(1,0.84375,0));
		draw(
			ellipsoid( (-0.73617,-0.63943,0.22175), (0.66951,-0.64012,0.37683), (-0.099007,0.42588,0.89935), 0.49371, 0.5263, 0.56018, (gDx*55,gDy*26,gDz*0)),rgb(1,0.46875,0));
		draw(
			ellipsoid( (0.1872,0.97421,-0.12602), (0.044435,0.11976,0.99181), (-0.98132,0.19126,0.020871), 0.28517, 0.30779, 0.31847, (gDx*56,gDy*26,gDz*0)),rgb(1,0.46875,0));
		draw(
			ellipsoid( (0.23587,0.8774,-0.41779), (-0.31735,-0.3368,-0.88648), (-0.91851,0.34167,0.199), 0.14093, 0.14552, 0.17656, (gDx*57,gDy*26,gDz*0)),rgb(1,0.84375,0));
		draw(
			ellipsoid( (0.59746,-0.60199,0.52976), (0.02328,0.67338,0.73893), (-0.80156,-0.42915,0.41633), 0.14929, 0.17076, 0.20929, (gDx*58,gDy*26,gDz*0)),rgb(0.875,1,0));
		draw(
			ellipsoid( (-0.58203,0.72764,-0.36301), (0.010863,0.45334,0.89127), (-0.81309,-0.51481,0.27176), 0.095816, 0.14313, 0.18666, (gDx*59,gDy*26,gDz*0)),rgb(0.125,1,0));
		draw(
			ellipsoid( (-0.59325,0.66308,-0.45648), (-0.17823,-0.66116,-0.72876), (-0.78504,-0.35098,0.51042), 0.13726, 0.16208, 0.17055, (gDx*60,gDy*26,gDz*0)),rgb(1,0.84375,0));
		draw(
			ellipsoid( (0.40128,-0.80404,-0.43873), (-0.7472,-0.010318,-0.66452), (0.52977,0.59448,-0.60492), 0.14603, 0.1543, 0.15759, (gDx*61,gDy*26,gDz*0)),rgb(1,0.28125,0));
		draw(
			ellipsoid( (0.30297,-0.75211,-0.58527), (-0.84948,0.065242,-0.52357), (-0.43197,-0.6558,0.61913), 0.14318, 0.16269, 0.18571, (gDx*62,gDy*26,gDz*0)),rgb(1,0.9375,0));
		draw(
			ellipsoid( (0.20218,-0.72991,-0.65296), (0.83958,-0.21409,0.49928), (-0.50422,-0.64915,0.56953), 0.11371, 0.157, 0.19376, (gDx*63,gDy*26,gDz*0)),rgb(0.40625,1,0));
		draw(
			ellipsoid( (-0.0025833,0.74777,0.66395), (0.99869,0.035809,-0.036444), (0.051027,-0.66299,0.74689), 0.10219, 0.16505, 0.21725, (gDx*64,gDy*26,gDz*0)),rgb(0,1,0.0625));
		draw(
			ellipsoid( (-0.0064882,0.67785,0.73517), (0.97637,0.16309,-0.14176), (0.21599,-0.71688,0.6629), 0.097384, 0.13119, 0.22966, (gDx*65,gDy*26,gDz*0)),rgb(0,1,0.25));
		draw(
			ellipsoid( (-0.60939,0.31161,0.72907), (0.77053,0.44949,0.45194), (0.18688,-0.83718,0.51402), 0.11997, 0.1533, 0.26465, (gDx*66,gDy*26,gDz*0)),rgb(0,1,0.15625));
		draw(
			ellipsoid( (-0.16621,0.38756,0.90674), (0.82023,0.56474,-0.091031), (-0.54735,0.72861,-0.41175), 0.12454, 0.13402, 0.17735, (gDx*67,gDy*26,gDz*0)),rgb(0.78125,1,0));
		draw(
			ellipsoid( (0.25111,0.96584,0.063998), (0.049375,-0.078812,0.99567), (0.9667,-0.24686,-0.067479), 0.21428, 0.22592, 0.23685, (gDx*68,gDy*26,gDz*0)),rgb(1,0.375,0));
		draw(
			ellipsoid( (-0.13271,-0.98966,-0.054468), (0.86354,-0.14242,0.48375), (-0.4865,0.017164,0.87351), 0.24626, 0.25869, 0.26894, (gDx*69,gDy*26,gDz*0)),rgb(1,0.375,0));
		draw(
			ellipsoid( (-0.8817,0.084964,-0.4641), (-0.11087,0.9188,0.37884), (-0.4586,-0.38548,0.80068), 0.17357, 0.17537, 0.20202, (gDx*70,gDy*26,gDz*0)),rgb(1,0.65625,0));
		draw(
			ellipsoid( (0.90092,-0.42103,-0.10521), (0.3888,0.67535,0.62669), (-0.19281,-0.60551,0.77213), 0.12394, 0.16573, 0.2178, (gDx*71,gDy*26,gDz*0)),rgb(0.3125,1,0));
		draw(
			ellipsoid( (0.71654,-0.6361,-0.28625), (0.69752,0.65699,0.28608), (0.0060876,-0.40465,0.91445), 0.13986, 0.16696, 0.23246, (gDx*72,gDy*26,gDz*0)),rgb(0.40625,1,0));
		draw(
			ellipsoid( (-0.53923,0.76888,0.34359), (0.82054,0.57152,0.008811), (0.18959,-0.28668,0.93908), 0.13076, 0.14224, 0.19989, (gDx*73,gDy*26,gDz*0)),rgb(0.59375,1,0));
		draw(
			ellipsoid( (0.94291,0.16879,-0.28712), (-0.037155,0.90999,0.41296), (0.33098,-0.37872,0.86431), 0.13217, 0.1357, 0.19601, (gDx*74,gDy*26,gDz*0)),rgb(0.59375,1,0));
		draw(
			ellipsoid( (0.89566,0.22715,-0.38235), (0.094271,0.74323,0.66237), (0.43463,-0.6293,0.64426), 0.16173, 0.16809, 0.19423, (gDx*75,gDy*26,gDz*0)),rgb(1,0.75,0));
		draw(
			ellipsoid( (-0.0034885,-0.093859,0.99558), (0.94102,0.33652,0.035023), (-0.33832,0.93699,0.08715), 0.17398, 0.19008, 0.2192, (gDx*76,gDy*26,gDz*0)),rgb(1,0.84375,0));
		draw(
			ellipsoid( (0.70852,0.66959,-0.22283), (-0.54438,0.71953,0.4312), (0.44905,-0.18421,0.87431), 0.40272, 0.428, 0.46284, (gDx*33,gDy*27,gDz*0)),rgb(1,0.5625,0));
		draw(
			ellipsoid( (0.60963,0.76477,-0.2085), (-0.59789,0.61633,0.51251), (0.52046,-0.18778,0.83298), 0.36956, 0.3781, 0.3967, (gDx*34,gDy*27,gDz*0)),rgb(1,0.28125,0));
		draw(
			ellipsoid( (-0.49891,0.067862,0.864), (0.70557,-0.5471,0.45039), (0.50326,0.83431,0.22507), 0.21398, 0.23556, 0.24778, (gDx*35,gDy*27,gDz*0)),rgb(1,0.5625,0));
		draw(
			ellipsoid( (-0.47812,-0.15883,0.86381), (0.77698,-0.53507,0.33168), (0.40952,0.82975,0.37923), 0.12608, 0.14617, 0.16896, (gDx*36,gDy*27,gDz*0)),rgb(0.96875,1,0));
		draw(
			ellipsoid( (-0.46223,-0.28429,0.83996), (0.77895,-0.58283,0.2314), (0.42376,0.76125,0.49085), 0.15785, 0.16874, 0.18429, (gDx*37,gDy*27,gDz*0)),rgb(1,0.5625,0));
		draw(
			ellipsoid( (-0.62328,0.70289,-0.34275), (-0.66418,-0.24447,0.70647), (0.41278,0.66797,0.61922), 0.20964, 0.21258, 0.21821, (gDx*38,gDy*27,gDz*0)),rgb(1,0.1875,0));
		draw(
			ellipsoid( (0.86704,-0.41213,0.27999), (0.33679,0.89891,0.28024), (-0.36718,-0.14868,0.91819), 0.22648, 0.2295, 0.24708, (gDx*39,gDy*27,gDz*0)),rgb(1,0.375,0));
		draw(
			ellipsoid( (0.80513,-0.52838,-0.26941), (0.5881,0.65237,0.47807), (-0.076847,-0.54335,0.83598), 0.19152, 0.19997, 0.21312, (gDx*40,gDy*27,gDz*0)),rgb(1,0.375,0));
		draw(
			ellipsoid( (0.82419,-0.38566,-0.4147), (0.56479,0.61333,0.55212), (-0.041411,0.68927,-0.72332), 0.14505, 0.1712, 0.18762, (gDx*41,gDy*27,gDz*0)),rgb(1,0.9375,0));
		draw(
			ellipsoid( (0.88012,-0.29484,-0.37209), (0.44885,0.26148,0.8545), (0.15464,0.91908,-0.36247), 0.11346, 0.17877, 0.18565, (gDx*42,gDy*27,gDz*0)),rgb(0.3125,1,0));
		draw(
			ellipsoid( (-0.89876,0.28408,0.33397), (0.064815,-0.66726,0.742), (0.43363,0.68852,0.58129), 0.17685, 0.19016, 0.21006, (gDx*43,gDy*27,gDz*0)),rgb(1,0.65625,0));
		draw(
			ellipsoid( (-0.4245,0.14514,0.89372), (-0.77682,0.4487,-0.44185), (-0.46514,-0.88182,-0.077724), 0.18493, 0.19366, 0.2014, (gDx*44,gDy*27,gDz*0)),rgb(1,0.375,0));
		draw(
			ellipsoid( (-0.38465,0.12773,0.91418), (-0.84571,-0.44563,-0.29357), (0.36989,-0.88606,0.27944), 0.10791, 0.12247, 0.20219, (gDx*45,gDy*27,gDz*0)),rgb(0.125,1,0));
		draw(
			ellipsoid( (0.43852,0.31193,0.84285), (0.84625,0.17242,-0.50411), (-0.30257,0.93433,-0.18836), 0.10483, 0.12736, 0.27358, (gDx*46,gDy*27,gDz*0)),rgb(0,1,0.4375));
		draw(
			ellipsoid( (0.41604,0.10494,0.90327), (-0.8338,-0.35238,0.42498), (0.36289,-0.92995,-0.059104), 0.11075, 0.15082, 0.22138, (gDx*47,gDy*27,gDz*0)),rgb(0.03125,1,0));
		draw(
			ellipsoid( (-0.23597,-0.24178,0.9412), (0.65358,0.67727,0.33784), (-0.71913,0.69487,-0.0017892), 0.12009, 0.14534, 0.19636, (gDx*48,gDy*27,gDz*0)),rgb(0.5,1,0));
		draw(
			ellipsoid( (-0.51356,-0.30696,0.80127), (0.41675,0.72704,0.54564), (-0.75005,0.61415,-0.24545), 0.087648, 0.1516, 0.19778, (gDx*49,gDy*27,gDz*0)),rgb(0,1,0.15625));
		draw(
			ellipsoid( (-0.44318,-0.50734,0.73906), (0.67268,0.35673,0.64826), (-0.59253,0.78444,0.18318), 0.15701, 0.20402, 0.21913, (gDx*50,gDy*27,gDz*0)),rgb(0.78125,1,0));
		draw(
			ellipsoid( (0.26415,-0.54547,0.79542), (0.26284,0.83421,0.48478), (-0.92798,0.081016,0.36372), 0.13143, 0.13874, 0.16335, (gDx*51,gDy*27,gDz*0)),rgb(1,0.84375,0));
		draw(
			ellipsoid( (0.083432,0.78159,-0.61819), (0.17217,0.59972,0.78147), (-0.98153,0.17163,0.084532), 0.31401, 0.32263, 0.33042, (gDx*52,gDy*27,gDz*0)),rgb(1,0.1875,0));
		draw(
			ellipsoid( (0.99899,0.038947,0.022517), (-0.017731,0.80086,-0.59859), (-0.041346,0.59759,0.80074), 0.4872, 0.54018, 0.59935, (gDx*53,gDy*27,gDz*0)),rgb(1,0.75,0));
		draw(
			ellipsoid( (0.78389,0.56213,0.26369), (-0.065432,0.49711,-0.86522), (-0.61745,0.66098,0.42646), 0.31659, 0.39038, 0.52217, (gDx*54,gDy*27,gDz*0)),rgb(0.40625,1,0));
		draw(
			ellipsoid( (-0.61643,-0.74959,0.24108), (0.75417,-0.47404,0.45445), (0.22637,-0.46195,-0.85753), 0.49371, 0.53464, 0.55698, (gDx*55,gDy*27,gDz*0)),rgb(1,0.46875,0));
		draw(
			ellipsoid( (-0.030967,-0.95719,0.28779), (0.95239,-0.11563,-0.28209), (-0.30329,-0.26535,-0.91521), 0.35378, 0.37919, 0.38506, (gDx*56,gDy*27,gDz*0)),rgb(1,0.375,0));
		draw(
			ellipsoid( (-0.14656,0.76858,-0.62274), (0.19991,-0.59354,-0.77958), (-0.96879,-0.23875,-0.06666), 0.21849, 0.22363, 0.23561, (gDx*57,gDy*27,gDz*0)),rgb(1,0.28125,0));
		draw(
			ellipsoid( (-0.21965,-0.19383,0.95613), (-0.61373,0.78929,0.019014), (-0.75835,-0.58262,-0.29232), 0.22998, 0.23627, 0.24344, (gDx*58,gDy*27,gDz*0)),rgb(1,0.1875,0));
		draw(
			ellipsoid( (0.66584,-0.7201,0.19523), (-0.052779,0.21555,0.97506), (0.74423,0.65954,-0.10552), 0.14998, 0.16834, 0.22153, (gDx*59,gDy*27,gDz*0)),rgb(0.6875,1,0));
		draw(
			ellipsoid( (0.68833,-0.71466,0.12432), (0.078438,0.2437,0.96667), (-0.72114,-0.65564,0.22381), 0.11005, 0.1534, 0.21127, (gDx*60,gDy*27,gDz*0)),rgb(0.125,1,0));
		draw(
			ellipsoid( (0.68928,-0.66532,0.28679), (-0.38245,-0.67033,-0.63591), (-0.61533,-0.32864,0.7165), 0.14251, 0.17212, 0.18804, (gDx*61,gDy*27,gDz*0)),rgb(0.96875,1,0));
		draw(
			ellipsoid( (0.68225,-0.60452,0.4112), (0.4004,0.77953,0.48168), (0.61173,0.16399,-0.77388), 0.15914, 0.17033, 0.18042, (gDx*62,gDy*27,gDz*0)),rgb(1,0.46875,0));
		draw(
			ellipsoid( (0.77286,0.31167,0.55277), (0.26361,-0.95005,0.1671), (-0.57723,-0.016575,0.81641), 0.15764, 0.16113, 0.17116, (gDx*63,gDy*27,gDz*0)),rgb(1,0.375,0));
		draw(
			ellipsoid( (0.050905,0.72392,0.688), (0.99653,0.0086019,-0.082784), (0.065847,-0.68983,0.72097), 0.14665, 0.16202, 0.18334, (gDx*64,gDy*27,gDz*0)),rgb(1,0.84375,0));
		draw(
			ellipsoid( (-0.48663,0.44412,0.7523), (-0.84261,-0.46597,-0.26996), (0.23065,-0.76526,0.60098), 0.12167, 0.15153, 0.19429, (gDx*65,gDy*27,gDz*0)),rgb(0.5,1,0));
		draw(
			ellipsoid( (0.7669,-0.17682,-0.61692), (-0.59173,-0.56694,-0.57309), (0.24842,-0.80456,0.53942), 0.13424, 0.17978, 0.25881, (gDx*66,gDy*27,gDz*0)),rgb(0.125,1,0));
		draw(
			ellipsoid( (-0.49092,0.32025,0.8102), (0.69138,0.70907,0.13865), (0.53009,-0.62822,0.56951), 0.11735, 0.12909, 0.18007, (gDx*67,gDy*27,gDz*0)),rgb(0.59375,1,0));
		draw(
			ellipsoid( (0.18703,0.96713,0.17226), (-0.23388,-0.12647,0.964), (0.95411,-0.22059,0.20254), 0.21076, 0.21766, 0.23009, (gDx*68,gDy*27,gDz*0)),rgb(1,0.375,0));
		draw(
			ellipsoid( (-0.056014,-0.93154,0.35931), (0.86913,0.13163,0.47674), (-0.4914,0.33899,0.80226), 0.26945, 0.27835, 0.28898, (gDx*69,gDy*27,gDz*0)),rgb(1,0.28125,0));
		draw(
			ellipsoid( (0.72115,0.51432,0.46413), (0.41337,-0.85708,0.30747), (-0.55593,0.029877,0.83069), 0.17317, 0.18635, 0.20136, (gDx*70,gDy*27,gDz*0)),rgb(1,0.5625,0));
		draw(
			ellipsoid( (0.95569,0.24413,0.1645), (-0.28498,0.90733,0.30909), (-0.073797,-0.34227,0.9367), 0.14366, 0.16227, 0.18015, (gDx*71,gDy*27,gDz*0)),rgb(1,0.84375,0));
		draw(
			ellipsoid( (-0.44048,0.85684,0.26795), (0.85452,0.49167,-0.16751), (0.27527,-0.15519,0.94876), 0.12695, 0.15434, 0.22818, (gDx*72,gDy*27,gDz*0)),rgb(0.21875,1,0));
		draw(
			ellipsoid( (-0.18612,0.9659,0.18001), (-0.92535,-0.23391,0.29835), (0.33028,-0.11104,0.93733), 0.085557, 0.12315, 0.20836, (gDx*73,gDy*27,gDz*0)),rgb(0,1,0.25));
		draw(
			ellipsoid( (-0.2539,0.9221,0.29201), (-0.85742,-0.35429,0.37324), (0.44762,-0.15561,0.88058), 0.13369, 0.15359, 0.23731, (gDx*74,gDy*27,gDz*0)),rgb(0.21875,1,0));
		draw(
			ellipsoid( (-0.22109,0.88942,0.40008), (-0.8367,-0.38375,0.39074), (0.50106,-0.24835,0.82901), 0.14299, 0.17183, 0.22039, (gDx*75,gDy*27,gDz*0)),rgb(0.59375,1,0));
		draw(
			ellipsoid( (0.082326,0.8583,0.5065), (0.96573,0.056814,-0.25324), (0.24614,-0.50999,0.82421), 0.14071, 0.15648, 0.18931, (gDx*76,gDy*27,gDz*0)),rgb(0.96875,1,0));
		draw(
			ellipsoid( (-0.3409,-0.81154,-0.47455), (-0.90757,0.15246,0.39124), (0.24515,-0.56406,0.78851), 0.13829, 0.1501, 0.19242, (gDx*77,gDy*27,gDz*0)),rgb(0.875,1,0));
		draw(
			ellipsoid( (-0.60662,0.38138,0.69754), (0.64538,0.74859,0.15197), (0.46422,-0.54236,0.70025), 0.17145, 0.17382, 0.19969, (gDx*78,gDy*27,gDz*0)),rgb(1,0.65625,0));
		draw(
			ellipsoid( (0.14224,0.98447,0.1029), (-0.95002,0.10659,0.29342), (0.2779,-0.13949,0.95043), 0.2914, 0.31706, 0.33611, (gDx*32,gDy*28,gDz*0)),rgb(1,0.5625,0));
		draw(
			ellipsoid( (0.002104,0.96572,0.25957), (0.99486,-0.028298,0.09722), (-0.10123,-0.25803,0.96082), 0.29186, 0.30482, 0.31283, (gDx*33,gDy*28,gDz*0)),rgb(1,0.28125,0));
		draw(
			ellipsoid( (-0.086476,0.4877,0.86872), (-0.79312,0.49399,-0.35627), (-0.60289,-0.71981,0.34409), 0.22259, 0.23652, 0.24865, (gDx*34,gDy*28,gDz*0)),rgb(1,0.46875,0));
		draw(
			ellipsoid( (-0.060211,0.13419,0.98912), (-0.92023,0.37645,-0.10709), (-0.38673,-0.91667,0.10082), 0.10394, 0.12304, 0.15348, (gDx*35,gDy*28,gDz*0)),rgb(0.6875,1,0));
		draw(
			ellipsoid( (-0.11909,0.089853,0.98881), (-0.93819,0.31579,-0.14169), (-0.32499,-0.94457,0.046691), 0.1374, 0.15085, 0.17864, (gDx*36,gDy*28,gDz*0)),rgb(1,0.9375,0));
		draw(
			ellipsoid( (-0.27234,-0.025462,0.96186), (0.92496,-0.28233,0.25442), (0.26509,0.95898,0.10044), 0.18109, 0.18936, 0.20528, (gDx*37,gDy*28,gDz*0)),rgb(1,0.46875,0));
		draw(
			ellipsoid( (-0.55901,-0.03274,0.82852), (0.7927,-0.31416,0.52243), (0.24318,0.94881,0.20157), 0.22292, 0.22642, 0.23337, (gDx*38,gDy*28,gDz*0)),rgb(1,0.1875,0));
		draw(
			ellipsoid( (0.45925,0.88786,-0.028273), (-0.86889,0.4556,0.19354), (0.18472,-0.064317,0.98068), 0.27493, 0.27914, 0.28804, (gDx*39,gDy*28,gDz*0)),rgb(1,0.1875,0));
		draw(
			ellipsoid( (0.54262,0.83614,0.080202), (-0.69713,0.50154,-0.51232), (-0.46859,0.22208,0.85504), 0.28429, 0.30062, 0.31415, (gDx*40,gDy*28,gDz*0)),rgb(1,0.375,0));
		draw(
			ellipsoid( (-0.93137,0.32967,0.15447), (0.35872,0.90343,0.23479), (0.062147,-0.27409,0.95969), 0.18033, 0.19228, 0.2004, (gDx*41,gDy*28,gDz*0)),rgb(1,0.375,0));
		draw(
			ellipsoid( (0.87399,-0.36105,-0.32526), (0.24002,-0.26125,0.93495), (0.42254,0.8952,0.14167), 0.1073, 0.17175, 0.1837, (gDx*42,gDy*28,gDz*0)),rgb(0.3125,1,0));
		draw(
			ellipsoid( (0.82777,-0.30963,-0.46789), (0.3022,-0.45656,0.83679), (0.47272,0.83407,0.28436), 0.13529, 0.17349, 0.18618, (gDx*43,gDy*28,gDz*0)),rgb(0.875,1,0));
		draw(
			ellipsoid( (-0.0020636,0.40705,0.9134), (0.70862,0.64508,-0.28587), (0.70559,-0.64667,0.28977), 0.11827, 0.12431, 0.18557, (gDx*44,gDy*28,gDz*0)),rgb(0.5,1,0));
		draw(
			ellipsoid( (-0.08062,0.27699,0.95748), (0.87186,0.48515,-0.066938), (0.48307,-0.8294,0.28061), 0.10121, 0.11158, 0.25919, (gDx*45,gDy*28,gDz*0)),rgb(0,1,0.53125));
		draw(
			ellipsoid( (0.12334,0.24396,0.96191), (0.93731,0.28973,-0.19367), (-0.32594,0.92549,-0.19293), 0.094635, 0.12337, 0.26088, (gDx*46,gDy*28,gDz*0)),rgb(0,1,0.53125));
		draw(
			ellipsoid( (0.25375,0.046274,0.96616), (0.92849,0.26835,-0.25671), (-0.27115,0.96221,0.025131), 0.10171, 0.15111, 0.22874, (gDx*47,gDy*28,gDz*0)),rgb(0,1,0.15625));
		draw(
			ellipsoid( (-0.22917,-0.23071,0.94565), (0.74663,0.58165,0.32284), (-0.62453,0.78003,0.03896), 0.11452, 0.1508, 0.20574, (gDx*48,gDy*28,gDz*0)),rgb(0.3125,1,0));
		draw(
			ellipsoid( (0.59173,0.40125,-0.69918), (-0.51504,-0.47905,-0.71081), (-0.62016,0.78071,-0.07681), 0.095968, 0.15276, 0.21575, (gDx*49,gDy*28,gDz*0)),rgb(0,1,0.15625));
		draw(
			ellipsoid( (-0.27682,-0.42003,0.86426), (0.78623,0.4181,0.45502), (-0.55247,0.80546,0.2145), 0.15771, 0.17329, 0.19403, (gDx*50,gDy*28,gDz*0)),rgb(1,0.75,0));
		draw(
			ellipsoid( (0.3237,-0.80349,0.49963), (0.34225,0.59174,0.72987), (-0.88209,-0.065264,0.46654), 0.1665, 0.17357, 0.19378, (gDx*51,gDy*28,gDz*0)),rgb(1,0.5625,0));
		draw(
			ellipsoid( (-0.084269,-0.78929,0.60821), (0.96288,0.09258,0.25355), (-0.25643,0.607,0.75219), 0.31952, 0.33048, 0.33728, (gDx*52,gDy*28,gDz*0)),rgb(1,0.1875,0));
		draw(
			ellipsoid( (0.99418,0.093331,-0.053774), (-0.10648,0.77605,-0.62161), (-0.016284,0.62372,0.78148), 0.45801, 0.49581, 0.53876, (gDx*53,gDy*28,gDz*0)),rgb(1,0.5625,0));
		draw(
			ellipsoid( (-0.9084,-0.40813,-0.090759), (0.36995,-0.88575,0.28031), (0.19479,-0.22106,-0.95561), 0.47829, 0.61726, 0.63918, (gDx*54,gDy*28,gDz*0)),rgb(0.875,1,0));
		draw(
			ellipsoid( (-0.36498,-0.5755,0.73184), (0.90925,-0.05136,0.41307), (-0.20013,0.81618,0.54202), 0.39347, 0.41273, 0.42695, (gDx*55,gDy*28,gDz*0)),rgb(1,0.28125,0));
		draw(
			ellipsoid( (-0.035627,0.39427,0.9183), (-0.53865,0.76641,-0.34995), (-0.84178,-0.50711,0.18507), 0.1806, 0.18758, 0.23044, (gDx*56,gDy*28,gDz*0)),rgb(1,0.9375,0));
		draw(
			ellipsoid( (0.49342,-0.76902,-0.40638), (0.51719,-0.11624,0.84794), (-0.69932,-0.62856,0.34038), 0.16783, 0.17986, 0.21671, (gDx*57,gDy*28,gDz*0)),rgb(1,0.9375,0));
		draw(
			ellipsoid( (-0.53041,-0.17482,0.82952), (0.73533,-0.58179,0.34757), (0.42184,0.79433,0.43714), 0.24249, 0.25071, 0.25772, (gDx*58,gDy*28,gDz*0)),rgb(1,0.28125,0));
		draw(
			ellipsoid( (-0.43354,-0.44054,0.78611), (-0.40353,0.87491,0.26775), (-0.80573,-0.20114,-0.55708), 0.25485, 0.26146, 0.26816, (gDx*59,gDy*28,gDz*0)),rgb(1,0.1875,0));
		draw(
			ellipsoid( (-0.62406,0.66178,0.41545), (0.38544,-0.20178,0.9004), (-0.6797,-0.72203,0.12916), 0.12886, 0.15121, 0.22057, (gDx*60,gDy*28,gDz*0)),rgb(0.3125,1,0));
		draw(
			ellipsoid( (0.75702,-0.63133,0.16834), (0.0059128,0.26425,0.96444), (-0.65336,-0.7291,0.20378), 0.11038, 0.16057, 0.21905, (gDx*61,gDy*28,gDz*0)),rgb(0.03125,1,0));
		draw(
			ellipsoid( (0.77335,-0.58004,0.25589), (0.28091,0.67536,0.6819), (-0.56835,-0.45546,0.68523), 0.13244, 0.1757, 0.18906, (gDx*62,gDy*28,gDz*0)),rgb(0.78125,1,0));
		draw(
			ellipsoid( (-0.79152,0.52278,-0.31654), (0.47279,0.852,0.22487), (-0.38725,-0.028332,0.92154), 0.15048, 0.16097, 0.18294, (gDx*63,gDy*28,gDz*0)),rgb(1,0.75,0));
		draw(
			ellipsoid( (0.74267,0.6175,0.25909), (0.59119,-0.78632,0.17946), (-0.31454,-0.019891,0.94903), 0.15537, 0.16737, 0.17707, (gDx*64,gDy*28,gDz*0)),rgb(1,0.46875,0));
		draw(
			ellipsoid( (0.87871,0.45967,-0.12876), (-0.17038,0.55397,0.81492), (0.44592,-0.69414,0.56509), 0.14732, 0.15367, 0.17924, (gDx*65,gDy*28,gDz*0)),rgb(1,0.75,0));
		draw(
			ellipsoid( (0.86005,0.057304,-0.50698), (0.34397,0.66878,0.65911), (0.37683,-0.74125,0.55548), 0.14047, 0.1729, 0.22523, (gDx*66,gDy*28,gDz*0)),rgb(0.5,1,0));
		draw(
