	import three;
	import settings;

	surface ellipsoid(triple v1,triple v2,triple v3,real l1,real l2, real l3, triple pos=O) {
		transform3 T = identity(4);
		T[0][0] = l1*v1.x;
		T[1][0] = l1*v1.y;
		T[2][0] = l1*v1.z;
		T[0][1] = l2*v2.x;
		T[1][1] = l2*v2.y;
		T[2][1] = l2*v2.z;
		T[0][2] = l3*v3.x;
		T[1][2] = l3*v3.y;
		T[2][2] = l3*v3.z;
		T[0][3] = pos.x;
		T[1][3] = pos.y;
		T[2][3] = pos.z;
		return T*unitsphere;
	}

	size(200);

	real gDx=0.25;
	real gDy=0.25;
	real gDz=0.25;

	currentprojection=perspective( camera=(gDx*29.5,gDy*19.5,60),up=Y, target=(gDx*29.5,gDy*19.5,gDz*-0.5));
		draw(
			ellipsoid( (0.17527,0.97916,-0.10261), (-0.971,0.18913,0.14626), (0.16262,0.074003,0.98391), 0.38519, 0.39336, 0.4106, (gDx*0,gDy*0,gDz*0)),rgb(1,0.28125,0));
		draw(
			ellipsoid( (0.4032,-0.4676,0.78663), (0.024238,0.86475,0.50161), (-0.91479,-0.18318,0.36), 0.24586, 0.25664, 0.2686, (gDx*1,gDy*0,gDz*0)),rgb(1,0.375,0));
		draw(
			ellipsoid( (0.57453,-0.040251,0.8175), (0.44244,-0.82502,-0.35156), (0.6886,0.56367,-0.45619), 0.11086, 0.13217, 0.14696, (gDx*2,gDy*0,gDz*0)),rgb(0.96875,1,0));
		draw(
			ellipsoid( (0.4702,0.2564,0.84449), (0.48818,-0.87272,-0.0068418), (-0.73525,-0.41548,0.53552), 0.13503, 0.14584, 0.17357, (gDx*3,gDy*0,gDz*0)),rgb(1,0.9375,0));
		draw(
			ellipsoid( (0.081522,-0.79283,-0.60397), (-0.80916,0.30116,-0.50454), (-0.58191,-0.52984,0.61698), 0.16114, 0.1778, 0.20006, (gDx*4,gDy*0,gDz*0)),rgb(1,0.75,0));
		draw(
			ellipsoid( (0.38422,-0.88872,-0.25009), (0.45696,-0.052311,0.88795), (-0.80222,-0.45545,0.38602), 0.15445, 0.17564, 0.19723, (gDx*5,gDy*0,gDz*0)),rgb(1,0.84375,0));
		draw(
			ellipsoid( (0.47761,-0.87576,0.070302), (0.28437,0.2298,0.93077), (-0.83128,-0.42455,0.35879), 0.10484, 0.12463, 0.15701, (gDx*6,gDy*0,gDz*0)),rgb(0.6875,1,0));
		draw(
			ellipsoid( (0.58153,-0.81305,0.027953), (0.31238,0.25489,0.91512), (-0.75116,-0.52344,0.40221), 0.11311, 0.13122, 0.16693, (gDx*7,gDy*0,gDz*0)),rgb(0.6875,1,0));
		draw(
			ellipsoid( (0.30092,-0.90865,-0.28949), (0.37801,-0.16505,0.91097), (-0.87553,-0.38356,0.29381), 0.12696, 0.1408, 0.16673, (gDx*8,gDy*0,gDz*0)),rgb(1,0.9375,0));
		draw(
			ellipsoid( (0.58434,0.20958,0.78398), (0.28622,-0.95722,0.042557), (-0.75936,-0.19952,0.61932), 0.11681, 0.12442, 0.16642, (gDx*9,gDy*0,gDz*0)),rgb(0.78125,1,0));
		draw(
			ellipsoid( (0.76158,0.20239,0.61566), (0.44309,-0.85587,-0.26676), (-0.47293,-0.47595,0.74149), 0.084759, 0.1205, 0.21943, (gDx*10,gDy*0,gDz*0)),rgb(0,1,0.4375));
		draw(
			ellipsoid( (0.64603,0.22644,0.72895), (0.63892,-0.68294,-0.35409), (-0.41765,-0.6945,0.58587), 0.072711, 0.11719, 0.27269, (gDx*11,gDy*0,gDz*0)),rgb(0,1,0.90625));
		draw(
			ellipsoid( (0.3694,0.28006,0.88607), (0.87371,-0.42943,-0.22852), (0.31651,0.85858,-0.40332), 0.071703, 0.13295, 0.22787, (gDx*12,gDy*0,gDz*0)),rgb(0,1,0.625));
		draw(
			ellipsoid( (0.049996,0.24008,0.96947), (0.9878,0.13148,-0.0835), (-0.14751,0.96181,-0.23057), 0.082476, 0.12996, 0.20598, (gDx*13,gDy*0,gDz*0)),rgb(0,1,0.34375));
		draw(
			ellipsoid( (-0.15141,0.13051,0.97982), (-0.92361,-0.37183,-0.093196), (0.35216,-0.91908,0.17683), 0.072658, 0.1198, 0.18975, (gDx*14,gDy*0,gDz*0)),rgb(0,1,0.34375));
		draw(
			ellipsoid( (-0.28352,0.044913,0.95791), (-0.83925,-0.49492,-0.2252), (0.46397,-0.86778,0.17801), 0.11083, 0.13686, 0.21502, (gDx*15,gDy*0,gDz*0)),rgb(0.125,1,0));
		draw(
			ellipsoid( (0.54133,0.344,-0.76722), (-0.4903,-0.61213,-0.6204), (-0.68306,0.71201,-0.1627), 0.095397, 0.142, 0.22928, (gDx*16,gDy*0,gDz*0)),rgb(0,1,0.25));
		draw(
			ellipsoid( (-0.61815,-0.56676,0.54468), (0.22167,0.53912,0.81253), (0.75416,-0.623,0.20762), 0.076387, 0.1076, 0.24598, (gDx*17,gDy*0,gDz*0)),rgb(0,1,0.71875));
		draw(
			ellipsoid( (0.67525,0.72933,-0.11006), (-0.14224,0.27519,0.95081), (0.72374,-0.62638,0.28956), 0.079429, 0.11027, 0.30506, (gDx*18,gDy*0,gDz*0)),rgb(0,1,0.90625));
		draw(
			ellipsoid( (0.44639,0.78021,0.4382), (-0.48356,-0.20171,0.85175), (0.75293,-0.5921,0.28724), 0.078794, 0.10773, 0.27056, (gDx*19,gDy*0,gDz*0)),rgb(0,1,0.8125));
		draw(
			ellipsoid( (-0.15103,-0.69519,-0.70278), (-0.564,-0.52327,0.63882), (0.81185,-0.49285,0.31306), 0.072575, 0.099249, 0.23582, (gDx*20,gDy*0,gDz*0)),rgb(0,1,0.71875));
		draw(
			ellipsoid( (-0.3503,0.40802,0.84309), (0.49965,0.84276,-0.20025), (-0.79223,0.35111,-0.49909), 0.10191, 0.15283, 0.22679, (gDx*21,gDy*0,gDz*0)),rgb(0,1,0.15625));
		draw(
			ellipsoid( (-0.31609,0.89534,0.31377), (-0.21347,-0.38937,0.896), (0.9244,0.21624,0.31421), 0.12057, 0.13696, 0.18563, (gDx*22,gDy*0,gDz*0)),rgb(0.59375,1,0));
		draw(
			ellipsoid( (-0.22496,-0.93657,0.26875), (-0.31956,0.33148,0.8877), (0.92048,-0.11382,0.37386), 0.12636, 0.1566, 0.16149, (gDx*23,gDy*0,gDz*0)),rgb(1,0.9375,0));
		draw(
			ellipsoid( (-0.60135,-0.49291,0.62882), (-0.074306,-0.74912,-0.65826), (-0.79552,0.44257,-0.41386), 0.1283, 0.14586, 0.15489, (gDx*24,gDy*0,gDz*0)),rgb(1,0.75,0));
		draw(
			ellipsoid( (-0.2013,-0.45734,0.86621), (-0.11046,0.88927,0.44385), (-0.97328,-0.0063327,-0.22953), 0.1783, 0.19907, 0.20943, (gDx*25,gDy*0,gDz*0)),rgb(1,0.65625,0));
		draw(
			ellipsoid( (0.88985,-0.45608,0.012582), (0.43528,0.8569,0.27612), (-0.13671,-0.24023,0.96104), 0.31785, 0.36865, 0.37779, (gDx*26,gDy*0,gDz*0)),rgb(1,0.65625,0));
		draw(
			ellipsoid( (0.99458,-0.057875,-0.086365), (-0.00089591,0.82592,-0.56378), (0.10396,0.5608,0.8214), 0.41848, 0.51769, 0.56816, (gDx*27,gDy*0,gDz*0)),rgb(0.96875,1,0));
		draw(
			ellipsoid( (0.31462,-0.18863,0.93029), (-0.3081,-0.94729,-0.087872), (0.89782,-0.25898,-0.35615), 0.16952, 0.19683, 0.20567, (gDx*28,gDy*0,gDz*0)),rgb(1,0.75,0));
		draw(
			ellipsoid( (0.52613,0.24608,0.81402), (0.10519,-0.9687,0.22486), (-0.84387,0.032679,0.53554), 0.024021, 0.035271, 0.10368, (gDx*29,gDy*0,gDz*0)),rgb(0,0.90625,1));
		draw(
			ellipsoid( (0.56552,0.82167,0.071056), (-0.23151,0.24085,-0.94255), (-0.79157,0.51658,0.32643), 0.11199, 0.14252, 0.19292, (gDx*30,gDy*0,gDz*0)),rgb(0.3125,1,0));
		draw(
			ellipsoid( (-0.41995,-0.61995,0.66279), (0.50813,0.44449,0.73772), (-0.75196,0.64659,0.12835), 0.089842, 0.10772, 0.15387, (gDx*31,gDy*0,gDz*0)),rgb(0.3125,1,0));
		draw(
			ellipsoid( (-0.25583,-0.54169,0.8007), (0.68275,0.48514,0.54635), (-0.68441,0.68645,0.24573), 0.1029, 0.13367, 0.14871, (gDx*32,gDy*0,gDz*0)),rgb(0.78125,1,0));
		draw(
			ellipsoid( (-0.45402,-0.28888,0.84286), (-0.68948,0.71308,-0.127), (-0.56434,-0.6388,-0.52293), 0.094962, 0.12333, 0.14438, (gDx*33,gDy*0,gDz*0)),rgb(0.59375,1,0));
		draw(
			ellipsoid( (0.60704,-0.76716,0.20729), (0.42221,0.090377,-0.90198), (0.67323,0.63506,0.37877), 0.092302, 0.13134, 0.18685, (gDx*34,gDy*0,gDz*0)),rgb(0.03125,1,0));
		draw(
			ellipsoid( (0.69471,-0.70075,0.16229), (0.0029426,0.22839,0.97357), (-0.71929,-0.67587,0.16072), 0.060806, 0.12521, 0.21344, (gDx*35,gDy*0,gDz*0)),rgb(0,1,0.8125));
		draw(
			ellipsoid( (0.80801,-0.57701,0.11907), (0.13968,0.38396,0.91272), (-0.57236,-0.72086,0.39084), 0.078476, 0.11739, 0.23732, (gDx*36,gDy*0,gDz*0)),rgb(0,1,0.625));
		draw(
			ellipsoid( (0.8075,-0.58882,-0.035177), (0.18228,0.19237,0.96425), (-0.561,-0.78504,0.26266), 0.057532, 0.11552, 0.22584, (gDx*37,gDy*0,gDz*0)),rgb(0,1,0.90625));
		draw(
			ellipsoid( (0.69509,-0.71188,-0.10039), (-0.024363,-0.16289,0.98634), (0.71851,0.68315,0.13056), 0.056228, 0.15499, 0.19558, (gDx*38,gDy*0,gDz*0)),rgb(0,1,0.8125));
		draw(
			ellipsoid( (-0.39742,0.88639,0.23741), (-0.62026,-0.45015,0.64237), (0.67627,0.10804,0.72869), 0.069376, 0.1218, 0.1577, (gDx*39,gDy*0,gDz*0)),rgb(0,1,0.15625));
		draw(
			ellipsoid( (-0.51689,0.59412,0.61632), (0.69297,0.7131,-0.10623), (0.50261,-0.37218,0.7803), 0.086513, 0.098321, 0.22653, (gDx*40,gDy*0,gDz*0)),rgb(0,1,0.53125));
		draw(
			ellipsoid( (0.92946,0.30291,-0.21057), (-0.11757,0.78425,0.6092), (0.34968,-0.54148,0.76455), 0.10153, 0.11672, 0.19282, (gDx*41,gDy*0,gDz*0)),rgb(0.125,1,0));
		draw(
			ellipsoid( (0.41102,-0.44128,0.79771), (-0.61697,-0.77884,-0.11295), (0.67113,-0.44574,-0.59237), 0.16172, 0.17488, 0.18478, (gDx*42,gDy*0,gDz*0)),rgb(1,0.46875,0));
		draw(
			ellipsoid( (0.065698,-0.50253,0.86206), (-0.98827,-0.15216,-0.013382), (0.13789,-0.85107,-0.50663), 0.1429, 0.15713, 0.16435, (gDx*43,gDy*0,gDz*0)),rgb(1,0.5625,0));
		draw(
			ellipsoid( (0.73682,0.61959,0.27055), (-0.29734,-0.062409,0.95273), (-0.60719,0.78244,-0.13825), 0.08751, 0.12111, 0.18964, (gDx*44,gDy*0,gDz*0)),rgb(0,1,0.0625));
		draw(
			ellipsoid( (0.70849,0.63798,0.30171), (-0.22204,-0.2043,0.95339), (-0.66988,0.74246,0.0030892), 0.087596, 0.13141, 0.21311, (gDx*45,gDy*0,gDz*0)),rgb(0,1,0.25));
		draw(
			ellipsoid( (0.05399,-0.095712,0.99394), (-0.80667,-0.59085,-0.013078), (0.58852,-0.80108,-0.10911), 0.13851, 0.15558, 0.1891, (gDx*46,gDy*0,gDz*0)),rgb(0.96875,1,0));
		draw(
			ellipsoid( (0.021577,-0.38415,0.92302), (-0.85415,0.47272,0.21671), (-0.51958,-0.79307,-0.31792), 0.20754, 0.22303, 0.22965, (gDx*47,gDy*0,gDz*0)),rgb(1,0.375,0));
		draw(
			ellipsoid( (-0.3849,0.70378,0.59711), (0.9007,0.1452,0.40946), (-0.20147,-0.69542,0.68979), 0.19586, 0.20026, 0.20713, (gDx*48,gDy*0,gDz*0)),rgb(1,0.1875,0));
		draw(
			ellipsoid( (0.21553,0.73532,0.64254), (0.96022,-0.27924,-0.0025256), (-0.17757,-0.61752,0.76625), 0.10771, 0.1351, 0.16066, (gDx*49,gDy*0,gDz*0)),rgb(0.6875,1,0));
		draw(
			ellipsoid( (0.19775,0.66851,0.71693), (-0.97898,0.17194,0.10971), (-0.049927,-0.72355,0.68846), 0.10021, 0.14507, 0.18738, (gDx*50,gDy*0,gDz*0)),rgb(0.21875,1,0));
		draw(
			ellipsoid( (0.1964,0.59709,0.77776), (0.95592,-0.29318,-0.016317), (-0.21828,-0.74668,0.62834), 0.10866, 0.15203, 0.23962, (gDx*51,gDy*0,gDz*0)),rgb(0,1,0.15625));
		draw(
			ellipsoid( (-0.65307,-0.37264,-0.65927), (-0.73774,0.50961,0.44276), (-0.17099,-0.77552,0.60772), 0.12532, 0.13577, 0.21717, (gDx*52,gDy*0,gDz*0)),rgb(0.21875,1,0));
		draw(
			ellipsoid( (0.87745,0.42928,0.214), (-0.43385,0.51997,0.7358), (0.20459,-0.73847,0.6425), 0.13134, 0.14295, 0.15696, (gDx*53,gDy*0,gDz*0)),rgb(1,0.65625,0));
		draw(
			ellipsoid( (-0.26756,0.90797,0.32251), (-0.43928,-0.41285,0.79786), (0.85758,0.071805,0.50932), 0.13161, 0.13758, 0.16244, (gDx*54,gDy*0,gDz*0)),rgb(1,0.84375,0));
		draw(
			ellipsoid( (-0.30349,0.71983,0.62429), (0.6497,0.6356,-0.41703), (0.69699,-0.27903,0.66057), 0.10413, 0.12232, 0.15396, (gDx*55,gDy*0,gDz*0)),rgb(0.6875,1,0));
		draw(
			ellipsoid( (-0.62411,0.064708,0.77865), (0.36869,0.90303,0.22047), (0.68888,-0.42468,0.58745), 0.14942, 0.15176, 0.17204, (gDx*56,gDy*0,gDz*0)),rgb(1,0.5625,0));
		draw(
			ellipsoid( (-0.20981,-0.24831,0.94569), (0.8426,0.44474,0.30371), (-0.496,0.86055,0.11591), 0.19499, 0.21402, 0.22921, (gDx*57,gDy*0,gDz*0)),rgb(1,0.5625,0));
		draw(
			ellipsoid( (-0.35532,0.7539,0.55262), (-0.48176,-0.65433,0.58289), (0.80103,-0.059113,0.5957), 0.27376, 0.2878, 0.3168, (gDx*0,gDy*1,gDz*0)),rgb(1,0.5625,0));
		draw(
			ellipsoid( (-0.027919,0.56941,0.82158), (-0.43707,0.73222,-0.52233), (-0.899,-0.37367,0.22843), 0.15357, 0.16178, 0.18771, (gDx*1,gDy*1,gDz*0)),rgb(1,0.75,0));
		draw(
			ellipsoid( (0.52368,0.15786,0.83716), (0.56155,-0.80294,-0.19987), (0.64064,0.57478,-0.50913), 0.14015, 0.16444, 0.20827, (gDx*2,gDy*1,gDz*0)),rgb(0.6875,1,0));
		draw(
			ellipsoid( (0.26977,0.4165,0.86819), (-0.77603,0.62783,-0.060054), (-0.57009,-0.65754,0.49259), 0.10366, 0.12713, 0.19166, (gDx*3,gDy*1,gDz*0)),rgb(0.21875,1,0));
		draw(
			ellipsoid( (0.062449,0.53275,0.84396), (-0.97374,0.21802,-0.065575), (-0.21894,-0.81771,0.53238), 0.1304, 0.15079, 0.17665, (gDx*4,gDy*1,gDz*0)),rgb(0.96875,1,0));
		draw(
			ellipsoid( (-0.38098,0.47355,0.7941), (0.39982,0.8588,-0.32031), (-0.83366,0.19547,-0.51653), 0.16506, 0.17636, 0.18227, (gDx*5,gDy*1,gDz*0)),rgb(1,0.375,0));
		draw(
			ellipsoid( (0.29898,-0.80946,-0.50536), (0.50128,-0.31741,0.80497), (-0.81199,-0.49399,0.31086), 0.14207, 0.15273, 0.18567, (gDx*6,gDy*1,gDz*0)),rgb(1,0.9375,0));
		draw(
			ellipsoid( (0.39381,0.18868,0.89962), (0.58578,-0.80574,-0.087432), (-0.70837,-0.56141,0.42783), 0.082709, 0.095122, 0.2049, (gDx*7,gDy*1,gDz*0)),rgb(0,1,0.4375));
		draw(
			ellipsoid( (0.19666,0.56539,0.80104), (0.68763,-0.66192,0.29838), (-0.69892,-0.49214,0.51895), 0.057748, 0.079677, 0.24634, (gDx*8,gDy*1,gDz*0)),rgb(0,0.90625,1));
		draw(
			ellipsoid( (0.24757,0.64472,0.72322), (0.70664,-0.63084,0.32047), (-0.66284,-0.43172,0.61176), 0.068484, 0.086129, 0.23202, (gDx*9,gDy*1,gDz*0)),rgb(0,1,0.8125));
		draw(
			ellipsoid( (0.67219,0.18863,0.71595), (0.44005,-0.87945,-0.18144), (-0.59542,-0.43701,0.67416), 0.074831, 0.11124, 0.2554, (gDx*10,gDy*1,gDz*0)),rgb(0,1,0.8125));
		draw(
			ellipsoid( (0.64058,0.089167,0.76269), (0.49402,-0.80825,-0.32043), (-0.58788,-0.58205,0.5618), 0.069335, 0.10544, 0.22182, (gDx*11,gDy*1,gDz*0)),rgb(0,1,0.71875));
		draw(
			ellipsoid( (0.48952,-0.15591,0.85794), (0.58886,-0.66656,-0.45711), (0.64313,0.72897,-0.23449), 0.094562, 0.13944, 0.20101, (gDx*12,gDy*1,gDz*0)),rgb(0,1,0.0625));
		draw(
			ellipsoid( (0.14416,-0.27179,0.9515), (-0.73648,0.61274,0.28661), (-0.66092,-0.74208,-0.11184), 0.1003, 0.15748, 0.17907, (gDx*13,gDy*1,gDz*0)),rgb(0.21875,1,0));
		draw(
			ellipsoid( (-0.10964,-0.15065,0.98249), (0.9146,0.37177,0.15906), (-0.38922,0.91602,0.097021), 0.10213, 0.1366, 0.15919, (gDx*14,gDy*1,gDz*0)),rgb(0.59375,1,0));
		draw(
			ellipsoid( (-0.79886,-0.43604,0.41436), (0.30522,0.29975,0.90387), (0.51833,-0.84854,0.10637), 0.10691, 0.1307, 0.18593, (gDx*15,gDy*1,gDz*0)),rgb(0.3125,1,0));
		draw(
			ellipsoid( (0.75402,0.61583,-0.22849), (0.00905,0.33809,0.94107), (0.65679,-0.71166,0.24935), 0.082655, 0.13167, 0.21452, (gDx*16,gDy*1,gDz*0)),rgb(0,1,0.34375));
		draw(
			ellipsoid( (0.73199,0.68049,0.03346), (-0.16209,0.12623,0.97867), (0.66175,-0.7218,0.2027), 0.066647, 0.11986, 0.24118, (gDx*17,gDy*1,gDz*0)),rgb(0,1,0.8125));
		draw(
			ellipsoid( (0.58344,0.70903,0.39607), (-0.42747,-0.14656,0.89207), (0.69055,-0.68978,0.21758), 0.071368, 0.11196, 0.27584, (gDx*18,gDy*1,gDz*0)),rgb(0,1,0.90625));
		draw(
			ellipsoid( (-0.35913,-0.76705,-0.53166), (0.44732,0.3585,-0.81938), (-0.81911,0.53208,-0.21437), 0.1031, 0.14112, 0.2316, (gDx*19,gDy*1,gDz*0)),rgb(0,1,0.15625));
		draw(
			ellipsoid( (-0.21165,0.17806,0.96099), (0.36461,0.92666,-0.091394), (-0.90679,0.33104,-0.26105), 0.10226, 0.11157, 0.19657, (gDx*20,gDy*1,gDz*0)),rgb(0.03125,1,0));
		draw(
			ellipsoid( (-0.30556,0.094262,0.94749), (-0.25786,-0.96609,0.012952), (0.91659,-0.24037,0.31951), 0.096621, 0.13545, 0.22489, (gDx*21,gDy*1,gDz*0)),rgb(0,1,0.25));
		draw(
			ellipsoid( (-0.33126,0.26224,0.90637), (-0.10766,0.94382,-0.31242), (-0.93738,-0.20107,-0.28442), 0.10268, 0.14165, 0.2157, (gDx*22,gDy*1,gDz*0)),rgb(0,1,0.0625));
		draw(
			ellipsoid( (0.41109,-0.85572,-0.31423), (0.1783,0.41353,-0.89286), (0.89399,0.31102,0.32257), 0.12751, 0.13583, 0.19755, (gDx*23,gDy*1,gDz*0)),rgb(0.5,1,0));
		draw(
			ellipsoid( (-0.14099,0.94468,-0.29613), (0.10235,0.31143,0.94474), (-0.98471,-0.10289,0.1406), 0.089685, 0.10992, 0.14547, (gDx*24,gDy*1,gDz*0)),rgb(0.5,1,0));
		draw(
			ellipsoid( (0.21122,-0.79839,0.56388), (0.22045,0.60095,0.76829), (-0.95225,-0.037965,0.30293), 0.15115, 0.15333, 0.19012, (gDx*25,gDy*1,gDz*0)),rgb(1,0.9375,0));
		draw(
			ellipsoid( (0.98185,-0.17552,0.071874), (0.1018,0.80742,0.58113), (-0.16003,-0.56327,0.81063), 0.41492, 0.42707, 0.46042, (gDx*26,gDy*1,gDz*0)),rgb(1,0.375,0));
		draw(
			ellipsoid( (0.96011,-0.27352,0.058067), (0.27767,0.90823,-0.31308), (0.032896,0.31672,0.94795), 0.50851, 0.55785, 0.6485, (gDx*27,gDy*1,gDz*0)),rgb(1,0.84375,0));
		draw(
			ellipsoid( (-0.69752,0.27385,-0.66217), (0.56083,0.78383,-0.26661), (-0.44601,0.55733,0.70032), 0.23497, 0.24787, 0.28207, (gDx*28,gDy*1,gDz*0)),rgb(1,0.65625,0));
		draw(
			ellipsoid( (0.47028,0.86435,-0.17817), (-0.44209,0.056002,-0.89522), (-0.7638,0.49977,0.40846), 0.11886, 0.12819, 0.18918, (gDx*29,gDy*1,gDz*0)),rgb(0.5,1,0));
		draw(
			ellipsoid( (-0.24555,-0.55935,0.79173), (0.71861,0.44313,0.53595), (-0.65062,0.70054,0.29314), 0.12879, 0.1625, 0.19689, (gDx*30,gDy*1,gDz*0)),rgb(0.59375,1,0));
		draw(
			ellipsoid( (-0.091201,-0.38738,0.9174), (-0.95548,0.29362,0.028999), (-0.2806,-0.87391,-0.39692), 0.14199, 0.16545, 0.19119, (gDx*31,gDy*1,gDz*0)),rgb(0.96875,1,0));
		draw(
			ellipsoid( (0.027966,0.73328,-0.67936), (0.99919,-0.040241,-0.0023021), (0.029026,0.67874,0.73381), 0.24218, 0.25322, 0.27358, (gDx*32,gDy*1,gDz*0)),rgb(1,0.46875,0));
		draw(
			ellipsoid( (0.55514,0.81012,-0.18846), (-0.69217,0.32432,-0.64476), (-0.46121,0.48838,0.74079), 0.25143, 0.26364, 0.27613, (gDx*33,gDy*1,gDz*0)),rgb(1,0.375,0));
		draw(
			ellipsoid( (0.077513,-0.17292,0.98188), (0.58831,0.80304,0.094979), (-0.80491,0.57029,0.16398), 0.14212, 0.15619, 0.17979, (gDx*34,gDy*1,gDz*0)),rgb(1,0.84375,0));
		draw(
			ellipsoid( (0.75802,-0.46858,0.4537), (-0.29575,0.37304,0.87941), (0.58133,0.80079,-0.14419), 0.10249, 0.11889, 0.20427, (gDx*35,gDy*1,gDz*0)),rgb(0.03125,1,0));
		draw(
			ellipsoid( (0.86418,-0.48251,0.14274), (0.069246,0.39502,0.91606), (-0.49839,-0.78176,0.37478), 0.054545, 0.095982, 0.27611, (gDx*36,gDy*1,gDz*0)),rgb(0,0.8125,1));
		draw(
			ellipsoid( (0.84304,-0.5325,0.075677), (0.16593,0.39134,0.90516), (-0.51162,-0.75053,0.41827), 0.074024, 0.10393, 0.26133, (gDx*37,gDy*1,gDz*0)),rgb(0,1,0.8125));
		draw(
			ellipsoid( (0.6481,-0.72633,-0.22895), (0.46728,0.14187,0.87265), (-0.60135,-0.67255,0.43134), 0.040406, 0.13248, 0.22746, (gDx*38,gDy*1,gDz*0)),rgb(0,0.71875,1));
		draw(
			ellipsoid( (0.48621,-0.81337,-0.31941), (0.87383,0.45438,0.1731), (-0.0043349,0.36327,-0.93167), 0.056874, 0.16887, 0.2094, (gDx*39,gDy*1,gDz*0)),rgb(0,1,0.90625));
		draw(
			ellipsoid( (-0.44484,0.77982,0.44045), (0.8257,0.54758,-0.13556), (0.3469,-0.30338,0.88748), 0.054358, 0.10762, 0.23805, (gDx*40,gDy*1,gDz*0)),rgb(0,1,1));
		draw(
			ellipsoid( (-0.37358,0.73144,0.57047), (0.89321,0.44956,0.0085183), (0.25023,-0.51273,0.82127), 0.084554, 0.13236, 0.23481, (gDx*41,gDy*1,gDz*0)),rgb(0,1,0.4375));
		draw(
			ellipsoid( (0.10023,0.84757,0.52113), (0.97501,0.020707,-0.2212), (0.19827,-0.53027,0.82432), 0.098286, 0.14203, 0.19466, (gDx*42,gDy*1,gDz*0)),rgb(0.03125,1,0));
		draw(
			ellipsoid( (0.6064,0.71268,0.35266), (-0.64405,0.1801,0.74348), (0.46635,-0.67798,0.56821), 0.075971, 0.13558, 0.20164, (gDx*43,gDy*1,gDz*0)),rgb(0,1,0.4375));
		draw(
			ellipsoid( (0.71382,0.65135,0.2573), (-0.32235,-0.020576,0.9464), (-0.62173,0.7585,-0.19528), 0.07028, 0.12889, 0.22952, (gDx*44,gDy*1,gDz*0)),rgb(0,1,0.71875));
		draw(
			ellipsoid( (-0.78691,-0.55249,0.27483), (0.18697,0.21096,0.95945), (0.58806,-0.80638,0.06271), 0.12208, 0.12987, 0.15965, (gDx*45,gDy*1,gDz*0)),rgb(1,0.9375,0));
		draw(
			ellipsoid( (-0.7288,-0.41295,0.54619), (0.65866,-0.2048,0.72403), (-0.18713,0.88743,0.42125), 0.24558, 0.25102, 0.27554, (gDx*46,gDy*1,gDz*0)),rgb(1,0.46875,0));
		draw(
			ellipsoid( (0.090165,-0.87582,0.47413), (0.81428,0.33894,0.47124), (-0.57342,0.34359,0.74373), 0.24467, 0.24976, 0.25566, (gDx*47,gDy*1,gDz*0)),rgb(1,0.1875,0));
		draw(
			ellipsoid( (0.16373,0.79029,0.59045), (-0.94813,0.29138,-0.12707), (-0.27247,-0.53902,0.79701), 0.12578, 0.15478, 0.16184, (gDx*48,gDy*1,gDz*0)),rgb(1,0.9375,0));
		draw(
			ellipsoid( (-0.51964,-0.67735,-0.52074), (0.75143,-0.65239,0.098742), (0.40661,0.33999,-0.84799), 0.089583, 0.12125, 0.13685, (gDx*49,gDy*1,gDz*0)),rgb(0.59375,1,0));
		draw(
			ellipsoid( (0.18192,0.74915,0.63693), (0.93307,0.072892,-0.35224), (0.31031,-0.65837,0.68575), 0.13723, 0.15065, 0.16257, (gDx*50,gDy*1,gDz*0)),rgb(1,0.65625,0));
		draw(
			ellipsoid( (-0.35739,0.62023,0.69828), (0.92527,0.33688,0.17434), (0.1271,-0.7084,0.69427), 0.10473, 0.13406, 0.19748, (gDx*51,gDy*1,gDz*0)),rgb(0.125,1,0));
		draw(
			ellipsoid( (0.69934,-0.54074,-0.46745), (-0.70759,-0.61632,-0.34565), (0.1012,-0.57249,0.81364), 0.10703, 0.13405, 0.25353, (gDx*52,gDy*1,gDz*0)),rgb(0,1,0.25));
		draw(
			ellipsoid( (-0.11755,0.87949,0.46116), (0.98318,0.16845,-0.070641), (0.13981,-0.4451,0.8845), 0.117, 0.12654, 0.19388, (gDx*53,gDy*1,gDz*0)),rgb(0.40625,1,0));
		draw(
			ellipsoid( (-0.3528,0.82925,0.43346), (0.89515,0.43401,-0.10172), (0.27247,-0.35212,0.89542), 0.14473, 0.15568, 0.17504, (gDx*54,gDy*1,gDz*0)),rgb(1,0.75,0));
		draw(
			ellipsoid( (-0.44171,0.72163,0.53306), (0.80502,0.58108,-0.11957), (0.39603,-0.37631,0.83759), 0.11896, 0.1257, 0.15696, (gDx*55,gDy*1,gDz*0)),rgb(0.96875,1,0));
		draw(
			ellipsoid( (0.40033,-0.8223,-0.40443), (-0.80103,-0.52837,0.28138), (0.44506,-0.21132,0.87021), 0.092708, 0.1007, 0.12355, (gDx*56,gDy*1,gDz*0)),rgb(0.96875,1,0));
		draw(
			ellipsoid( (-0.68979,-0.035659,0.72313), (-0.69505,-0.24704,-0.67519), (0.20272,-0.96835,0.14562), 0.23618, 0.24574, 0.2506, (gDx*57,gDy*1,gDz*0)),rgb(1,0.28125,0));
		draw(
			ellipsoid( (-0.35818,-0.35604,0.8631), (0.93296,-0.17216,0.31616), (0.036027,0.91847,0.39384), 0.31309, 0.32775, 0.35511, (gDx*58,gDy*1,gDz*0)),rgb(1,0.46875,0));
		draw(
			ellipsoid( (-0.24079,0.51334,0.82371), (-0.11783,0.82694,-0.5498), (-0.9634,-0.22945,-0.13863), 0.11296, 0.13384, 0.14569, (gDx*0,gDy*2,gDz*0)),rgb(1,0.9375,0));
		draw(
			ellipsoid( (0.21966,0.6059,0.76461), (0.63884,-0.68167,0.35665), (-0.73731,-0.41012,0.53682), 0.11285, 0.12886, 0.16965, (gDx*1,gDy*2,gDz*0)),rgb(0.6875,1,0));
		draw(
			ellipsoid( (0.36897,0.41007,0.83409), (0.57269,-0.80712,0.14347), (-0.73204,-0.42474,0.53265), 0.10014, 0.10931, 0.21939, (gDx*2,gDy*2,gDz*0)),rgb(0,1,0.25));
		draw(
			ellipsoid( (0.67308,-0.43133,0.60076), (-0.107,0.74697,0.65619), (-0.73178,-0.50596,0.45662), 0.10937, 0.11616, 0.22057, (gDx*3,gDy*2,gDz*0)),rgb(0,1,0.0625));
		draw(
			ellipsoid( (0.47921,-0.78778,-0.38699), (0.48301,-0.13144,0.86569), (-0.73284,-0.60177,0.31752), 0.13045, 0.14396, 0.18481, (gDx*4,gDy*2,gDz*0)),rgb(0.78125,1,0));
		draw(
			ellipsoid( (-0.033118,0.77981,0.62513), (-0.72249,-0.45086,0.52415), (0.69059,-0.43429,0.57834), 0.13763, 0.15349, 0.15575, (gDx*5,gDy*2,gDz*0)),rgb(1,0.46875,0));
		draw(
			ellipsoid( (0.58056,0.35175,0.73432), (-0.0031021,0.90282,-0.43001), (-0.81421,0.24737,0.52523), 0.13122, 0.15771, 0.16653, (gDx*6,gDy*2,gDz*0)),rgb(1,0.84375,0));
		draw(
			ellipsoid( (0.46093,0.35436,0.81362), (-0.55758,0.8289,-0.045139), (-0.6904,-0.43285,0.57964), 0.080193, 0.14143, 0.20793, (gDx*7,gDy*2,gDz*0)),rgb(0,1,0.34375));
		draw(
			ellipsoid( (0.33187,0.43532,0.83687), (0.67781,-0.72705,0.1094), (-0.65607,-0.53094,0.53635), 0.07676, 0.11951, 0.28826, (gDx*8,gDy*2,gDz*0)),rgb(0,1,0.90625));
		draw(
			ellipsoid( (0.17014,-0.80271,-0.57159), (-0.80152,0.22471,-0.55414), (-0.57325,-0.55242,0.60515), 0.084824, 0.11062, 0.27425, (gDx*9,gDy*2,gDz*0)),rgb(0,1,0.71875));
		draw(
			ellipsoid( (-0.025789,-0.84018,-0.5417), (-0.8373,0.3142,-0.44746), (-0.54614,-0.44202,0.71158), 0.088191, 0.10395, 0.27228, (gDx*10,gDy*2,gDz*0)),rgb(0,1,0.71875));
		draw(
			ellipsoid( (0.46155,-0.88249,-0.090441), (0.60834,0.24065,0.75631), (-0.64568,-0.40409,0.64793), 0.095903, 0.11232, 0.24498, (gDx*11,gDy*2,gDz*0)),rgb(0,1,0.4375));
		draw(
			ellipsoid( (0.45977,-0.88491,-0.074456), (0.5109,0.195,0.83723), (-0.72636,-0.42297,0.54176), 0.10796, 0.14308, 0.21934, (gDx*12,gDy*2,gDz*0)),rgb(0.03125,1,0));
		draw(
			ellipsoid( (0.38426,-0.92184,-0.050622), (0.5425,0.18109,0.8203), (-0.74702,-0.34267,0.56969), 0.11473, 0.15411, 0.17474, (gDx*13,gDy*2,gDz*0)),rgb(0.59375,1,0));
		draw(
			ellipsoid( (0.70356,0.67551,-0.22063), (-0.58878,0.72796,0.35129), (0.39791,-0.11725,0.9099), 0.13548, 0.13691, 0.1742, (gDx*14,gDy*2,gDz*0)),rgb(0.96875,1,0));
		draw(
			ellipsoid( (0.84243,0.48231,-0.24019), (-0.19228,0.68554,0.70219), (0.50334,-0.54536,0.67025), 0.10292, 0.15574, 0.2046, (gDx*15,gDy*2,gDz*0)),rgb(0.03125,1,0));
		draw(
			ellipsoid( (0.8865,0.45648,-0.075763), (-0.11948,0.38399,0.91557), (0.44704,-0.8026,0.39495), 0.080435, 0.15123, 0.21086, (gDx*16,gDy*2,gDz*0)),rgb(0,1,0.4375));
		draw(
			ellipsoid( (0.83022,0.54052,0.13629), (-0.19091,0.045992,0.98053), (0.52372,-0.84008,0.14138), 0.079558, 0.14191, 0.22778, (gDx*17,gDy*2,gDz*0)),rgb(0,1,0.53125));
		draw(
			ellipsoid( (-0.55457,-0.70915,-0.43539), (0.40616,0.22598,-0.88542), (-0.72628,0.66787,-0.1627), 0.097755, 0.12806, 0.19003, (gDx*18,gDy*2,gDz*0)),rgb(0.125,1,0));
		draw(
			ellipsoid( (0.29936,0.94908,0.098163), (-0.14543,-0.056291,0.98777), (0.94299,-0.30998,0.12117), 0.12829, 0.13896, 0.16592, (gDx*19,gDy*2,gDz*0)),rgb(1,0.9375,0));
		draw(
			ellipsoid( (0.22176,0.73237,-0.64378), (0.7318,-0.56133,-0.38649), (-0.64443,-0.38541,-0.66043), 0.11342, 0.13409, 0.1454, (gDx*20,gDy*2,gDz*0)),rgb(1,0.9375,0));
		draw(
			ellipsoid( (-0.23391,-0.40326,0.88469), (-0.68856,0.71112,0.1421), (-0.68642,-0.57592,-0.44401), 0.11637, 0.15062, 0.15705, (gDx*21,gDy*2,gDz*0)),rgb(0.875,1,0));
		draw(
			ellipsoid( (-0.16054,-0.28449,0.94514), (-0.43121,0.88156,0.19211), (-0.88786,-0.37671,-0.2642), 0.13623, 0.15457, 0.16725, (gDx*22,gDy*2,gDz*0)),rgb(1,0.75,0));
		draw(
			ellipsoid( (-0.44352,0.31552,0.83889), (-0.6947,0.47036,-0.5442), (-0.56629,-0.82414,0.01058), 0.14678, 0.158, 0.17775, (gDx*23,gDy*2,gDz*0)),rgb(1,0.75,0));
		draw(
			ellipsoid( (-0.4818,0.65602,-0.58095), (-0.33803,0.47252,0.81392), (-0.80846,-0.58853,0.00591), 0.13666, 0.14987, 0.16905, (gDx*24,gDy*2,gDz*0)),rgb(1,0.75,0));
		draw(
			ellipsoid( (0.23491,-0.8247,0.51448), (-0.8549,0.076582,0.5131), (-0.46256,-0.56036,-0.68705), 0.17794, 0.19548, 0.19964, (gDx*25,gDy*2,gDz*0)),rgb(1,0.46875,0));
		draw(
			ellipsoid( (-0.55672,-0.23854,0.79571), (-0.34343,0.93828,0.040995), (-0.75638,-0.25045,-0.60429), 0.37823, 0.39551, 0.40032, (gDx*26,gDy*2,gDz*0)),rgb(1,0.28125,0));
		draw(
			ellipsoid( (0.8157,-0.52102,-0.25136), (0.4366,0.83953,-0.32336), (-0.3795,-0.15402,-0.91228), 0.47608, 0.54056, 0.58964, (gDx*27,gDy*2,gDz*0)),rgb(1,0.75,0));
		draw(
			ellipsoid( (-0.19546,0.76533,-0.61324), (0.943,-0.025051,-0.33184), (0.26933,0.64315,0.71681), 0.33284, 0.33675, 0.36793, (gDx*28,gDy*2,gDz*0)),rgb(1,0.46875,0));
		draw(
			ellipsoid( (-0.70924,-0.50944,0.48728), (0.61782,-0.11628,0.77767), (-0.33951,0.85261,0.39722), 0.15792, 0.16577, 0.1783, (gDx*29,gDy*2,gDz*0)),rgb(1,0.46875,0));
		draw(
			ellipsoid( (0.83948,0.43344,-0.32773), (-0.47321,0.28665,-0.83301), (-0.26712,0.85438,0.44574), 0.20497, 0.20893, 0.23858, (gDx*30,gDy*2,gDz*0)),rgb(1,0.65625,0));
		draw(
			ellipsoid( (0.65164,0.12259,-0.74856), (0.71151,-0.44083,0.5472), (0.26291,0.88918,0.37448), 0.23945, 0.24206, 0.26443, (gDx*31,gDy*2,gDz*0)),rgb(1,0.46875,0));
		draw(
			ellipsoid( (-0.26585,-0.16056,0.95055), (0.91944,-0.3386,0.19996), (0.28975,0.92713,0.23764), 0.20524, 0.22978, 0.24368, (gDx*32,gDy*2,gDz*0)),rgb(1,0.65625,0));
		draw(
			ellipsoid( (-0.049466,-0.24677,0.96781), (-0.95463,0.2966,0.026833), (-0.29367,-0.92257,-0.25024), 0.25083, 0.27316, 0.2878, (gDx*33,gDy*2,gDz*0)),rgb(1,0.5625,0));
		draw(
			ellipsoid( (-0.40044,-0.28202,0.87185), (0.023615,0.94797,0.31749), (-0.91602,0.14772,-0.37295), 0.18038, 0.19463, 0.20511, (gDx*34,gDy*2,gDz*0)),rgb(1,0.46875,0));
		draw(
			ellipsoid( (0.62086,0.11345,0.77567), (0.78375,-0.11079,-0.61112), (0.016606,0.98735,-0.1577), 0.11527, 0.1363, 0.17131, (gDx*35,gDy*2,gDz*0)),rgb(0.6875,1,0));
		draw(
			ellipsoid( (0.79566,0.056553,0.60309), (-0.51739,0.58121,0.6281), (-0.315,-0.81179,0.4917), 0.062097, 0.1041, 0.25198, (gDx*36,gDy*2,gDz*0)),rgb(0,1,1));
		draw(
			ellipsoid( (0.8582,-0.5015,0.10948), (0.15565,0.45748,0.87549), (-0.48915,-0.73431,0.47067), 0.091172, 0.10801, 0.27312, (gDx*37,gDy*2,gDz*0)),rgb(0,1,0.71875));
		draw(
			ellipsoid( (0.81253,-0.57491,-0.096318), (0.36952,0.3802,0.84788), (-0.45084,-0.72452,0.52136), 0.066419, 0.12042, 0.26182, (gDx*38,gDy*2,gDz*0)),rgb(0,1,0.90625));
		draw(
			ellipsoid( (0.79005,-0.58396,-0.18656), (0.55052,0.54195,0.63499), (-0.2697,-0.60438,0.74966), 0.071603, 0.14536, 0.22646, (gDx*39,gDy*2,gDz*0)),rgb(0,1,0.625));
		draw(
			ellipsoid( (0.57781,-0.73083,-0.36335), (0.81364,0.48077,0.32688), (-0.064203,-0.48451,0.87243), 0.06452, 0.11965, 0.24252, (gDx*40,gDy*2,gDz*0)),rgb(0,1,0.8125));
		draw(
			ellipsoid( (-0.37901,0.7844,0.49099), (0.92537,0.32516,0.19485), (0.0068085,-0.5282,0.84909), 0.077195, 0.12004, 0.28239, (gDx*41,gDy*2,gDz*0)),rgb(0,1,0.8125));
		draw(
			ellipsoid( (-0.031593,0.83539,0.54875), (0.98954,0.10347,-0.10055), (0.14078,-0.53984,0.82991), 0.06449, 0.08957, 0.27984, (gDx*42,gDy*2,gDz*0)),rgb(0,0.90625,1));
		draw(
			ellipsoid( (0.72147,0.62689,0.29409), (-0.63774,0.4361,0.63491), (0.26976,-0.64562,0.71443), 0.082914, 0.14012, 0.2623, (gDx*43,gDy*2,gDz*0)),rgb(0,1,0.625));
		draw(
			ellipsoid( (0.8068,0.59043,0.021746), (-0.28509,0.3568,0.88962), (0.5175,-0.72394,0.45619), 0.081355, 0.10401, 0.13152, (gDx*44,gDy*2,gDz*0)),rgb(0.5,1,0));
		draw(
			ellipsoid( (-0.70988,-0.057364,0.70198), (0.70432,-0.055252,0.70773), (-0.0018125,0.99682,0.079625), 0.21209, 0.22569, 0.23555, (gDx*45,gDy*2,gDz*0)),rgb(1,0.375,0));
		draw(
			ellipsoid( (0.956,0.23181,0.17979), (-0.16814,-0.069243,0.98333), (-0.2404,0.97029,0.027219), 0.27978, 0.29211, 0.3068, (gDx*46,gDy*2,gDz*0)),rgb(1,0.375,0));
		draw(
			ellipsoid( (-0.42177,-0.77907,-0.46385), (-0.39615,0.6185,-0.67862), (0.81558,-0.10247,-0.5695), 0.17941, 0.19341, 0.19791, (gDx*47,gDy*2,gDz*0)),rgb(1,0.375,0));
		draw(
			ellipsoid( (0.18134,0.96852,-0.17055), (-0.094344,0.18976,0.97729), (-0.97889,0.16113,-0.12578), 0.11303, 0.13038, 0.14352, (gDx*48,gDy*2,gDz*0)),rgb(1,0.84375,0));
		draw(
			ellipsoid( (-0.39115,-0.82565,0.40657), (0.81851,-0.11012,0.56385), (-0.42077,0.55333,0.71887), 0.15214, 0.1626, 0.17756, (gDx*49,gDy*2,gDz*0)),rgb(1,0.5625,0));
		draw(
			ellipsoid( (-0.19192,-0.57968,0.79192), (0.25914,0.74835,0.61059), (-0.94658,0.3224,0.0065902), 0.1384, 0.15273, 0.15406, (gDx*50,gDy*2,gDz*0)),rgb(1,0.46875,0));
		draw(
			ellipsoid( (-0.42166,0.69282,0.58498), (0.79643,0.59139,-0.12634), (0.43348,-0.41262,0.80114), 0.11209, 0.11716, 0.17847, (gDx*51,gDy*2,gDz*0)),rgb(0.40625,1,0));
		draw(
			ellipsoid( (0.95792,0.25973,-0.12217), (-0.16973,0.85584,0.4886), (0.23146,-0.4473,0.86391), 0.093355, 0.10882, 0.26347, (gDx*52,gDy*2,gDz*0)),rgb(0,1,0.625));
		draw(
			ellipsoid( (0.90261,-0.29331,-0.31505), (0.39321,0.85962,0.32624), (0.17513,-0.41835,0.89124), 0.10444, 0.11255, 0.21423, (gDx*53,gDy*2,gDz*0)),rgb(0,1,0.15625));
		draw(
			ellipsoid( (-0.25022,0.93642,0.24597), (0.94023,0.29564,-0.16901), (0.23098,-0.18898,0.95443), 0.14806, 0.15732, 0.18265, (gDx*54,gDy*2,gDz*0)),rgb(1,0.75,0));
		draw(
			ellipsoid( (-0.90264,0.06968,0.42473), (0.072064,0.99735,-0.010471), (0.42433,-0.021156,0.90526), 0.14801, 0.15119, 0.17772, (gDx*55,gDy*2,gDz*0)),rgb(1,0.75,0));
		draw(
			ellipsoid( (0.95906,0.18594,-0.21363), (-0.14365,0.96944,0.19889), (0.24408,-0.16006,0.95645), 0.13125, 0.13439, 0.16856, (gDx*56,gDy*2,gDz*0)),rgb(1,0.9375,0));
		draw(
			ellipsoid( (0.81545,0.52914,-0.23462), (-0.37489,0.79165,0.48244), (0.44102,-0.30545,0.84392), 0.24043, 0.24973, 0.26722, (gDx*57,gDy*2,gDz*0)),rgb(1,0.375,0));
		draw(
			ellipsoid( (-0.2828,-0.65161,0.70386), (-0.8773,0.47238,0.084826), (-0.38776,-0.59351,-0.70525), 0.37678, 0.38863, 0.39665, (gDx*58,gDy*2,gDz*0)),rgb(1,0.1875,0));
		draw(
			ellipsoid( (0.45907,-0.67451,0.57818), (-0.83231,-0.098952,0.5454), (-0.31067,-0.7316,-0.60683), 0.41265, 0.51072, 0.56287, (gDx*59,gDy*2,gDz*0)),rgb(0.875,1,0));
		draw(
			ellipsoid( (0.076229,0.58642,0.80641), (-0.79897,0.51978,-0.30245), (-0.59652,-0.62125,0.50815), 0.12753, 0.15971, 0.20268, (gDx*0,gDy*3,gDz*0)),rgb(0.5,1,0));
		draw(
			ellipsoid( (0.38061,0.47084,0.7959), (0.58703,-0.78804,0.18547), (-0.71452,-0.39662,0.57633), 0.10275, 0.13404, 0.20787, (gDx*1,gDy*3,gDz*0)),rgb(0.03125,1,0));
		draw(
			ellipsoid( (0.38478,0.56189,0.73228), (0.50782,-0.79136,0.34039), (-0.77076,-0.24089,0.58984), 0.099744, 0.11461, 0.18199, (gDx*2,gDy*3,gDz*0)),rgb(0.21875,1,0));
		draw(
			ellipsoid( (-0.48987,0.80162,-0.34268), (-0.23918,-0.50157,-0.8314), (-0.83835,-0.32531,0.43744), 0.11443, 0.133, 0.16599, (gDx*3,gDy*3,gDz*0)),rgb(0.78125,1,0));
		draw(
			ellipsoid( (0.41587,-0.90631,0.075236), (0.4781,0.28826,0.82966), (-0.77361,-0.30906,0.55318), 0.095124, 0.12628, 0.18144, (gDx*4,gDy*3,gDz*0)),rgb(0.125,1,0));
		draw(
			ellipsoid( (0.083454,-0.94545,-0.3149), (0.68373,-0.17556,0.7083), (-0.72495,-0.27442,0.63178), 0.092282, 0.12005, 0.20156, (gDx*5,gDy*3,gDz*0)),rgb(0,1,0.15625));
		draw(
			ellipsoid( (0.44017,0.54179,0.71604), (0.53106,-0.8001,0.27895), (-0.72404,-0.25747,0.63991), 0.10041, 0.13177, 0.21738, (gDx*6,gDy*3,gDz*0)),rgb(0,1,0.0625));
		draw(
			ellipsoid( (0.43972,0.57034,0.6938), (0.45169,-0.80812,0.37804), (-0.77629,-0.14716,0.61296), 0.095647, 0.14218, 0.21194, (gDx*7,gDy*3,gDz*0)),rgb(0,1,0.15625));
		draw(
			ellipsoid( (0.44658,0.48075,0.75462), (-0.29957,0.87505,-0.38019), (-0.8431,-0.056277,0.5348), 0.11414, 0.13044, 0.16234, (gDx*8,gDy*3,gDz*0)),rgb(0.78125,1,0));
		draw(
			ellipsoid( (0.23151,-0.86107,-0.45273), (0.85284,-0.044253,0.52029), (-0.46804,-0.50656,0.72411), 0.11934, 0.12757, 0.16596, (gDx*9,gDy*3,gDz*0)),rgb(0.875,1,0));
		draw(
			ellipsoid( (0.30282,-0.87471,-0.37838), (0.87167,0.093677,0.48106), (-0.38534,-0.4755,0.79083), 0.1, 0.12378, 0.20945, (gDx*10,gDy*3,gDz*0)),rgb(0,1,0.0625));
		draw(
			ellipsoid( (0.467,-0.8532,-0.23232), (0.6829,0.18108,0.70771), (-0.56175,-0.48915,0.66721), 0.095564, 0.12729, 0.22561, (gDx*11,gDy*3,gDz*0)),rgb(0,1,0.25));
		draw(
			ellipsoid( (0.35808,-0.81157,-0.46166), (0.83034,0.050683,0.55495), (-0.42698,-0.58205,0.69203), 0.077784, 0.12854, 0.23488, (gDx*12,gDy*3,gDz*0)),rgb(0,1,0.625));
		draw(
			ellipsoid( (0.51576,-0.73256,-0.44423), (-0.8512,-0.37932,-0.36273), (-0.097213,-0.56521,0.8192), 0.09104, 0.1336, 0.22072, (gDx*13,gDy*3,gDz*0)),rgb(0,1,0.25));
		draw(
			ellipsoid( (-0.8491,0.36175,0.38492), (0.47358,0.84411,0.25139), (0.23397,-0.39575,0.88805), 0.11368, 0.14878, 0.2097, (gDx*14,gDy*3,gDz*0)),rgb(0.21875,1,0));
		draw(
			ellipsoid( (0.94325,0.17622,-0.28148), (-0.012551,0.86591,0.50004), (0.33185,-0.46812,0.81898), 0.09555, 0.14926, 0.2344, (gDx*15,gDy*3,gDz*0)),rgb(0,1,0.25));
		draw(
			ellipsoid( (0.97289,0.19504,-0.12429), (-0.0082206,0.56623,0.82421), (0.23113,-0.80084,0.55248), 0.083076, 0.18292, 0.22919, (gDx*16,gDy*3,gDz*0)),rgb(0,1,0.53125));
		draw(
			ellipsoid( (0.9477,0.31602,-0.044692), (-0.085787,0.11734,-0.98938), (-0.30742,0.94147,0.13832), 0.10997, 0.1454, 0.21131, (gDx*17,gDy*3,gDz*0)),rgb(0.125,1,0));
		draw(
			ellipsoid( (0.55216,0.82468,0.12259), (-0.32207,0.075352,0.94371), (0.76902,-0.56056,0.30721), 0.14925, 0.16191, 0.18067, (gDx*18,gDy*3,gDz*0)),rgb(1,0.75,0));
		draw(
			ellipsoid( (0.27824,0.8732,-0.40013), (0.9329,-0.34484,-0.10383), (0.22865,0.34439,0.91056), 0.15138, 0.16545, 0.17123, (gDx*19,gDy*3,gDz*0)),rgb(1,0.46875,0));
		draw(
			ellipsoid( (0.10418,0.7159,-0.69038), (-0.97667,0.2047,0.064879), (0.18777,0.66752,0.72053), 0.16704, 0.19429, 0.20752, (gDx*20,gDy*3,gDz*0)),rgb(1,0.84375,0));
		draw(
			ellipsoid( (-0.60244,0.54201,-0.58591), (0.79425,0.47975,-0.37285), (-0.079002,0.68997,0.71951), 0.17681, 0.19087, 0.2013, (gDx*21,gDy*3,gDz*0)),rgb(1,0.46875,0));
		draw(
			ellipsoid( (0.64367,-0.50107,0.57846), (-0.50862,0.28469,0.81256), (0.57183,0.81724,0.071612), 0.15114, 0.16845, 0.17186, (gDx*22,gDy*3,gDz*0)),rgb(1,0.5625,0));
		draw(
			ellipsoid( (0.6159,0.04392,0.7866), (0.75515,-0.31746,-0.57355), (0.22453,0.94725,-0.22869), 0.15045, 0.15732, 0.17726, (gDx*23,gDy*3,gDz*0)),rgb(1,0.65625,0));
		draw(
			ellipsoid( (0.24048,0.22958,0.94311), (0.97043,-0.077875,-0.22849), (0.020988,0.97017,-0.24152), 0.1465, 0.15271, 0.17858, (gDx*24,gDy*3,gDz*0)),rgb(1,0.75,0));
		draw(
			ellipsoid( (-0.30128,-0.41459,0.85869), (0.73267,0.47569,0.48673), (-0.61027,0.77578,0.16044), 0.13331, 0.13956, 0.18052, (gDx*25,gDy*3,gDz*0)),rgb(0.875,1,0));
		draw(
			ellipsoid( (-0.16355,-0.44416,0.88089), (0.58786,0.6732,0.44858), (-0.79226,0.5912,0.151), 0.15657, 0.1737, 0.21249, (gDx*26,gDy*3,gDz*0)),rgb(0.96875,1,0));
		draw(
			ellipsoid( (-0.70584,0.15339,0.69156), (-0.48789,0.60252,-0.63161), (-0.51356,-0.78322,-0.35045), 0.27552, 0.30703, 0.31836, (gDx*27,gDy*3,gDz*0)),rgb(1,0.5625,0));
		draw(
			ellipsoid( (-0.37929,0.098319,0.92004), (0.59209,-0.73832,0.32299), (0.71104,0.66725,0.22182), 0.19792, 0.20941, 0.25214, (gDx*28,gDy*3,gDz*0)),rgb(1,0.9375,0));
		draw(
			ellipsoid( (-0.63388,0.68239,-0.36406), (-0.30086,0.21608,0.92886), (-0.71252,-0.69832,-0.068334), 0.11871, 0.13483, 0.18015, (gDx*29,gDy*3,gDz*0)),rgb(0.59375,1,0));
		draw(
			ellipsoid( (0.64775,-0.27585,0.71016), (-0.24894,-0.95762,-0.14492), (0.72004,-0.082916,-0.68896), 0.17146, 0.19281, 0.19955, (gDx*30,gDy*3,gDz*0)),rgb(1,0.5625,0));
		draw(
			ellipsoid( (-0.59516,0.58023,-0.55599), (0.49452,0.80979,0.31573), (-0.63343,0.087038,0.76889), 0.15258, 0.16296, 0.17647, (gDx*31,gDy*3,gDz*0)),rgb(1,0.5625,0));
		draw(
			ellipsoid( (0.59025,-0.014756,0.80708), (-0.51531,-0.77648,0.36267), (0.62133,-0.62997,-0.46593), 0.095771, 0.11888, 0.1337, (gDx*32,gDy*3,gDz*0)),rgb(0.875,1,0));
		draw(
			ellipsoid( (0.27116,-0.012748,0.96245), (-0.18781,-0.98139,0.039915), (0.94403,-0.19158,-0.26851), 0.08963, 0.11916, 0.14368, (gDx*33,gDy*3,gDz*0)),rgb(0.5,1,0));
		draw(
			ellipsoid( (-0.18717,-0.56307,-0.80494), (-0.0022291,-0.81917,0.57354), (-0.98233,0.10914,0.15207), 0.13208, 0.14214, 0.17671, (gDx*34,gDy*3,gDz*0)),rgb(0.96875,1,0));
		draw(
			ellipsoid( (-0.67875,-0.4857,-0.55082), (0.0017008,0.74901,-0.66256), (0.73437,-0.45064,-0.50756), 0.073514, 0.14749, 0.19558, (gDx*35,gDy*3,gDz*0)),rgb(0,1,0.4375));
		draw(
			ellipsoid( (-0.70239,-0.34636,-0.62183), (0.63449,-0.70061,-0.32645), (0.32259,0.62384,-0.71187), 0.055888, 0.1381, 0.22709, (gDx*36,gDy*3,gDz*0)),rgb(0,1,1));
		draw(
			ellipsoid( (0.85359,-0.31095,0.41797), (-0.12771,0.65294,0.74657), (-0.50505,-0.69064,0.51763), 0.095125, 0.10288, 0.2614, (gDx*37,gDy*3,gDz*0)),rgb(0,1,0.625));
		draw(
			ellipsoid( (0.78988,-0.60201,-0.11694), (0.39261,0.34992,0.85054), (-0.47111,-0.71774,0.51275), 0.076692, 0.11477, 0.25526, (gDx*38,gDy*3,gDz*0)),rgb(0,1,0.71875));
		draw(
			ellipsoid( (0.73374,-0.60879,-0.30166), (0.62714,0.43606,0.6454), (-0.26137,-0.66274,0.70175), 0.055503, 0.14194, 0.20747, (gDx*39,gDy*3,gDz*0)),rgb(0,1,0.90625));
		draw(
			ellipsoid( (0.68781,-0.63593,-0.35001), (0.72427,0.63341,0.27243), (0.048456,-0.44088,0.89626), 0.080281, 0.13581, 0.26458, (gDx*40,gDy*3,gDz*0)),rgb(0,1,0.71875));
		draw(
			ellipsoid( (0.76813,-0.5596,-0.31117), (0.64029,0.67326,0.3698), (0.0025545,-0.48329,0.87546), 0.07753, 0.10962, 0.28489, (gDx*41,gDy*3,gDz*0)),rgb(0,1,0.90625));
		draw(
			ellipsoid( (0.92736,-0.30498,-0.21679), (0.37406,0.76993,0.517), (0.0092358,-0.56053,0.82808), 0.078469, 0.10555, 0.28411, (gDx*42,gDy*3,gDz*0)),rgb(0,1,0.90625));
		draw(
			ellipsoid( (0.99855,0.037729,0.038495), (-0.053826,0.73577,0.67509), (-0.0028535,-0.67618,0.73673), 0.072651, 0.1032, 0.19829, (gDx*43,gDy*3,gDz*0)),rgb(0,1,0.4375));
		draw(
			ellipsoid( (0.56802,-0.39599,-0.72149), (0.73784,-0.14336,0.65958), (-0.36462,-0.90699,0.21075), 0.15652, 0.16002, 0.1735, (gDx*44,gDy*3,gDz*0)),rgb(1,0.375,0));
		draw(
			ellipsoid( (-0.50397,-0.022348,0.86343), (0.75279,-0.50148,0.42641), (0.42347,0.86488,0.26956), 0.25839, 0.27675, 0.28599, (gDx*45,gDy*3,gDz*0)),rgb(1,0.375,0));
		draw(
			ellipsoid( (0.10017,-0.066081,0.99277), (-0.99496,-0.0013422,0.1003), (-0.0052953,-0.99781,-0.065882), 0.23313, 0.23693, 0.2572, (gDx*46,gDy*3,gDz*0)),rgb(1,0.375,0));
		draw(
			ellipsoid( (0.85467,-0.26852,0.44435), (-0.51917,-0.43868,0.7335), (-0.0020315,-0.85759,-0.51433), 0.14076, 0.14901, 0.1537, (gDx*47,gDy*3,gDz*0)),rgb(1,0.375,0));
		draw(
			ellipsoid( (0.033399,0.93032,-0.36523), (0.99782,-0.010204,0.065255), (-0.056981,0.36661,0.92863), 0.14259, 0.15266, 0.16138, (gDx*48,gDy*3,gDz*0)),rgb(1,0.46875,0));
		draw(
