	import three;
	import settings;

	surface ellipsoid(triple v1,triple v2,triple v3,real l1,real l2, real l3, triple pos=O) {
		transform3 T = identity(4);
		T[0][0] = l1*v1.x;
		T[1][0] = l1*v1.y;
		T[2][0] = l1*v1.z;
		T[0][1] = l2*v2.x;
		T[1][1] = l2*v2.y;
		T[2][1] = l2*v2.z;
		T[0][2] = l3*v3.x;
		T[1][2] = l3*v3.y;
		T[2][2] = l3*v3.z;
		T[0][3] = pos.x;
		T[1][3] = pos.y;
		T[2][3] = pos.z;
		return T*unitsphere;
	}

	size(200);

	real gDx=0.25;
	real gDy=0.25;
	real gDz=0.25;

	currentprojection=perspective( camera=(gDx*29.5,gDy*19.5,60),up=Y, target=(gDx*29.5,gDy*19.5,gDz*-0.5));
		draw(
			ellipsoid( (0.35268,0.02347,0.93545), (-0.92322,0.17176,0.34375), (0.15261,0.98486,-0.082244), 0.45501, 0.41364, 0.3951, (gDx*0,gDy*0,gDz*0)),rgb(1,0.5625,0));
		draw(
			ellipsoid( (0.76857,0.3531,-0.53351), (0.60109,-0.11296,0.79116), (-0.21909,0.92874,0.29906), 0.30072, 0.28336, 0.27577, (gDx*1,gDy*0,gDz*0)),rgb(1,0.35156,0));
		draw(
			ellipsoid( (-0.70139,-0.5221,0.48525), (-0.54926,-0.038001,-0.83479), (-0.45428,0.85204,0.26011), 0.18193, 0.13715, 0.15586, (gDx*2,gDy*0,gDz*0)),rgb(0.99219,1,0));
		draw(
			ellipsoid( (-0.70471,-0.49909,0.50428), (-0.55358,0.83134,0.04918), (0.44378,0.2445,0.86214), 0.204, 0.16783, 0.15646, (gDx*3,gDy*0,gDz*0)),rgb(1,0.98438,0));
		draw(
			ellipsoid( (0.67542,0.51149,-0.53121), (0.73534,-0.41284,0.53744), (-0.055588,0.75362,0.65496), 0.21184, 0.18189, 0.17053, (gDx*4,gDy*0,gDz*0)),rgb(1,0.82031,0));
		draw(
			ellipsoid( (0.73262,0.48472,-0.47782), (0.64278,-0.26184,0.71991), (-0.22385,0.83455,0.5034), 0.20861, 0.18049, 0.16946, (gDx*5,gDy*0,gDz*0)),rgb(1,0.77344,0));
		draw(
			ellipsoid( (-0.80619,-0.43105,0.40528), (-0.46806,0.88365,0.0087604), (0.3619,0.18263,0.91415), 0.18386, 0.13193, 0.14674, (gDx*6,gDy*0,gDz*0)),rgb(0.85156,1,0));
		draw(
			ellipsoid( (-0.74062,-0.47672,0.47352), (-0.50008,0.86175,0.085426), (0.44878,0.17353,0.87663), 0.1928, 0.13916, 0.1479, (gDx*7,gDy*0,gDz*0)),rgb(0.82812,1,0));
		draw(
			ellipsoid( (-0.74803,-0.45656,0.48167), (-0.51663,-0.054999,-0.85444), (-0.4166,0.88799,0.19473), 0.19342, 0.15094, 0.14359, (gDx*8,gDy*0,gDz*0)),rgb(0.89844,1,0));
		draw(
			ellipsoid( (-0.70985,-0.35941,0.60575), (-0.59444,-0.15563,-0.78893), (-0.37782,0.92011,0.10317), 0.18854, 0.13726, 0.14352, (gDx*9,gDy*0,gDz*0)),rgb(0.82812,1,0));
		draw(
			ellipsoid( (-0.46686,-0.55261,0.69041), (-0.7307,-0.19869,-0.65314), (-0.49811,0.80941,0.31103), 0.23572, 0.099449, 0.13264, (gDx*10,gDy*0,gDz*0)),rgb(0,1,0.29688));
		draw(
			ellipsoid( (-0.45527,-0.67027,0.58606), (-0.62821,-0.22462,-0.74491), (-0.63093,0.70731,0.31881), 0.27609, 0.084052, 0.12908, (gDx*11,gDy*0,gDz*0)),rgb(0,1,0.74219));
		draw(
			ellipsoid( (-0.34388,-0.83728,0.42511), (-0.85771,0.46434,0.22073), (0.3822,0.28872,0.87782), 0.24269, 0.14464, 0.084534, (gDx*12,gDy*0,gDz*0)),rgb(0,1,0.55469));
		draw(
			ellipsoid( (0.12495,-0.95917,0.25375), (-0.98907,-0.10025,0.10811), (0.078256,0.26449,0.96121), 0.2171, 0.14665, 0.095591, (gDx*13,gDy*0,gDz*0)),rgb(0,1,0.20312));
		draw(
			ellipsoid( (0.35998,-0.91176,0.19777), (-0.92505,-0.37636,-0.051334), (-0.12124,0.16447,0.9789), 0.20901, 0.13655, 0.091231, (gDx*14,gDy*0,gDz*0)),rgb(0,1,0.20312));
		draw(
			ellipsoid( (0.46512,-0.85729,0.22071), (-0.85242,-0.50099,-0.14961), (-0.23883,0.11855,0.9638), 0.22766, 0.14242, 0.11906, (gDx*15,gDy*0,gDz*0)),rgb(0.078125,1,0));
		draw(
			ellipsoid( (-0.66081,0.72747,-0.18469), (0.60518,0.37089,-0.70442), (0.44395,0.57726,0.68534), 0.24557, 0.11014, 0.14428, (gDx*16,gDy*0,gDz*0)),rgb(0,1,0.17969));
		draw(
			ellipsoid( (0.72489,-0.65355,0.21775), (-0.67147,-0.59976,0.43522), (0.15385,0.4617,0.87359), 0.26338, 0.098919, 0.12221, (gDx*17,gDy*0,gDz*0)),rgb(0,1,0.50781));
		draw(
			ellipsoid( (0.72433,-0.63314,0.27291), (-0.6675,-0.74308,0.047729), (-0.17257,0.21674,0.96086), 0.30929, 0.093375, 0.1213, (gDx*18,gDy*0,gDz*0)),rgb(0,1,0.8125));
		draw(
			ellipsoid( (-0.76217,0.57886,-0.28985), (0.4933,0.22937,-0.83908), (0.41923,0.7825,0.46037), 0.28191, 0.11968, 0.095717, (gDx*19,gDy*0,gDz*0)),rgb(0,1,0.67188));
		draw(
			ellipsoid( (0.79852,-0.51248,0.3158), (-0.57681,-0.50131,0.64497), (0.17222,0.69718,0.6959), 0.25707, 0.11679, 0.09533, (gDx*20,gDy*0,gDz*0)),rgb(0,1,0.55469));
		draw(
			ellipsoid( (-0.81354,0.35535,-0.4603), (0.47729,0.86022,-0.17948), (-0.33218,0.36571,0.86943), 0.23229, 0.16014, 0.1231, (gDx*21,gDy*0,gDz*0)),rgb(0.14844,1,0));
		draw(
			ellipsoid( (0.93001,0.12596,0.34526), (0.35185,-0.57657,-0.73741), (-0.10619,-0.80728,0.58054), 0.20261, 0.14231, 0.15347, (gDx*22,gDy*0,gDz*0)),rgb(0.75781,1,0));
		draw(
			ellipsoid( (0.92234,-0.053539,0.38265), (-0.31986,0.44976,0.83391), (0.21675,0.89154,-0.39771), 0.18482, 0.16698, 0.15321, (gDx*23,gDy*0,gDz*0)),rgb(1,0.70312,0));
		draw(
			ellipsoid( (-0.89029,0.12692,-0.43734), (0.3896,0.70954,-0.58717), (-0.23578,0.69314,0.68114), 0.18, 0.15212, 0.16397, (gDx*24,gDy*0,gDz*0)),rgb(1,0.63281,0));
		draw(
			ellipsoid( (0.97584,0.035007,0.21567), (-0.20984,0.42519,0.88044), (0.06088,0.90443,-0.42226), 0.22927, 0.21774, 0.20864, (gDx*25,gDy*0,gDz*0)),rgb(1,0.375,0));
		draw(
			ellipsoid( (0.91794,-0.39575,-0.027632), (-0.3127,-0.76466,0.56348), (0.24413,0.50861,0.82566), 0.37166, 0.39669, 0.40618, (gDx*26,gDy*0,gDz*0)),rgb(1,0.375,0));
		draw(
			ellipsoid( (-0.98643,0.13561,0.092529), (0.15598,0.59829,0.78595), (-0.051228,-0.78972,0.61132), 0.47109, 0.57888, 0.53914, (gDx*27,gDy*0,gDz*0)),rgb(1,0.77344,0));
		draw(
			ellipsoid( (0.36131,-0.21835,0.90652), (0.86353,-0.28845,-0.41366), (-0.3518,-0.93227,-0.084332), 0.20581, 0.24553, 0.2333, (gDx*28,gDy*0,gDz*0)),rgb(1,0.67969,0));
		draw(
			ellipsoid( (0.84447,-0.037528,-0.53429), (-0.52636,-0.24269,-0.81489), (0.099087,-0.96938,0.2247), 0.12109, 0.031034, 0.044342, (gDx*29,gDy*0,gDz*0)),rgb(0,1,0.97656));
		draw(
			ellipsoid( (-0.79565,0.52919,0.2948), (0.52605,0.84491,-0.096906), (0.30036,-0.077975,0.95063), 0.1984, 0.13443, 0.15151, (gDx*30,gDy*0,gDz*0)),rgb(0.6875,1,0));
		draw(
			ellipsoid( (-0.77743,0.6141,0.13595), (0.46199,0.41086,0.78598), (-0.42681,-0.67385,0.60312), 0.17453, 0.13133, 0.11352, (gDx*31,gDy*0,gDz*0)),rgb(0.59375,1,0));
		draw(
			ellipsoid( (0.27482,0.5798,-0.76701), (0.85193,-0.51666,-0.085311), (0.44574,0.62999,0.63594), 0.12585, 0.16734, 0.15267, (gDx*32,gDy*0,gDz*0)),rgb(0.96875,1,0));
		draw(
			ellipsoid( (-0.69265,-0.51579,-0.50418), (-0.61394,0.7885,0.036775), (-0.37858,-0.33501,0.86281), 0.16937, 0.13815, 0.11767, (gDx*33,gDy*0,gDz*0)),rgb(0.78125,1,0));
		draw(
			ellipsoid( (-0.71677,-0.58474,-0.37989), (-0.57347,0.80425,-0.15591), (-0.39669,-0.10611,0.9118), 0.19989, 0.11386, 0.14623, (gDx*34,gDy*0,gDz*0)),rgb(0.28906,1,0));
		draw(
			ellipsoid( (0.70228,0.69359,-0.16046), (0.71182,-0.68761,0.1432), (0.011015,0.21479,0.9766), 0.22811, 0.077611, 0.14291, (gDx*35,gDy*0,gDz*0)),rgb(0,1,0.57812));
		draw(
			ellipsoid( (0.58653,0.7333,-0.34389), (0.8005,-0.58947,0.10833), (0.12327,0.33882,0.93274), 0.24449, 0.08469, 0.13577, (gDx*36,gDy*0,gDz*0)),rgb(0,1,0.55469));
		draw(
			ellipsoid( (-0.56489,-0.77058,0.29514), (-0.80226,0.59657,0.022065), (0.19307,0.22431,0.9552), 0.23643, 0.070742, 0.1359, (gDx*37,gDy*0,gDz*0)),rgb(0,1,0.74219));
		draw(
			ellipsoid( (0.69895,-0.7031,-0.13088), (-0.68787,-0.71099,0.14605), (0.19574,0.012052,0.98058), 0.065952, 0.20976, 0.16546, (gDx*38,gDy*0,gDz*0)),rgb(0,1,0.76562));
		draw(
			ellipsoid( (0.45793,-0.84496,-0.2763), (-0.66167,-0.53152,0.52885), (0.59372,0.059357,0.80248), 0.080975, 0.14549, 0.17698, (gDx*39,gDy*0,gDz*0)),rgb(0,1,0.17969));
		draw(
			ellipsoid( (-0.47491,0.36334,-0.80153), (0.72565,0.67697,-0.12307), (-0.49789,0.64008,0.58516), 0.23287, 0.11737, 0.10098, (gDx*40,gDy*0,gDz*0)),rgb(0,1,0.32031));
		draw(
			ellipsoid( (0.34184,-0.4749,0.81094), (-0.89564,0.096648,0.43415), (0.28455,0.87472,0.3923), 0.20054, 0.12092, 0.12768, (gDx*41,gDy*0,gDz*0)),rgb(0.3125,1,0));
		draw(
			ellipsoid( (0.64131,-0.69241,-0.33059), (-0.75646,-0.64267,-0.12141), (0.12839,-0.32794,0.93593), 0.18892, 0.17819, 0.18105, (gDx*42,gDy*0,gDz*0)),rgb(1,0.23438,0));
		draw(
			ellipsoid( (0.58677,-0.7177,-0.37498), (-0.74467,-0.29636,-0.59803), (-0.31808,-0.63014,0.70834), 0.18704, 0.17776, 0.1764, (gDx*43,gDy*0,gDz*0)),rgb(1,0.25781,0));
		draw(
			ellipsoid( (-0.63581,0.76662,-0.089694), (0.71706,0.62968,0.29888), (-0.28561,-0.12572,0.95007), 0.21393, 0.10809, 0.14441, (gDx*44,gDy*0,gDz*0)),rgb(0.054688,1,0));
		draw(
			ellipsoid( (-0.64976,0.758,-0.057004), (0.71212,0.63323,0.30315), (-0.26588,-0.15638,0.95124), 0.21952, 0.10664, 0.14604, (gDx*45,gDy*0,gDz*0)),rgb(0,1,0.015625));
		draw(
			ellipsoid( (0.61651,-0.78426,-0.069726), (-0.77125,-0.61934,0.14692), (0.15841,0.036801,0.98669), 0.21642, 0.17738, 0.16768, (gDx*46,gDy*0,gDz*0)),rgb(1,0.96094,0));
		draw(
			ellipsoid( (0.66833,-0.73231,-0.13061), (-0.73912,-0.67356,-0.0055108), (0.083937,-0.10022,0.99142), 0.23512, 0.2278, 0.22021, (gDx*47,gDy*0,gDz*0)),rgb(1,0.25781,0));
		draw(
			ellipsoid( (-0.72076,0.69261,0.028325), (0.57855,0.62356,-0.52579), (0.38183,0.36258,0.85014), 0.22848, 0.22011, 0.21446, (gDx*48,gDy*0,gDz*0)),rgb(1,0.25781,0));
		draw(
			ellipsoid( (-0.25001,-0.69702,-0.67206), (-0.96363,0.24681,0.10249), (-0.094436,-0.67324,0.73337), 0.12853, 0.1572, 0.1864, (gDx*49,gDy*0,gDz*0)),rgb(0.75781,1,0));
		draw(
			ellipsoid( (-0.22402,-0.66414,-0.71325), (-0.97157,0.20968,0.10991), (-0.076561,-0.7176,0.69224), 0.12727, 0.16058, 0.19996, (gDx*50,gDy*0,gDz*0)),rgb(0.54688,1,0));
		draw(
			ellipsoid( (0.16544,0.74657,-0.64441), (0.96456,-0.25868,-0.052061), (0.20556,0.61296,0.76291), 0.23284, 0.16501, 0.12698, (gDx*51,gDy*0,gDz*0)),rgb(0.19531,1,0));
		draw(
			ellipsoid( (-0.10141,-0.76702,0.63356), (-0.90395,0.33698,0.26327), (0.41543,0.54601,0.72752), 0.21909, 0.15357, 0.14361, (gDx*52,gDy*0,gDz*0)),rgb(0.54688,1,0));
		draw(
			ellipsoid( (0.23575,-0.66262,0.71088), (-0.97023,-0.11876,0.21106), (0.055427,0.73948,0.6709), 0.18674, 0.1572, 0.14914, (gDx*53,gDy*0,gDz*0)),rgb(1,0.84375,0));
		draw(
			ellipsoid( (-0.47536,0.3195,-0.81973), (0.82674,0.48086,-0.29201), (-0.30088,0.81651,0.49272), 0.18359, 0.16035, 0.15084, (gDx*54,gDy*0,gDz*0)),rgb(1,0.75,0));
		draw(
			ellipsoid( (-0.5981,0.3428,-0.7244), (0.75213,0.5522,-0.35969), (-0.27671,0.75998,0.5881), 0.17548, 0.1469, 0.13193, (gDx*55,gDy*0,gDz*0)),rgb(0.99219,1,0));
		draw(
			ellipsoid( (0.65863,-0.36883,0.65587), (-0.75222,-0.345,0.56137), (-0.019222,0.8631,0.50467), 0.18548, 0.17106, 0.16461, (gDx*56,gDy*0,gDz*0)),rgb(1,0.46875,0));
		draw(
			ellipsoid( (-0.69197,0.63666,-0.34037), (0.61053,0.26445,-0.74654), (0.38528,0.72438,0.57169), 0.24502, 0.22679, 0.23455, (gDx*57,gDy*0,gDz*0)),rgb(1,0.30469,0));
		draw(
			ellipsoid( (0.2177,-0.91514,-0.33931), (-0.74922,-0.3795,0.54282), (0.62552,-0.13605,0.76825), 0.30856, 0.33206, 0.34071, (gDx*0,gDy*1,gDz*0)),rgb(1,0.39844,0));
		draw(
			ellipsoid( (0.7481,0.45152,-0.48628), (0.6086,-0.75893,0.2316), (0.26448,0.46921,0.84255), 0.21978, 0.17847, 0.16731, (gDx*1,gDy*1,gDz*0)),rgb(0.99219,1,0));
		draw(
			ellipsoid( (-0.68492,-0.5187,0.5117), (-0.54525,0.83072,0.11226), (0.48331,0.20212,0.8518), 0.21637, 0.17173, 0.15333, (gDx*2,gDy*1,gDz*0)),rgb(0.80469,1,0));
		draw(
			ellipsoid( (-0.64348,-0.58062,0.49881), (-0.70633,0.70153,-0.094606), (0.295,0.4132,0.86153), 0.21041, 0.14725, 0.12925, (gDx*3,gDy*1,gDz*0)),rgb(0.42969,1,0));
		draw(
			ellipsoid( (0.66505,0.54664,-0.50882), (0.74661,-0.50224,0.43628), (0.017064,0.67003,0.74214), 0.19758, 0.16506, 0.15254, (gDx*4,gDy*1,gDz*0)),rgb(1,0.9375,0));
		draw(
			ellipsoid( (0.73617,0.51167,-0.44301), (0.66577,-0.42982,0.60992), (-0.12166,0.74395,0.65707), 0.19936, 0.1809, 0.16892, (gDx*5,gDy*1,gDz*0)),rgb(1,0.63281,0));
		draw(
			ellipsoid( (0.76703,0.45781,-0.44953), (0.6054,-0.28436,0.7434), (-0.2125,0.84235,0.49526), 0.19634, 0.15832, 0.15132, (gDx*6,gDy*1,gDz*0)),rgb(1,0.98438,0));
		draw(
			ellipsoid( (-0.70319,-0.53491,0.4684), (-0.60811,0.79383,-0.0063823), (0.36842,0.28933,0.88349), 0.22667, 0.11398, 0.096865, (gDx*7,gDy*1,gDz*0)),rgb(0,1,0.32031));
		draw(
			ellipsoid( (0.68376,0.48942,-0.54124), (0.6914,-0.6717,0.26607), (0.23333,0.55614,0.79766), 0.26303, 0.098579, 0.075588, (gDx*8,gDy*1,gDz*0)),rgb(0,1,0.88281));
		draw(
			ellipsoid( (0.65951,0.46039,-0.59421), (0.70123,-0.66156,0.26573), (0.27077,0.59193,0.75915), 0.25663, 0.10179, 0.082081, (gDx*9,gDy*1,gDz*0)),rgb(0,1,0.76562));
		draw(
			ellipsoid( (-0.58754,-0.49031,0.64373), (-0.64599,-0.1949,-0.73805), (-0.48734,0.84947,0.20223), 0.26462, 0.086612, 0.12156, (gDx*10,gDy*1,gDz*0)),rgb(0,1,0.67188));
		draw(
			ellipsoid( (-0.55572,-0.58358,0.59212), (-0.62902,-0.17055,-0.75845), (-0.54361,0.79394,0.27231), 0.25216, 0.084943, 0.12229, (gDx*11,gDy*1,gDz*0)),rgb(0,1,0.625));
		draw(
			ellipsoid( (-0.64469,-0.68793,0.33335), (-0.57917,0.72417,0.37436), (0.49893,-0.04828,0.8653), 0.21534, 0.1475, 0.11178, (gDx*12,gDy*1,gDz*0)),rgb(0.10156,1,0));
		draw(
			ellipsoid( (0.60735,0.79371,0.033821), (0.78138,-0.58915,-0.20577), (0.1434,-0.1514,0.97802), 0.185, 0.16717, 0.12005, (gDx*13,gDy*1,gDz*0)),rgb(0.54688,1,0));
		draw(
			ellipsoid( (0.41367,-0.91025,0.018052), (-0.89018,-0.40855,-0.20167), (-0.19095,-0.067358,0.97929), 0.17675, 0.15008, 0.12514, (gDx*14,gDy*1,gDz*0)),rgb(0.82812,1,0));
		draw(
			ellipsoid( (0.53609,-0.79015,0.2971), (-0.83597,-0.44803,0.31689), (0.11728,0.41825,0.90073), 0.20951, 0.12148, 0.14787, (gDx*15,gDy*1,gDz*0)),rgb(0.3125,1,0));
		draw(
			ellipsoid( (0.60825,-0.75291,0.25131), (-0.79368,-0.58109,0.18003), (-0.010486,0.30896,0.95102), 0.23058, 0.10293, 0.14359, (gDx*16,gDy*1,gDz*0)),rgb(0,1,0.17969));
		draw(
			ellipsoid( (0.66516,-0.71427,0.21768), (-0.72642,-0.68647,-0.032785), (-0.17285,0.13632,0.97547), 0.2601, 0.086955, 0.13174, (gDx*17,gDy*1,gDz*0)),rgb(0,1,0.625));
		draw(
			ellipsoid( (-0.69131,0.68748,-0.22241), (0.62098,0.72265,0.30359), (-0.36944,-0.071763,0.92648), 0.2818, 0.088352, 0.12615, (gDx*18,gDy*1,gDz*0)),rgb(0,1,0.71875));
		draw(
			ellipsoid( (-0.80226,0.54842,-0.23585), (0.46226,0.32068,-0.82673), (0.37776,0.77227,0.51078), 0.24598, 0.14517, 0.11652, (gDx*19,gDy*1,gDz*0)),rgb(0,1,0.10938));
		draw(
			ellipsoid( (0.86826,-0.4115,0.27711), (-0.48497,-0.8217,0.29934), (-0.10452,0.3943,0.91302), 0.2215, 0.12939, 0.11964, (gDx*20,gDy*1,gDz*0)),rgb(0.078125,1,0));
		draw(
			ellipsoid( (-0.92043,0.21605,-0.32578), (0.30909,-0.10795,-0.94488), (0.23931,0.9704,-0.032583), 0.22858, 0.11783, 0.15283, (gDx*21,gDy*1,gDz*0)),rgb(0.078125,1,0));
		draw(
			ellipsoid( (-0.94598,-0.081795,-0.31373), (-0.32422,0.23931,0.91521), (-0.00021971,-0.96749,0.25291), 0.22066, 0.12439, 0.15808, (gDx*22,gDy*1,gDz*0)),rgb(0.26562,1,0));
		draw(
			ellipsoid( (0.92563,0.2512,0.28302), (0.36687,-0.77908,-0.50838), (-0.092788,-0.5744,0.8133), 0.19792, 0.15112, 0.15336, (gDx*23,gDy*1,gDz*0)),rgb(0.94531,1,0));
		draw(
			ellipsoid( (0.99061,0.11378,-0.075735), (0.13169,-0.94292,0.30588), (0.036609,0.31298,0.94905), 0.16856, 0.11546, 0.13373, (gDx*24,gDy*1,gDz*0)),rgb(0.73438,1,0));
		draw(
			ellipsoid( (0.98199,0.032907,-0.18603), (0.14006,-0.78761,0.60005), (0.12677,0.6153,0.77803), 0.20955, 0.18071, 0.18753, (gDx*25,gDy*1,gDz*0)),rgb(1,0.58594,0));
		draw(
			ellipsoid( (-0.95257,0.30054,0.047913), (0.29785,0.8883,0.34958), (-0.0625,-0.34726,0.93568), 0.43057, 0.45286, 0.46571, (gDx*26,gDy*1,gDz*0)),rgb(1,0.32812,0));
		draw(
			ellipsoid( (-0.96788,0.25026,-0.024196), (0.24265,0.90454,-0.3506), (0.065855,0.34521,0.93621), 0.52631, 0.57818, 0.64999, (gDx*27,gDy*1,gDz*0)),rgb(1,0.77344,0));
		draw(
			ellipsoid( (-0.54482,0.60709,0.57846), (0.76686,0.6398,0.050807), (0.33925,-0.47128,0.81413), 0.29784, 0.28126, 0.26553, (gDx*28,gDy*1,gDz*0)),rgb(1,0.44531,0));
		draw(
			ellipsoid( (0.758,-0.51777,-0.39667), (-0.58324,-0.26579,-0.76759), (-0.292,-0.81319,0.50345), 0.20864, 0.15343, 0.14615, (gDx*29,gDy*1,gDz*0)),rgb(0.71094,1,0));
		draw(
			ellipsoid( (0.73231,-0.58795,-0.34355), (-0.64934,-0.45095,-0.61238), (-0.20513,-0.67153,0.71201), 0.20734, 0.16969, 0.15697, (gDx*30,gDy*1,gDz*0)),rgb(0.99219,1,0));
		draw(
			ellipsoid( (0.4477,-0.80578,-0.38766), (-0.88801,-0.34981,-0.29844), (-0.10487,-0.47786,0.87215), 0.20474, 0.19015, 0.16434, (gDx*31,gDy*1,gDz*0)),rgb(1,0.82031,0));
		draw(
			ellipsoid( (0.99942,-0.0029209,0.034032), (-0.028748,-0.60998,0.7919), (-0.018446,0.79241,0.60971), 0.26637, 0.25301, 0.27932, (gDx*32,gDy*1,gDz*0)),rgb(1,0.39844,0));
		draw(
			ellipsoid( (0.44857,-0.69227,-0.56529), (-0.86737,-0.18467,-0.46212), (-0.21552,-0.69761,0.68329), 0.28331, 0.27203, 0.26381, (gDx*33,gDy*1,gDz*0)),rgb(1,0.28125,0));
		draw(
			ellipsoid( (-0.12291,0.18659,-0.97472), (0.98611,-0.087605,-0.14112), (0.11172,0.97852,0.17323), 0.16975, 0.19371, 0.18901, (gDx*34,gDy*1,gDz*0)),rgb(1,0.53906,0));
		draw(
			ellipsoid( (0.57165,0.79147,-0.21632), (0.78944,-0.4587,0.4079), (-0.22362,0.40395,0.88703), 0.21167, 0.11882, 0.13837, (gDx*35,gDy*1,gDz*0)),rgb(0.21875,1,0));
		draw(
			ellipsoid( (0.5031,0.77348,-0.38552), (0.85966,-0.4937,0.13131), (0.088769,0.39747,0.91331), 0.2864, 0.068324, 0.11203, (gDx*36,gDy*1,gDz*0)),rgb(0,0.97656,1));
		draw(
			ellipsoid( (0.52452,0.74705,-0.40841), (0.81915,-0.57357,0.002872), (0.23211,0.33606,0.91279), 0.2731, 0.078172, 0.12021, (gDx*37,gDy*1,gDz*0)),rgb(0,1,0.83594));
		draw(
			ellipsoid( (-0.58595,-0.67895,0.44237), (-0.66463,0.71497,0.21698), (0.4636,0.16687,0.87019), 0.24039, 0.054309, 0.14887, (gDx*38,gDy*1,gDz*0)),rgb(0,0.90625,1));
		draw(
			ellipsoid( (-0.50773,0.79883,0.32262), (0.86145,0.47559,0.17812), (0.011146,-0.36836,0.92962), 0.06773, 0.17702, 0.21743, (gDx*39,gDy*1,gDz*0)),rgb(0,1,0.78906));
		draw(
			ellipsoid( (-0.29619,0.33195,-0.89559), (-0.83423,-0.54653,0.073328), (0.46512,-0.76884,-0.4388), 0.25163, 0.12799, 0.067182, (gDx*40,gDy*1,gDz*0)),rgb(0,1,0.88281));
		draw(
			ellipsoid( (-0.19187,0.493,-0.84861), (-0.89143,-0.44925,-0.059437), (0.41054,-0.74507,-0.52567), 0.25334, 0.13856, 0.093234, (gDx*41,gDy*1,gDz*0)),rgb(0,1,0.48438));
		draw(
			ellipsoid( (0.19903,-0.54288,0.81588), (-0.96701,0.02625,0.25337), (0.15897,0.8394,0.51975), 0.22183, 0.14745, 0.11003, (gDx*42,gDy*1,gDz*0)),rgb(0.0078125,1,0));
		draw(
			ellipsoid( (-0.36184,0.67111,-0.64705), (0.66505,0.67222,0.32531), (-0.65328,0.31261,0.68956), 0.22836, 0.094886, 0.14915, (gDx*43,gDy*1,gDz*0)),rgb(0,1,0.29688));
		draw(
			ellipsoid( (-0.60394,0.75816,-0.24585), (0.71304,0.65178,0.25837), (-0.35613,0.019254,0.93424), 0.23348, 0.084363, 0.14419, (gDx*44,gDy*1,gDz*0)),rgb(0,1,0.50781));
		draw(
			ellipsoid( (0.6099,-0.78653,0.096921), (-0.77562,-0.61753,-0.13066), (-0.16262,-0.0045128,0.98668), 0.19466, 0.13809, 0.1532, (gDx*45,gDy*1,gDz*0)),rgb(0.80469,1,0));
		draw(
			ellipsoid( (-0.32833,0.88408,0.33255), (0.78022,0.45229,-0.43207), (0.5324,-0.1176,0.83829), 0.27668, 0.25927, 0.26152, (gDx*46,gDy*1,gDz*0)),rgb(1,0.28125,0));
		draw(
			ellipsoid( (0.40354,-0.86719,-0.29177), (-0.85946,-0.46865,0.2042), (0.31382,-0.16836,0.93444), 0.2694, 0.25584, 0.25708, (gDx*47,gDy*1,gDz*0)),rgb(1,0.23438,0));
		draw(
			ellipsoid( (-0.26526,-0.78888,-0.55435), (-0.9595,0.27253,0.071299), (-0.094829,-0.55081,0.82923), 0.15579, 0.17553, 0.17955, (gDx*48,gDy*1,gDz*0)),rgb(1,0.58594,0));
		draw(
			ellipsoid( (-0.47385,-0.68553,-0.55273), (-0.84206,0.53641,0.056608), (-0.25768,-0.49225,0.83144), 0.11386, 0.14548, 0.16212, (gDx*49,gDy*1,gDz*0)),rgb(0.78125,1,0));
		draw(
			ellipsoid( (-0.28467,-0.69527,-0.65997), (-0.95851,0.21708,0.18476), (-0.014806,-0.68518,0.72822), 0.13632, 0.15943, 0.18502, (gDx*50,gDy*1,gDz*0)),rgb(0.94531,1,0));
		draw(
			ellipsoid( (-0.13447,0.63841,-0.75786), (0.87706,0.43262,0.20882), (-0.46118,0.63661,0.6181), 0.22461, 0.14724, 0.12546, (gDx*51,gDy*1,gDz*0)),rgb(0.21875,1,0));
		draw(
			ellipsoid( (-0.11302,0.59159,-0.79828), (-0.77048,-0.55948,-0.30553), (0.62737,-0.58053,-0.51903), 0.25171, 0.14749, 0.12379, (gDx*52,gDy*1,gDz*0)),rgb(0,1,0.0625));
		draw(
			ellipsoid( (-0.16897,0.51368,-0.84118), (0.91659,0.39566,0.057502), (-0.36236,0.76131,0.53769), 0.20826, 0.14576, 0.1386, (gDx*53,gDy*1,gDz*0)),rgb(0.57031,1,0));
		draw(
			ellipsoid( (-0.43078,0.32801,-0.84074), (0.84931,0.46232,-0.25481), (-0.30511,0.82382,0.47774), 0.18589, 0.16086, 0.15217, (gDx*54,gDy*1,gDz*0)),rgb(1,0.77344,0));
		draw(
			ellipsoid( (0.46876,-0.37081,0.80173), (-0.83154,-0.49144,0.25889), (-0.29801,0.78803,0.53871), 0.17898, 0.15036, 0.14065, (gDx*55,gDy*1,gDz*0)),rgb(1,0.89062,0));
		draw(
			ellipsoid( (-0.44437,0.24164,-0.86264), (0.81005,0.5196,-0.27173), (-0.38257,0.81953,0.42663), 0.15085, 0.1252, 0.11707, (gDx*56,gDy*1,gDz*0)),rgb(1,0.9375,0));
		draw(
			ellipsoid( (0.59935,-0.5265,0.60297), (-0.79816,-0.33568,0.50026), (0.060979,0.7811,0.62142), 0.27532, 0.25557, 0.26508, (gDx*57,gDy*1,gDz*0)),rgb(1,0.30469,0));
		draw(
			ellipsoid( (-0.39828,-0.49865,0.76988), (-0.90077,0.37108,-0.22565), (0.17317,0.78336,0.59696), 0.35692, 0.368, 0.38001, (gDx*58,gDy*1,gDz*0)),rgb(1,0.25781,0));
		draw(
			ellipsoid( (0.8627,0.4347,-0.25844), (0.49364,-0.61281,0.61707), (-0.10987,0.65992,0.74326), 0.17546, 0.15702, 0.13491, (gDx*0,gDy*2,gDz*0)),rgb(1,0.9375,0));
		draw(
			ellipsoid( (0.73879,0.40081,-0.54179), (0.64368,-0.65782,0.39109), (0.19965,0.63767,0.74398), 0.20269, 0.14756, 0.13099, (gDx*1,gDy*2,gDz*0)),rgb(0.54688,1,0));
		draw(
			ellipsoid( (-0.73726,-0.4013,0.54352), (-0.59469,0.76724,-0.24018), (0.32062,0.5003,0.8043), 0.22205, 0.13404, 0.12263, (gDx*2,gDy*2,gDz*0)),rgb(0.14844,1,0));
		draw(
			ellipsoid( (0.73212,0.48349,-0.47982), (0.61317,-0.16099,0.77337), (-0.29667,0.86042,0.41433), 0.22532, 0.13172, 0.13464, (gDx*3,gDy*2,gDz*0)),rgb(0.19531,1,0));
		draw(
			ellipsoid( (0.72086,0.47926,-0.50067), (0.68806,-0.40811,0.60001), (-0.083232,0.77702,0.62395), 0.19714, 0.15882, 0.14953, (gDx*4,gDy*2,gDz*0)),rgb(0.99219,1,0));
		draw(
			ellipsoid( (0.73122,0.43729,-0.52354), (0.68199,-0.45262,0.57448), (-0.014249,0.77712,0.62919), 0.19008, 0.16197, 0.14965, (gDx*5,gDy*2,gDz*0)),rgb(1,0.86719,0));
		draw(
			ellipsoid( (-0.73712,-0.341,0.58341), (-0.52669,0.83082,-0.17985), (0.42338,0.43985,0.79201), 0.19094, 0.16424, 0.14732, (gDx*6,gDy*2,gDz*0)),rgb(1,0.9375,0));
		draw(
			ellipsoid( (-0.67716,-0.46952,0.56657), (-0.59933,0.79865,-0.054462), (0.42692,0.37644,0.82221), 0.23771, 0.14415, 0.094604, (gDx*7,gDy*2,gDz*0)),rgb(0,1,0.36719));
		draw(
			ellipsoid( (-0.65728,-0.51724,0.54813), (-0.67287,0.73034,-0.11768), (0.33945,0.44616,0.82808), 0.28814, 0.13047, 0.089834, (gDx*8,gDy*2,gDz*0)),rgb(0,1,0.74219));
		draw(
			ellipsoid( (0.59527,0.52487,-0.60841), (0.80348,-0.39701,0.44363), (0.0086958,0.75292,0.65805), 0.28113, 0.1196, 0.098925, (gDx*9,gDy*2,gDz*0)),rgb(0,1,0.625));
		draw(
			ellipsoid( (0.56146,0.46296,-0.68588), (0.82742,-0.30221,0.47334), (-0.011853,0.83327,0.55274), 0.28092, 0.11825, 0.10267, (gDx*10,gDy*2,gDz*0)),rgb(0,1,0.60156));
		draw(
			ellipsoid( (-0.60198,-0.45706,0.65477), (-0.7166,-0.052537,-0.6955), (-0.35228,0.88788,0.2959), 0.25494, 0.12514, 0.11156, (gDx*11,gDy*2,gDz*0)),rgb(0,1,0.32031));
		draw(
			ellipsoid( (-0.69516,-0.47101,0.54305), (-0.52571,-0.18213,-0.83094), (-0.49029,0.86312,0.12101), 0.22994, 0.14726, 0.12445, (gDx*12,gDy*2,gDz*0)),rgb(0.14844,1,0));
		draw(
			ellipsoid( (-0.71986,-0.48094,0.5005), (-0.52794,-0.088757,-0.84463), (-0.45063,0.87225,0.19001), 0.1878, 0.15858, 0.1357, (gDx*13,gDy*2,gDz*0)),rgb(0.875,1,0));
		draw(
			ellipsoid( (0.4541,-0.38904,0.80153), (-0.89087,-0.186,0.41443), (0.012151,0.90225,0.43105), 0.17953, 0.14516, 0.15706, (gDx*14,gDy*2,gDz*0)),rgb(1,0.79688,0));
		draw(
			ellipsoid( (-0.85668,-0.4534,0.24601), (-0.51003,0.67313,-0.53551), (-0.077202,0.58424,0.8079), 0.11778, 0.21467, 0.16456, (gDx*15,gDy*2,gDz*0)),rgb(0.21875,1,0));
		draw(
			ellipsoid( (-0.86889,-0.48643,0.091775), (-0.48455,0.79785,-0.35867), (-0.10124,0.35611,0.92894), 0.098725, 0.22733, 0.1613, (gDx*16,gDy*2,gDz*0)),rgb(0,1,0.22656));
		draw(
			ellipsoid( (0.53169,-0.82779,0.17906), (-0.8274,-0.55283,-0.098924), (-0.18088,0.095556,0.97885), 0.23656, 0.098375, 0.15552, (gDx*17,gDy*2,gDz*0)),rgb(0,1,0.29688));
		draw(
			ellipsoid( (-0.67763,0.70709,-0.2021), (0.65969,0.70591,0.25788), (-0.32501,-0.041425,0.9448), 0.21592, 0.11583, 0.14431, (gDx*18,gDy*2,gDz*0)),rgb(0.14844,1,0));
		draw(
			ellipsoid( (-0.84707,0.50033,-0.17929), (0.4913,0.8658,0.094954), (-0.20274,0.0076537,0.9792), 0.18859, 0.14469, 0.15204, (gDx*19,gDy*2,gDz*0)),rgb(1,0.98438,0));
		draw(
			ellipsoid( (0.28059,0.5905,-0.75669), (0.90973,0.087767,0.40582), (-0.30605,0.80225,0.51257), 0.13785, 0.16891, 0.15917, (gDx*20,gDy*2,gDz*0)),rgb(1,0.77344,0));
		draw(
			ellipsoid( (-0.28483,-0.48613,0.82616), (-0.95248,0.046453,-0.30105), (-0.10797,0.87265,0.47626), 0.14181, 0.17369, 0.16331, (gDx*21,gDy*2,gDz*0)),rgb(1,0.77344,0));
		draw(
			ellipsoid( (0.9382,0.31119,0.1515), (0.29588,-0.94823,0.11537), (-0.17956,0.063413,0.9817), 0.18419, 0.17129, 0.16181, (gDx*22,gDy*2,gDz*0)),rgb(1,0.49219,0));
		draw(
			ellipsoid( (-0.86946,-0.46251,-0.17359), (-0.39093,0.85899,-0.33063), (-0.30203,0.21961,0.92766), 0.18844, 0.17063, 0.1606, (gDx*23,gDy*2,gDz*0)),rgb(1,0.60938,0));
		draw(
			ellipsoid( (0.95784,0.2864,0.022858), (0.28546,-0.95767,0.037232), (-0.032554,0.029137,0.99905), 0.18029, 0.17143, 0.16232, (gDx*24,gDy*2,gDz*0)),rgb(1,0.42188,0));
		draw(
			ellipsoid( (0.99048,0.093258,-0.10125), (0.135,-0.80179,0.58216), (0.026888,0.59028,0.80675), 0.21212, 0.18888, 0.20089, (gDx*25,gDy*2,gDz*0)),rgb(1,0.44531,0));
		draw(
			ellipsoid( (-0.94435,0.31754,0.08589), (0.3126,0.94757,-0.066213), (0.10241,0.035679,0.9941), 0.41365, 0.43501, 0.44314, (gDx*26,gDy*2,gDz*0)),rgb(1,0.28125,0));
		draw(
			ellipsoid( (0.8664,-0.45382,-0.20833), (-0.33475,-0.21828,-0.91668), (-0.37053,-0.86394,0.34103), 0.49763, 0.59434, 0.55215, (gDx*27,gDy*2,gDz*0)),rgb(1,0.67969,0));
		draw(
			ellipsoid( (0.25777,0.68372,0.6827), (0.94226,-0.021559,-0.33419), (0.21377,-0.72943,0.6498), 0.37669, 0.34981, 0.34405, (gDx*28,gDy*2,gDz*0)),rgb(1,0.375,0));
		draw(
			ellipsoid( (0.46595,-0.76316,-0.44775), (-0.87702,-0.33136,-0.3479), (-0.11714,-0.55479,0.8237), 0.20592, 0.19057, 0.18289, (gDx*29,gDy*2,gDz*0)),rgb(1,0.46875,0));
		draw(
			ellipsoid( (0.33432,-0.81969,-0.46513), (-0.93612,-0.34596,-0.063186), (0.10912,-0.45654,0.88299), 0.24328, 0.21877, 0.21439, (gDx*30,gDy*2,gDz*0)),rgb(1,0.51562,0));
		draw(
			ellipsoid( (0.13776,0.8961,0.42194), (0.99034,-0.13147,-0.044126), (-0.015933,-0.42394,0.90555), 0.2701, 0.25683, 0.24648, (gDx*31,gDy*2,gDz*0)),rgb(1,0.375,0));
		draw(
			ellipsoid( (0.99988,0.014467,-0.0058244), (-0.011667,0.44608,-0.89492), (0.010349,-0.89488,-0.44619), 0.25244, 0.23845, 0.26145, (gDx*32,gDy*2,gDz*0)),rgb(1,0.375,0));
		draw(
			ellipsoid( (-0.98831,0.14942,0.030367), (0.15086,0.9294,0.33683), (-0.022107,-0.33747,0.94108), 0.28031, 0.29068, 0.26063, (gDx*33,gDy*2,gDz*0)),rgb(1,0.44531,0));
		draw(
			ellipsoid( (-0.073149,-0.075532,0.99446), (-0.9733,0.22294,-0.05466), (0.21757,0.9719,0.089823), 0.18763, 0.20687, 0.2017, (gDx*34,gDy*2,gDz*0)),rgb(1,0.39844,0));
		draw(
			ellipsoid( (-0.32802,-0.8928,0.30871), (-0.69212,0.44955,0.56469), (0.64294,0.028438,0.76539), 0.19107, 0.15501, 0.13173, (gDx*35,gDy*2,gDz*0)),rgb(0.75781,1,0));
		draw(
			ellipsoid( (-0.33653,-0.79066,0.51148), (-0.79387,-0.053924,-0.60569), (-0.50647,0.60988,0.60953), 0.26739, 0.075184, 0.11777, (gDx*36,gDy*2,gDz*0)),rgb(0,1,0.83594));
		draw(
			ellipsoid( (0.48181,0.71438,-0.50746), (0.87542,-0.41804,0.24267), (0.03878,0.56116,0.8268), 0.28495, 0.10277, 0.11403, (gDx*37,gDy*2,gDz*0)),rgb(0,1,0.64844));
		draw(
			ellipsoid( (-0.48104,-0.7308,0.48429), (-0.76911,0.61691,0.16698), (0.42079,0.29215,0.85883), 0.26955, 0.077776, 0.13173, (gDx*38,gDy*2,gDz*0)),rgb(0,1,0.8125));
		draw(
			ellipsoid( (0.74705,-0.61855,-0.24353), (-0.60198,-0.47407,-0.64255), (-0.282,-0.62662,0.72651), 0.077271, 0.15763, 0.24003, (gDx*39,gDy*2,gDz*0)),rgb(0,1,0.67188));
		draw(
			ellipsoid( (-0.65145,0.66811,0.3595), (0.75857,0.56511,0.32437), (-0.013556,-0.48402,0.87495), 0.080681, 0.14213, 0.25954, (gDx*40,gDy*2,gDz*0)),rgb(0,1,0.69531));
		draw(
			ellipsoid( (-0.40633,0.7693,0.49304), (0.9125,0.36956,0.17539), (0.047275,-0.52116,0.85215), 0.088449, 0.13328, 0.28989, (gDx*41,gDy*2,gDz*0)),rgb(0,1,0.74219));
		draw(
			ellipsoid( (0.13134,-0.53854,0.8323), (-0.98967,-0.11984,0.078626), (-0.057403,0.83404,0.54872), 0.29313, 0.10589, 0.07999, (gDx*42,gDy*2,gDz*0)),rgb(0,1,0.92969));
		draw(
			ellipsoid( (-0.29074,0.65225,-0.70003), (0.7098,0.63764,0.29932), (-0.6416,0.40986,0.64835), 0.26, 0.093712, 0.1509, (gDx*43,gDy*2,gDz*0)),rgb(0,1,0.50781));
		draw(
			ellipsoid( (-0.48072,0.71917,-0.5017), (0.78277,0.60981,0.12409), (-0.39519,0.33307,0.85609), 0.16254, 0.0952, 0.12461, (gDx*44,gDy*2,gDz*0)),rgb(0.35938,1,0));
		draw(
			ellipsoid( (0.34741,-0.92536,0.15169), (-0.93616,-0.33296,0.11288), (0.05395,0.18123,0.98196), 0.25891, 0.23868, 0.2422, (gDx*45,gDy*2,gDz*0)),rgb(1,0.35156,0));
		draw(
			ellipsoid( (0.26137,-0.96452,-0.037313), (-0.95307,-0.25176,-0.16814), (-0.15278,-0.07951,0.98506), 0.30913, 0.28487, 0.29346, (gDx*46,gDy*2,gDz*0)),rgb(1,0.32812,0));
		draw(
			ellipsoid( (0.69951,0.59098,0.40179), (0.5328,-0.80599,0.25789), (-0.47625,-0.03368,0.87867), 0.20471, 0.21338, 0.21057, (gDx*47,gDy*2,gDz*0)),rgb(1,0.16406,0));
		draw(
			ellipsoid( (-0.22286,-0.97405,0.039489), (-0.97168,0.2187,-0.089452), (-0.078494,0.058307,0.99521), 0.14353, 0.16464, 0.15655, (gDx*48,gDy*2,gDz*0)),rgb(1,0.53906,0));
		draw(
			ellipsoid( (-0.51223,-0.83545,-0.19913), (-0.84988,0.52649,-0.022735), (-0.12384,-0.15759,0.97971), 0.16655, 0.1751, 0.17324, (gDx*49,gDy*2,gDz*0)),rgb(1,0.21094,0));
		draw(
			ellipsoid( (-0.53917,-0.84015,-0.058626), (-0.84184,0.5356,0.066664), (0.024608,-0.085296,0.99605), 0.16765, 0.17549, 0.17235, (gDx*50,gDy*2,gDz*0)),rgb(1,0.1875,0));
		draw(
			ellipsoid( (-0.30778,0.47394,-0.82502), (0.70016,0.69995,0.1409), (-0.64425,0.53428,0.54726), 0.20743, 0.1353, 0.13003, (gDx*51,gDy*2,gDz*0)),rgb(0.40625,1,0));
		draw(
			ellipsoid( (0.23679,-0.4461,0.86309), (-0.96829,-0.18124,0.17198), (-0.079708,0.87644,0.47487), 0.2626, 0.11051, 0.12519, (gDx*52,gDy*2,gDz*0)),rgb(0,1,0.39062));
		draw(
			ellipsoid( (-0.21206,0.41179,-0.88626), (0.91087,-0.24525,-0.3319), (0.35403,0.87766,0.32308), 0.22326, 0.12663, 0.13596, (gDx*53,gDy*2,gDz*0)),rgb(0.17188,1,0));
		draw(
			ellipsoid( (0.3705,-0.31064,0.87535), (-0.87422,-0.43502,0.21564), (-0.31381,0.84514,0.43275), 0.19046, 0.16265, 0.15521, (gDx*54,gDy*2,gDz*0)),rgb(1,0.79688,0));
		draw(
			ellipsoid( (-0.34984,0.28013,-0.89395), (0.76722,0.63325,-0.10182), (-0.53757,0.72148,0.43646), 0.19145, 0.15788, 0.15499, (gDx*55,gDy*2,gDz*0)),rgb(1,0.84375,0));
		draw(
			ellipsoid( (-0.34982,0.2801,-0.89396), (0.76714,0.63336,-0.10174), (-0.5377,0.72139,0.43644), 0.19146, 0.15788, 0.15499, (gDx*56,gDy*2,gDz*0)),rgb(1,0.84375,0));
		draw(
			ellipsoid( (-0.80273,-0.36835,0.46898), (-0.59395,0.56412,-0.57357), (0.053287,0.73898,0.67162), 0.26201, 0.28232, 0.27278, (gDx*57,gDy*2,gDz*0)),rgb(1,0.30469,0));
		draw(
			ellipsoid( (-0.31462,-0.58438,0.74801), (-0.91324,0.40125,-0.070635), (0.25886,0.70533,0.65992), 0.38744, 0.39938, 0.40999, (gDx*58,gDy*2,gDz*0)),rgb(1,0.23438,0));
		draw(
			ellipsoid( (0.44396,-0.66802,0.59721), (-0.84618,-0.093324,0.52466), (0.29475,0.73827,0.60669), 0.43653, 0.52372, 0.57356, (gDx*59,gDy*2,gDz*0)),rgb(1,0.98438,0));
		draw(
			ellipsoid( (0.67642,0.53564,-0.50551), (0.73631,-0.50831,0.44662), (0.017729,0.67432,0.73823), 0.21005, 0.1688, 0.14032, (gDx*0,gDy*3,gDz*0)),rgb(0.66406,1,0));
		draw(
			ellipsoid( (-0.72389,-0.37267,0.58061), (-0.62909,0.70205,-0.33372), (0.28325,0.60683,0.74265), 0.21298, 0.1437, 0.12408, (gDx*1,gDy*3,gDz*0)),rgb(0.3125,1,0));
		draw(
			ellipsoid( (-0.75558,-0.32075,0.57115), (-0.55842,0.77121,-0.30563), (0.34244,0.54987,0.76182), 0.2077, 0.13519, 0.12124, (gDx*2,gDy*3,gDz*0)),rgb(0.28906,1,0));
		draw(
			ellipsoid( (-0.77814,-0.35778,0.51623), (-0.46185,0.88295,-0.084238), (0.42567,0.30397,0.85229), 0.20041, 0.13419, 0.14563, (gDx*3,gDy*3,gDz*0)),rgb(0.61719,1,0));
		draw(
			ellipsoid( (-0.7736,-0.33542,0.53762), (-0.46897,-0.26751,-0.84173), (-0.42615,0.90329,-0.049648), 0.20177, 0.14351, 0.12064, (gDx*4,gDy*3,gDz*0)),rgb(0.38281,1,0));
		draw(
			ellipsoid( (0.72763,0.28377,-0.62452), (0.68484,-0.24832,0.68508), (-0.039327,0.92618,0.37502), 0.21682, 0.1388, 0.11656, (gDx*5,gDy*3,gDz*0)),rgb(0.14844,1,0));
		draw(
			ellipsoid( (-0.72576,-0.27759,0.62946), (-0.55573,0.77589,-0.29859), (0.40551,0.56651,0.71738), 0.2244, 0.14761, 0.12168, (gDx*6,gDy*3,gDz*0)),rgb(0.17188,1,0));
		draw(
			ellipsoid( (-0.75064,-0.22702,0.62048), (-0.50373,0.80434,-0.31511), (0.42754,0.54909,0.71813), 0.21821, 0.15376, 0.11712, (gDx*7,gDy*3,gDz*0)),rgb(0.17188,1,0));
		draw(
			ellipsoid( (-0.74474,-0.26537,0.61232), (-0.52219,0.80306,-0.28709), (0.41554,0.53355,0.73664), 0.19442, 0.149, 0.12843, (gDx*8,gDy*3,gDz*0)),rgb(0.64062,1,0));
		draw(
			ellipsoid( (0.55359,0.47397,-0.68476), (0.83245,-0.33858,0.43864), (0.023945,0.81285,0.58198), 0.19791, 0.14266, 0.13355, (gDx*9,gDy*3,gDz*0)),rgb(0.61719,1,0));
		draw(
			ellipsoid( (-0.50671,-0.49134,0.7084), (-0.80302,-0.03001,-0.5952), (-0.3137,0.87045,0.37935), 0.23857, 0.13455, 0.11275, (gDx*10,gDy*3,gDz*0)),rgb(0,1,0.13281));
		draw(
			ellipsoid( (-0.54015,-0.49194,0.68281), (-0.76223,-0.057933,-0.64471), (-0.35672,0.8687,0.34368), 0.24107, 0.13421, 0.11273, (gDx*11,gDy*3,gDz*0)),rgb(0,1,0.15625));
		draw(
			ellipsoid( (-0.43519,-0.57841,0.68997), (-0.81702,-0.068266,-0.57255), (-0.37827,0.81289,0.44286), 0.24486, 0.1435, 0.098458, (gDx*12,gDy*3,gDz*0)),rgb(0,1,0.34375));
		draw(
			ellipsoid( (-0.57135,0.69157,0.44191), (0.80726,0.37648,0.45453), (-0.14797,-0.61643,0.77338), 0.10827, 0.14778, 0.23272, (gDx*13,gDy*3,gDz*0)),rgb(0,1,0.10938));
		draw(
			ellipsoid( (-0.20979,0.48491,-0.84903), (0.93791,-0.14555,-0.31487), (0.27626,0.86237,0.42426), 0.22134, 0.1252, 0.15977, (gDx*14,gDy*3,gDz*0)),rgb(0.28906,1,0));
		draw(
			ellipsoid( (-0.94813,-0.2109,0.23786), (-0.31542,0.53095,-0.78651), (-0.039587,0.82074,0.56993), 0.10852, 0.24141, 0.16879, (gDx*15,gDy*3,gDz*0)),rgb(0,1,0.15625));
		draw(
			ellipsoid( (-0.96727,-0.21055,0.14159), (-0.25244,0.74227,-0.62073), (-0.025598,0.63616,0.77113), 0.099058, 0.24157, 0.19132, (gDx*16,gDy*3,gDz*0)),rgb(0,1,0.36719));
		draw(
			ellipsoid( (-0.95307,-0.29679,0.059864), (-0.29319,0.95404,0.062046), (0.075527,-0.041582,0.99628), 0.12625, 0.21617, 0.16788, (gDx*17,gDy*3,gDz*0)),rgb(0.35938,1,0));
		draw(
			ellipsoid( (0.59634,-0.789,0.14786), (-0.80123,-0.57378,0.16971), (0.049059,0.21967,0.97434), 0.18878, 0.16475, 0.1748, (gDx*18,gDy*3,gDz*0)),rgb(1,0.51562,0));
		draw(
			ellipsoid( (0.56622,0.45981,-0.68409), (0.61669,0.31435,0.72172), (-0.5469,0.83052,0.10557), 0.17168, 0.17697, 0.1809, (gDx*19,gDy*3,gDz*0)),rgb(1,0.21094,0));
		draw(
			ellipsoid( (-0.16769,-0.67375,0.71968), (-0.97242,0.23307,-0.0083927), (0.16208,0.70124,0.69425), 0.17894, 0.20007, 0.20417, (gDx*20,gDy*3,gDz*0)),rgb(1,0.53906,0));
		draw(
			ellipsoid( (-0.32844,0.55788,-0.76217), (0.94447,0.18535,-0.27133), (0.010106,0.80896,0.58778), 0.18747, 0.19808, 0.20294, (gDx*21,gDy*3,gDz*0)),rgb(1,0.32812,0));
		draw(
			ellipsoid( (0.94629,0.32321,0.0079524), (0.32294,-0.9461,0.024551), (-0.015459,0.020664,0.99967), 0.1815, 0.17917, 0.16801, (gDx*22,gDy*3,gDz*0)),rgb(1,0.32812,0));
		draw(
			ellipsoid( (0.95982,-0.2788,0.031984), (-0.28062,-0.95356,0.10939), (-2.7503e-06,0.11397,0.99348), 0.17899, 0.18158, 0.16634, (gDx*23,gDy*3,gDz*0)),rgb(1,0.375,0));
		draw(
			ellipsoid( (0.40785,0.90492,-0.12157), (0.9129,-0.40178,0.072031), (-0.016338,0.14036,0.98997), 0.1805, 0.17683, 0.16378, (gDx*24,gDy*3,gDz*0)),rgb(1,0.39844,0));
		draw(
			ellipsoid( (0.74405,-0.66766,-0.024754), (-0.64115,-0.7031,-0.30755), (-0.18794,-0.24471,0.95121), 0.1942, 0.17073, 0.16219, (gDx*25,gDy*3,gDz*0)),rgb(1,0.70312,0));
		draw(
			ellipsoid( (-0.84144,0.5374,-0.056283), (0.46824,0.77718,0.42042), (-0.26968,-0.32741,0.90558), 0.21685, 0.18956, 0.18099, (gDx*26,gDy*3,gDz*0)),rgb(1,0.70312,0));
		draw(
			ellipsoid( (0.65262,-0.12986,-0.74648), (-0.57672,-0.72411,-0.37823), (0.49142,-0.67735,0.54746), 0.28879, 0.3283, 0.3154, (gDx*27,gDy*3,gDz*0)),rgb(1,0.51562,0));
		draw(
			ellipsoid( (-0.72291,-0.63861,-0.26379), (-0.61352,0.76888,-0.18005), (-0.3178,-0.031684,0.94763), 0.26559, 0.23954, 0.22988, (gDx*28,gDy*3,gDz*0)),rgb(1,0.5625,0));
		draw(
			ellipsoid( (-0.75679,-0.64815,-0.084696), (-0.45129,0.42435,0.78503), (0.47288,-0.63232,0.61364), 0.20027, 0.15833, 0.14768, (gDx*29,gDy*3,gDz*0)),rgb(0.89844,1,0));
		draw(
			ellipsoid( (-0.55574,0.35135,-0.75347), (0.8283,0.15634,-0.53803), (0.071238,0.9231,0.37791), 0.17982, 0.21132, 0.19696, (gDx*30,gDy*3,gDz*0)),rgb(1,0.60938,0));
		draw(
			ellipsoid( (0.84911,0.1521,-0.50585), (0.52369,-0.36757,0.76853), (0.069044,0.91747,0.39176), 0.20552, 0.17115, 0.18206, (gDx*31,gDy*3,gDz*0)),rgb(1,0.70312,0));
		draw(
			ellipsoid( (0.50866,0.037295,0.86016), (0.82307,-0.31422,-0.4731), (-0.25263,-0.94862,0.19053), 0.11457, 0.15605, 0.13963, (gDx*32,gDy*3,gDz*0)),rgb(0.92188,1,0));
		draw(
			ellipsoid( (0.93785,-0.14359,-0.31596), (-0.32683,-0.059152,-0.94323), (-0.11675,-0.98787,0.1024), 0.16535, 0.1115, 0.13862, (gDx*33,gDy*3,gDz*0)),rgb(0.6875,1,0));
		draw(
			ellipsoid( (0.94503,-0.092582,-0.3136), (-0.31577,-0.50732,-0.80182), (0.084859,-0.85677,0.50867), 0.18836, 0.13726, 0.15775, (gDx*34,gDy*3,gDz*0)),rgb(0.89844,1,0));
		draw(
			ellipsoid( (-0.66054,-0.4791,-0.57806), (-0.74176,0.29741,0.60111), (0.11607,-0.82584,0.55183), 0.085874, 0.20429, 0.16998, (gDx*35,gDy*3,gDz*0)),rgb(0,1,0.34375));
		draw(
			ellipsoid( (-0.36082,-0.59548,0.71778), (-0.67603,-0.3632,-0.64114), (-0.64249,0.71658,0.27152), 0.24062, 0.073707, 0.14722, (gDx*36,gDy*3,gDz*0)),rgb(0,1,0.71875));
		draw(
			ellipsoid( (0.48103,0.70611,-0.51964), (0.8759,-0.36172,0.3193), (-0.037493,0.60875,0.79248), 0.2798, 0.10338, 0.11231, (gDx*37,gDy*3,gDz*0)),rgb(0,1,0.625));
		draw(
			ellipsoid( (-0.48132,-0.73097,0.48375), (-0.76902,0.61699,0.16715), (0.42065,0.29156,0.85909), 0.26955, 0.077786, 0.13169, (gDx*38,gDy*3,gDz*0)),rgb(0,1,0.8125));
		draw(
			ellipsoid( (0.75299,-0.60156,-0.2667), (-0.59993,-0.46108,-0.65382), (-0.27034,-0.65233,0.70809), 0.076439, 0.15575, 0.23729, (gDx*39,gDy*3,gDz*0)),rgb(0,1,0.67188));
		draw(
			ellipsoid( (-0.69712,0.63128,0.33988), (0.71696,0.61519,0.32789), (0.0021027,-0.47226,0.88146), 0.08567, 0.15074, 0.27449, (gDx*40,gDy*3,gDz*0)),rgb(0,1,0.69531));
		draw(
			ellipsoid( (-0.80232,0.51649,0.29921), (0.59683,0.70184,0.38887), (0.0091529,-0.49057,0.87135), 0.08756, 0.12631, 0.29577, (gDx*41,gDy*3,gDz*0)),rgb(0,1,0.8125));
		draw(
			ellipsoid( (-0.93631,0.28666,0.20286), (0.35113,0.77366,0.5274), (0.0057603,-0.56504,0.82504), 0.088457, 0.11832, 0.28592, (gDx*42,gDy*3,gDz*0)),rgb(0,1,0.76562));
		draw(
			ellipsoid( (-0.99735,0.058013,0.043853), (0.072676,0.77351,0.62961), (-0.002605,-0.63113,0.77567), 0.086446, 0.11628, 0.23386, (gDx*43,gDy*3,gDz*0)),rgb(0,1,0.50781));
		draw(
			ellipsoid( (-0.084871,-0.735,0.67274), (-0.89274,0.35595,0.27626), (0.44251,0.57713,0.68637), 0.20411, 0.16306, 0.17099, (gDx*44,gDy*3,gDz*0)),rgb(1,0.86719,0));
		draw(
			ellipsoid( (-0.54491,0.026048,0.83809), (0.83407,-0.085769,0.54496), (-0.086078,-0.99597,-0.025011), 0.26716, 0.2808, 0.28947, (gDx*45,gDy*3,gDz*0)),rgb(1,0.32812,0));
		draw(
			ellipsoid( (0.17446,-0.98464,0.0064938), (-0.97705,-0.17393,-0.12295), (-0.12219,-0.015105,0.99239), 0.26791, 0.25025, 0.25112, (gDx*46,gDy*3,gDz*0)),rgb(1,0.30469,0));
		draw(
			ellipsoid( (-0.92805,-0.22244,-0.29874), (-0.35503,0.77082,0.52896), (-0.11262,-0.59696,0.79433), 0.16331, 0.16839, 0.17416, (gDx*47,gDy*3,gDz*0)),rgb(1,0.25781,0));
		draw(
