	import three;
	import settings;

	surface ellipsoid(triple v1,triple v2,triple v3,real l1,real l2, real l3, triple pos=O) {
		transform3 T = identity(4);
		T[0][0] = l1*v1.x;
		T[1][0] = l1*v1.y;
		T[2][0] = l1*v1.z;
		T[0][1] = l2*v2.x;
		T[1][1] = l2*v2.y;
		T[2][1] = l2*v2.z;
		T[0][2] = l3*v3.x;
		T[1][2] = l3*v3.y;
		T[2][2] = l3*v3.z;
		T[0][3] = pos.x;
		T[1][3] = pos.y;
		T[2][3] = pos.z;
		return T*unitsphere;
	}

	size(200);

	real gDx=0.25;
	real gDy=0.25;
	real gDz=0.25;

	currentprojection=perspective( camera=(gDx*55.5,gDy*55.5,112),up=Y, target=(gDx*55.5,gDy*55.5,gDz*-0.5));
		draw(
			ellipsoid( (-0.10205,-0.073001,0.9921), (0.86692,-0.49565,0.0527), (0.48789,0.86545,0.11387), 0.16702, 0.19913, 0.25316, (gDx*58,gDy*22,gDz*0)),rgb(0.6875,1,0));
		draw(
			ellipsoid( (-0.072016,-0.088433,0.99348), (-0.91494,0.40243,-0.030502), (-0.3971,-0.91117,-0.10989), 0.1849, 0.2133, 0.25238, (gDx*59,gDy*22,gDz*0)),rgb(0.96875,1,0));
		draw(
			ellipsoid( (-0.18682,-0.14086,0.97224), (0.98205,-0.00049037,0.18864), (-0.026094,0.99003,0.13842), 0.16701, 0.19487, 0.22079, (gDx*60,gDy*22,gDz*0)),rgb(1,0.9375,0));
		draw(
			ellipsoid( (-0.24108,-0.25872,0.93539), (0.96674,-0.14888,0.20798), (0.085452,0.95441,0.286), 0.25654, 0.2895, 0.31679, (gDx*61,gDy*22,gDz*0)),rgb(1,0.75,0));
		draw(
			ellipsoid( (-0.41664,-0.02897,0.90861), (0.83161,-0.41588,0.36808), (0.3672,0.90896,0.19736), 0.27965, 0.29114, 0.33708, (gDx*62,gDy*22,gDz*0)),rgb(1,0.75,0));
		draw(
			ellipsoid( (0.5392,-0.089564,0.8374), (0.62395,-0.62535,-0.46864), (0.56564,0.77519,-0.2813), 0.14816, 0.16235, 0.18551, (gDx*63,gDy*22,gDz*0)),rgb(1,0.84375,0));
		draw(
			ellipsoid( (-0.26195,0.55281,0.79107), (0.82411,-0.29843,0.48144), (-0.50222,-0.77804,0.3774), 0.10791, 0.11557, 0.15068, (gDx*64,gDy*22,gDz*0)),rgb(0.78125,1,0));
		draw(
			ellipsoid( (-0.29787,0.1236,0.94657), (-0.94512,0.10129,-0.31064), (-0.13428,-0.98715,0.086646), 0.14307, 0.16589, 0.20279, (gDx*65,gDy*22,gDz*0)),rgb(0.78125,1,0));
		draw(
			ellipsoid( (-0.16462,-0.045243,0.98532), (0.97955,-0.12468,0.15793), (0.11571,0.99116,0.064843), 0.24384, 0.27097, 0.31295, (gDx*66,gDy*22,gDz*0)),rgb(1,0.84375,0));
		draw(
			ellipsoid( (-0.14295,-0.096812,0.98498), (0.98426,-0.11839,0.13121), (0.10391,0.98824,0.11221), 0.19011, 0.22079, 0.26645, (gDx*67,gDy*22,gDz*0)),rgb(0.875,1,0));
		draw(
			ellipsoid( (-0.037035,-0.17488,0.98389), (-0.99665,0.078298,-0.023599), (-0.07291,-0.98147,-0.17719), 0.12196, 0.17105, 0.21088, (gDx*68,gDy*22,gDz*0)),rgb(0.3125,1,0));
		draw(
			ellipsoid( (0.21075,-0.46149,0.86175), (-0.96031,0.06703,0.27075), (-0.18271,-0.88461,-0.42905), 0.31961, 0.36647, 0.44316, (gDx*69,gDy*22,gDz*0)),rgb(0.875,1,0));
		draw(
			ellipsoid( (-0.84217,0.25319,0.47607), (0.037199,-0.85351,0.51974), (0.53793,0.45542,0.70938), 0.34722, 0.38086, 0.43707, (gDx*44,gDy*23,gDz*0)),rgb(1,0.84375,0));
		draw(
			ellipsoid( (0.69865,-0.067142,-0.7123), (0.17193,-0.95066,0.25824), (0.6945,0.30289,0.65264), 0.36986, 0.40099, 0.46158, (gDx*45,gDy*23,gDz*0)),rgb(1,0.84375,0));
		draw(
			ellipsoid( (0.1395,0.6294,-0.76446), (0.85354,-0.46781,-0.22941), (0.50201,0.62049,0.60247), 0.3001, 0.31413, 0.38099, (gDx*49,gDy*23,gDz*0)),rgb(1,0.9375,0));
		draw(
			ellipsoid( (-0.11409,-0.28656,0.95125), (-0.98846,0.12875,-0.079772), (-0.099613,-0.94937,-0.29794), 0.34441, 0.37572, 0.38631, (gDx*56,gDy*23,gDz*0)),rgb(1,0.46875,0));
		draw(
			ellipsoid( (0.35981,-0.18916,0.91365), (0.57003,-0.73067,-0.37576), (0.73865,0.65601,-0.15508), 0.15127, 0.16196, 0.20358, (gDx*57,gDy*23,gDz*0)),rgb(0.96875,1,0));
		draw(
			ellipsoid( (0.69457,-0.046846,0.71789), (0.41516,-0.78886,-0.45315), (-0.58755,-0.61279,0.52847), 0.12157, 0.13179, 0.17544, (gDx*58,gDy*23,gDz*0)),rgb(0.78125,1,0));
		draw(
			ellipsoid( (0.28108,0.59969,0.74924), (0.90058,-0.43458,0.0099817), (-0.33159,-0.67195,0.66222), 0.12681, 0.14859, 0.17917, (gDx*59,gDy*23,gDz*0)),rgb(0.875,1,0));
		draw(
			ellipsoid( (0.43144,0.59753,0.67588), (0.88141,-0.11951,-0.45698), (0.19228,-0.79289,0.57823), 0.10891, 0.1203, 0.16128, (gDx*60,gDy*23,gDz*0)),rgb(0.6875,1,0));
		draw(
			ellipsoid( (0.68529,0.38205,0.62), (-0.57359,-0.24143,0.78276), (-0.44874,0.89205,-0.053692), 0.12623, 0.14127, 0.16392, (gDx*61,gDy*23,gDz*0)),rgb(1,0.9375,0));
		draw(
			ellipsoid( (0.96826,0.11917,0.2197), (-0.03394,0.93357,-0.35679), (0.24763,-0.33801,-0.90798), 0.14947, 0.16786, 0.17074, (gDx*62,gDy*23,gDz*0)),rgb(1,0.5625,0));
		draw(
			ellipsoid( (0.27417,0.871,0.40767), (0.91136,-0.37065,0.17898), (-0.307,-0.32247,0.89541), 0.14985, 0.16107, 0.181, (gDx*63,gDy*23,gDz*0)),rgb(1,0.65625,0));
		draw(
			ellipsoid( (-0.12577,0.93483,0.33209), (0.93496,-0.00023982,0.35476), (-0.33171,-0.35511,0.87399), 0.11789, 0.14282, 0.17148, (gDx*64,gDy*23,gDz*0)),rgb(0.78125,1,0));
		draw(
			ellipsoid( (0.89722,-0.4354,-0.073694), (0.44136,0.87881,0.18137), (-0.014204,-0.19525,0.98065), 0.11385, 0.12855, 0.17104, (gDx*65,gDy*23,gDz*0)),rgb(0.6875,1,0));
		draw(
			ellipsoid( (0.99489,0.10071,-0.0075296), (-0.085801,0.88224,0.46291), (0.053261,-0.4599,0.88637), 0.14127, 0.15497, 0.18632, (gDx*66,gDy*23,gDz*0)),rgb(1,0.9375,0));
		draw(
			ellipsoid( (0.80523,0.57432,0.14753), (-0.43987,0.4117,0.79813), (0.39764,-0.70757,0.58414), 0.1277, 0.14566, 0.16843, (gDx*67,gDy*23,gDz*0)),rgb(1,0.9375,0));
		draw(
			ellipsoid( (0.48589,0.81101,0.32584), (-0.56254,0.0048658,0.82676), (0.66892,-0.58501,0.45859), 0.14392, 0.15229, 0.17693, (gDx*68,gDy*23,gDz*0)),rgb(1,0.75,0));
		draw(
			ellipsoid( (-0.26897,-0.045256,0.96208), (0.95779,-0.1178,0.26223), (0.10147,0.99201,0.07503), 0.2647, 0.28818, 0.29495, (gDx*69,gDy*23,gDz*0)),rgb(1,0.46875,0));
		draw(
			ellipsoid( (0.23802,-0.25618,0.93687), (-0.96539,0.043447,0.25715), (-0.10658,-0.96565,-0.23698), 0.22487, 0.23297, 0.27102, (gDx*70,gDy*23,gDz*0)),rgb(1,0.75,0));
		draw(
			ellipsoid( (0.059079,-0.058061,0.99656), (-0.97362,0.21706,0.070364), (-0.22039,-0.97443,-0.043706), 0.10718, 0.12933, 0.16029, (gDx*71,gDy*23,gDz*0)),rgb(0.6875,1,0));
		draw(
			ellipsoid( (0.49394,-0.85234,-0.17184), (0.63267,0.48789,-0.6014), (0.59644,0.18834,0.78025), 0.32742, 0.33497, 0.38138, (gDx*39,gDy*24,gDz*0)),rgb(1,0.65625,0));
		draw(
			ellipsoid( (-0.63207,0.5526,0.54325), (-0.22555,0.5395,-0.81121), (-0.74136,-0.63527,-0.21637), 0.17638, 0.19423, 0.22121, (gDx*40,gDy*24,gDz*0)),rgb(1,0.84375,0));
		draw(
			ellipsoid( (0.72018,-0.55127,0.42123), (0.42267,-0.13284,-0.89649), (0.55017,0.82368,0.13733), 0.14419, 0.14734, 0.18161, (gDx*41,gDy*24,gDz*0)),rgb(1,0.9375,0));
		draw(
			ellipsoid( (-0.53841,-0.1004,0.83668), (0.83876,0.031809,0.54357), (-0.081188,0.99444,0.067085), 0.13782, 0.14105, 0.16781, (gDx*42,gDy*24,gDz*0)),rgb(1,0.75,0));
		draw(
			ellipsoid( (0.6509,-0.033193,-0.75844), (0.59089,0.64938,0.47869), (0.47662,-0.75974,0.4423), 0.13021, 0.14325, 0.16547, (gDx*43,gDy*24,gDz*0)),rgb(1,0.84375,0));
		draw(
			ellipsoid( (0.73234,-0.11351,-0.67141), (-0.31897,0.81396,-0.48552), (0.60161,0.56973,0.55989), 0.25236, 0.27544, 0.28502, (gDx*44,gDy*24,gDz*0)),rgb(1,0.46875,0));
		draw(
			ellipsoid( (0.83584,-0.49995,-0.22676), (0.063447,0.49828,-0.86469), (0.54529,0.70836,0.4482), 0.26852, 0.27957, 0.30429, (gDx*45,gDy*24,gDz*0)),rgb(1,0.46875,0));
		draw(
			ellipsoid( (0.59639,-0.74177,0.30676), (0.51378,0.059126,-0.85588), (0.61673,0.66805,0.41636), 0.12897, 0.14786, 0.17928, (gDx*46,gDy*24,gDz*0)),rgb(0.875,1,0));
		draw(
			ellipsoid( (0.045571,-0.3993,0.91569), (-0.98852,0.11419,0.09899), (-0.14409,-0.90968,-0.38951), 0.14156, 0.15509, 0.17071, (gDx*47,gDy*24,gDz*0)),rgb(1,0.65625,0));
		draw(
			ellipsoid( (-0.38002,0.23308,0.89513), (-0.74867,-0.64582,-0.14967), (0.54321,-0.72704,0.41993), 0.13056, 0.14944, 0.17308, (gDx*48,gDy*24,gDz*0)),rgb(1,0.9375,0));
		draw(
			ellipsoid( (-0.56217,-0.094906,0.82156), (0.69204,0.48992,0.53014), (-0.45281,0.86659,-0.20974), 0.15766, 0.19273, 0.20118, (gDx*49,gDy*24,gDz*0)),rgb(1,0.9375,0));
		draw(
			ellipsoid( (-0.5325,-0.26188,0.8049), (0.75715,-0.57246,0.31466), (0.37836,0.77699,0.50312), 0.25554, 0.29779, 0.31572, (gDx*50,gDy*24,gDz*0)),rgb(1,0.75,0));
		draw(
			ellipsoid( (0.56925,0.07014,-0.81917), (0.4584,-0.85419,0.24541), (0.68251,0.51521,0.5184), 0.33254, 0.35063, 0.44668, (gDx*51,gDy*24,gDz*0)),rgb(0.96875,1,0));
		draw(
			ellipsoid( (0.76218,0.45155,-0.46389), (-0.62982,0.35152,-0.69265), (-0.1497,0.82009,0.55231), 0.43883, 0.49634, 0.5298, (gDx*55,gDy*24,gDz*0)),rgb(1,0.75,0));
		draw(
			ellipsoid( (-0.13916,0.15789,0.9776), (-0.34521,0.91755,-0.19733), (-0.92815,-0.36494,-0.073175), 0.25961, 0.27561, 0.29612, (gDx*56,gDy*24,gDz*0)),rgb(1,0.46875,0));
		draw(
			ellipsoid( (0.18318,-0.95765,-0.22213), (0.60822,-0.067118,0.79093), (-0.77234,-0.27999,0.57017), 0.054517, 0.063348, 0.12344, (gDx*57,gDy*24,gDz*0)),rgb(0,1,0.25));
		draw(
			ellipsoid( (0.68885,0.41998,0.59085), (0.50052,-0.86515,0.031416), (-0.52437,-0.27409,0.80617), 0.13691, 0.17828, 0.24265, (gDx*58,gDy*24,gDz*0)),rgb(0.3125,1,0));
		draw(
			ellipsoid( (-0.050808,-0.73369,-0.67758), (-0.69414,0.51374,-0.50423), (0.71805,0.44471,-0.53538), 0.10069, 0.15333, 0.16251, (gDx*59,gDy*24,gDz*0)),rgb(0.40625,1,0));
		draw(
			ellipsoid( (0.29356,-0.64811,-0.70269), (-0.95369,-0.24895,-0.16881), (-0.065529,0.71971,-0.69118), 0.11483, 0.17345, 0.20647, (gDx*60,gDy*24,gDz*0)),rgb(0.21875,1,0));
		draw(
			ellipsoid( (-0.15882,0.70554,0.69064), (0.95394,-0.070664,0.29156), (-0.25451,-0.70514,0.66182), 0.07791, 0.10732, 0.18053, (gDx*61,gDy*24,gDz*0)),rgb(0,1,0.25));
		draw(
			ellipsoid( (0.57298,0.5387,0.61765), (0.68153,-0.73177,0.0059976), (-0.45521,-0.41751,0.78643), 0.096671, 0.12127, 0.15851, (gDx*62,gDy*24,gDz*0)),rgb(0.5,1,0));
		draw(
			ellipsoid( (0.66125,0.74115,0.11596), (-0.65084,0.64367,-0.40262), (-0.37304,0.19077,0.90799), 0.15768, 0.17302, 0.18789, (gDx*63,gDy*24,gDz*0)),rgb(1,0.65625,0));
		draw(
			ellipsoid( (-0.045895,-0.91432,0.40237), (0.70305,0.25659,0.66324), (-0.70966,0.31333,0.63104), 0.15473, 0.1734, 0.18964, (gDx*64,gDy*24,gDz*0)),rgb(1,0.75,0));
		draw(
			ellipsoid( (-0.94004,-0.32019,-0.1175), (0.30368,-0.94258,0.13897), (-0.15525,0.094955,0.9833), 0.11121, 0.12048, 0.16856, (gDx*65,gDy*24,gDz*0)),rgb(0.59375,1,0));
		draw(
			ellipsoid( (0.85482,0.50195,-0.13163), (0.49319,-0.86475,-0.094729), (0.16137,-0.01606,0.98676), 0.091912, 0.15868, 0.20756, (gDx*66,gDy*24,gDz*0)),rgb(0,1,0.15625));
		draw(
			ellipsoid( (-0.50207,-0.81108,0.30013), (0.41658,0.077313,0.90581), (0.75788,-0.57981,-0.29906), 0.081185, 0.1257, 0.13569, (gDx*67,gDy*24,gDz*0)),rgb(0.3125,1,0));
		draw(
			ellipsoid( (-0.16468,-0.98515,-0.048527), (-0.045243,-0.041602,0.99811), (0.98531,-0.16656,0.03772), 0.16759, 0.19847, 0.20646, (gDx*68,gDy*24,gDz*0)),rgb(1,0.84375,0));
		draw(
			ellipsoid( (-0.074267,0.80486,0.5888), (0.84417,0.36507,-0.39256), (0.5309,-0.46789,0.70655), 0.18836, 0.20344, 0.22227, (gDx*69,gDy*24,gDz*0)),rgb(1,0.65625,0));
		draw(
			ellipsoid( (0.48862,-0.6938,-0.52904), (0.82691,0.17481,0.53448), (-0.27834,-0.69863,0.65912), 0.13288, 0.14552, 0.18168, (gDx*70,gDy*24,gDz*0)),rgb(0.875,1,0));
		draw(
			ellipsoid( (0.91173,0.29007,0.29086), (-0.41078,0.64273,0.64665), (0.00063476,-0.70906,0.70515), 0.11331, 0.11765, 0.15494, (gDx*71,gDy*24,gDz*0)),rgb(0.875,1,0));
		draw(
			ellipsoid( (-0.11814,0.34302,0.93187), (0.81271,0.57262,-0.10775), (-0.57057,0.74461,-0.34642), 0.1835, 0.18919, 0.21033, (gDx*72,gDy*24,gDz*0)),rgb(1,0.5625,0));
		draw(
			ellipsoid( (0.077146,-0.51366,0.85452), (-0.94568,0.23379,0.22591), (-0.31582,-0.82553,-0.46772), 0.37069, 0.39011, 0.3999, (gDx*73,gDy*24,gDz*0)),rgb(1,0.28125,0));
		draw(
			ellipsoid( (0.22373,-0.47454,0.85133), (-0.96778,-0.0046438,0.25175), (-0.11551,-0.88022,-0.46029), 0.4243, 0.5127, 0.56155, (gDx*74,gDy*24,gDz*0)),rgb(0.96875,1,0));
		draw(
			ellipsoid( (-0.058953,-0.98207,0.17907), (0.84143,-0.14541,-0.52043), (0.53714,0.12,0.83492), 0.45735, 0.46563, 0.61216, (gDx*36,gDy*25,gDz*0)),rgb(0.875,1,0));
		draw(
			ellipsoid( (0.75381,0.31531,-0.57649), (0.33251,-0.93977,-0.079226), (0.56675,0.13197,0.81325), 0.46991, 0.48711, 0.56711, (gDx*37,gDy*25,gDz*0)),rgb(1,0.75,0));
		draw(
			ellipsoid( (0.52017,0.67484,-0.52347), (0.79243,-0.60996,0.0010894), (0.31856,0.41538,0.85204), 0.39617, 0.40469, 0.45191, (gDx*38,gDy*25,gDz*0)),rgb(1,0.5625,0));
		draw(
			ellipsoid( (0.40394,-0.52822,0.74687), (-0.37491,0.64913,0.66187), (-0.83443,-0.54736,0.064178), 0.21426, 0.21975, 0.23276, (gDx*39,gDy*25,gDz*0)),rgb(1,0.375,0));
		draw(
			ellipsoid( (-0.029624,0.41431,0.90965), (-0.55535,0.74984,-0.35961), (-0.83109,-0.51583,0.20788), 0.10716, 0.11805, 0.15845, (gDx*40,gDy*25,gDz*0)),rgb(0.6875,1,0));
		draw(
			ellipsoid( (0.664,-0.39811,0.63293), (0.21181,-0.71166,-0.66984), (0.7171,0.57883,-0.38822), 0.13869, 0.15161, 0.17361, (gDx*41,gDy*25,gDz*0)),rgb(1,0.84375,0));
		draw(
			ellipsoid( (-0.83459,-0.44286,-0.32761), (-0.030774,-0.55631,0.83041), (0.55001,-0.70313,-0.45066), 0.10435, 0.14588, 0.16205, (gDx*42,gDy*25,gDz*0)),rgb(0.59375,1,0));
		draw(
			ellipsoid( (0.44196,0.87624,-0.19203), (-0.037801,0.23207,0.97196), (-0.89624,0.42231,-0.13569), 0.11797, 0.12798, 0.14795, (gDx*43,gDy*25,gDz*0)),rgb(1,0.84375,0));
		draw(
			ellipsoid( (-0.52844,0.52707,0.66554), (0.34993,0.84948,-0.39489), (0.7735,-0.024216,0.63333), 0.17022, 0.17658, 0.19149, (gDx*44,gDy*25,gDz*0)),rgb(1,0.46875,0));
		draw(
			ellipsoid( (0.62039,-0.3099,-0.72047), (0.24529,-0.79587,0.55355), (0.74495,0.52014,0.41773), 0.11617, 0.11874, 0.14615, (gDx*45,gDy*25,gDz*0)),rgb(1,0.9375,0));
		draw(
			ellipsoid( (0.25255,-0.45313,0.85492), (-0.95648,0.016576,0.29134), (-0.14618,-0.89129,-0.42922), 0.099959, 0.11699, 0.13992, (gDx*46,gDy*25,gDz*0)),rgb(0.875,1,0));
		draw(
			ellipsoid( (0.51068,0.076198,0.85639), (-0.45769,-0.81911,0.34581), (0.72783,-0.56855,-0.38343), 0.12724, 0.16598, 0.20038, (gDx*47,gDy*25,gDz*0)),rgb(0.59375,1,0));
		draw(
			ellipsoid( (-0.09411,0.62214,0.77723), (-0.20844,0.75108,-0.62644), (-0.9735,-0.22096,0.058995), 0.10815, 0.13951, 0.1737, (gDx*48,gDy*25,gDz*0)),rgb(0.5,1,0));
		draw(
			ellipsoid( (-0.48731,0.24529,0.83807), (-0.22831,-0.96214,0.14884), (0.84285,-0.11881,0.52487), 0.11192, 0.14016, 0.16457, (gDx*49,gDy*25,gDz*0)),rgb(0.6875,1,0));
		draw(
			ellipsoid( (-0.4709,-0.21758,0.85493), (-0.40258,-0.80932,-0.42771), (0.78497,-0.54559,0.29352), 0.098605, 0.1224, 0.16431, (gDx*50,gDy*25,gDz*0)),rgb(0.40625,1,0));
		draw(
			ellipsoid( (-0.38299,-0.25141,0.88888), (0.28587,0.88276,0.37285), (-0.87841,0.3969,-0.26622), 0.15278, 0.172, 0.20488, (gDx*51,gDy*25,gDz*0)),rgb(0.96875,1,0));
		draw(
			ellipsoid( (-0.308,-0.097058,0.94642), (0.51783,-0.85162,0.081185), (0.79811,0.51509,0.31256), 0.30202, 0.3111, 0.36081, (gDx*52,gDy*25,gDz*0)),rgb(1,0.65625,0));
		draw(
			ellipsoid( (-0.94503,-0.18129,0.27214), (0.32668,-0.55974,0.76156), (0.014265,0.8086,0.58819), 0.43466, 0.45928, 0.48182, (gDx*55,gDy*25,gDz*0)),rgb(1,0.375,0));
		draw(
			ellipsoid( (-0.14062,-0.44735,0.88324), (-0.16304,0.89038,0.42501), (-0.97655,-0.084237,-0.19814), 0.17076, 0.18191, 0.20751, (gDx*56,gDy*25,gDz*0)),rgb(1,0.75,0));
		draw(
			ellipsoid( (0.17624,-0.87756,0.4459), (0.54377,0.4644,0.69903), (-0.82052,0.11928,0.55904), 0.10911, 0.11407, 0.15886, (gDx*57,gDy*25,gDz*0)),rgb(0.6875,1,0));
		draw(
			ellipsoid( (0.75883,-0.16288,0.63059), (0.059594,-0.9468,-0.31627), (-0.64856,-0.27758,0.70875), 0.1652, 0.19774, 0.26662, (gDx*58,gDy*25,gDz*0)),rgb(0.5,1,0));
		draw(
			ellipsoid( (0.34219,-0.47717,0.80945), (0.32094,-0.7503,-0.57797), (0.88312,0.45756,-0.1036), 0.11954, 0.122, 0.15653, (gDx*59,gDy*25,gDz*0)),rgb(0.96875,1,0));
		draw(
			ellipsoid( (-0.20247,0.3128,0.92799), (-0.80085,0.49249,-0.34074), (-0.56361,-0.81216,0.15079), 0.13202, 0.15474, 0.16138, (gDx*60,gDy*25,gDz*0)),rgb(1,0.75,0));
		draw(
			ellipsoid( (0.34982,-0.63653,-0.68736), (0.89372,0.0067712,0.44857), (-0.28088,-0.77122,0.57125), 0.098495, 0.14463, 0.19027, (gDx*61,gDy*25,gDz*0)),rgb(0.125,1,0));
		draw(
			ellipsoid( (-0.24833,0.71791,0.65034), (0.89768,-0.081732,0.433), (-0.36401,-0.69133,0.62415), 0.10972, 0.1524, 0.23615, (gDx*62,gDy*25,gDz*0)),rgb(0,1,0.0625));
		draw(
			ellipsoid( (0.21705,-0.81074,-0.54369), (-0.85581,0.10987,-0.5055), (-0.46956,-0.57501,0.66999), 0.092246, 0.12838, 0.18947, (gDx*63,gDy*25,gDz*0)),rgb(0.03125,1,0));
		draw(
			ellipsoid( (-0.17155,-0.83521,-0.52249), (0.92855,-0.31429,0.19751), (0.32918,0.45128,-0.82945), 0.098023, 0.15518, 0.18062, (gDx*64,gDy*25,gDz*0)),rgb(0.125,1,0));
		draw(
			ellipsoid( (0.60437,0.62127,0.49875), (-0.73497,0.19316,0.65), (0.30748,-0.75941,0.57336), 0.091033, 0.14383, 0.20466, (gDx*65,gDy*25,gDz*0)),rgb(0,1,0.15625));
		draw(
			ellipsoid( (-0.89871,-0.21264,0.38355), (0.28515,0.38114,0.87944), (0.33319,-0.89973,0.28189), 0.11483, 0.16852, 0.26697, (gDx*66,gDy*25,gDz*0)),rgb(0,1,0.25));
		draw(
			ellipsoid( (-0.24823,-0.14361,0.958), (0.77789,0.55982,0.28548), (-0.5773,0.81608,-0.027248), 0.11418, 0.13588, 0.15156, (gDx*67,gDy*25,gDz*0)),rgb(0.96875,1,0));
		draw(
			ellipsoid( (0.18582,-0.97796,-0.095213), (0.59379,0.034561,0.80387), (-0.78287,-0.20591,0.58713), 0.20724, 0.22402, 0.22893, (gDx*68,gDy*25,gDz*0)),rgb(1,0.375,0));
		draw(
			ellipsoid( (-0.0082198,0.98878,0.14916), (0.99888,0.001161,0.04735), (-0.046645,-0.14938,0.98768), 0.18613, 0.21449, 0.22414, (gDx*69,gDy*25,gDz*0)),rgb(1,0.75,0));
		draw(
			ellipsoid( (0.37081,-0.8414,-0.39311), (0.7302,0.0025976,0.68322), (-0.57385,-0.5404,0.61536), 0.1253, 0.15339, 0.17982, (gDx*70,gDy*25,gDz*0)),rgb(0.78125,1,0));
		draw(
			ellipsoid( (0.90432,-0.40711,-0.12834), (0.40409,0.71961,0.56469), (-0.13754,-0.56252,0.81527), 0.12215, 0.1553, 0.20557, (gDx*71,gDy*25,gDz*0)),rgb(0.40625,1,0));
		draw(
			ellipsoid( (0.68052,0.69669,0.22696), (-0.7059,0.54033,0.45798), (0.19644,-0.47187,0.8595), 0.14897, 0.1598, 0.17329, (gDx*72,gDy*25,gDz*0)),rgb(1,0.5625,0));
		draw(
			ellipsoid( (0.0013662,-0.41253,0.91094), (-0.98085,-0.17796,-0.079121), (0.19475,-0.89339,-0.40487), 0.26591, 0.28218, 0.28768, (gDx*73,gDy*25,gDz*0)),rgb(1,0.28125,0));
		draw(
			ellipsoid( (0.068922,-0.066963,0.99537), (-0.99091,0.11095,0.076077), (-0.11553,-0.99157,-0.058708), 0.26323, 0.28721, 0.31418, (gDx*74,gDy*25,gDz*0)),rgb(1,0.65625,0));
		draw(
			ellipsoid( (0.085007,-0.091801,0.99214), (-0.98401,0.1487,0.098069), (-0.15654,-0.98461,-0.077692), 0.18128, 0.23665, 0.27032, (gDx*75,gDy*25,gDz*0)),rgb(0.6875,1,0));
		draw(
			ellipsoid( (-0.36852,-0.89642,0.2462), (0.70676,-0.44221,-0.55221), (0.60389,-0.029493,0.79652), 0.37557, 0.3887, 0.45265, (gDx*35,gDy*26,gDz*0)),rgb(1,0.75,0));
		draw(
			ellipsoid( (-0.68041,0.15704,0.71581), (0.097623,0.98749,-0.12385), (0.7263,0.01439,0.68722), 0.32061, 0.3388, 0.37249, (gDx*36,gDy*26,gDz*0)),rgb(1,0.5625,0));
		draw(
			ellipsoid( (0.74771,0.0021814,-0.66402), (0.058565,-0.99631,0.062674), (0.66143,0.08575,0.74509), 0.30317, 0.31707, 0.33462, (gDx*37,gDy*26,gDz*0)),rgb(1,0.375,0));
		draw(
			ellipsoid( (0.87617,-0.48131,0.025609), (0.39811,0.69271,-0.60139), (0.27172,0.53712,0.79854), 0.21117, 0.23114, 0.23353, (gDx*38,gDy*26,gDz*0)),rgb(1,0.46875,0));
		draw(
			ellipsoid( (0.72011,-0.19051,0.66719), (0.096993,-0.92449,-0.36866), (0.68704,0.33019,-0.64726), 0.10174, 0.11853, 0.13538, (gDx*39,gDy*26,gDz*0)),rgb(0.96875,1,0));
		draw(
			ellipsoid( (-0.069383,0.78152,0.62001), (0.49348,-0.51325,0.70217), (-0.86698,-0.35468,0.35005), 0.12288, 0.15194, 0.15978, (gDx*40,gDy*26,gDz*0)),rgb(1,0.9375,0));
		draw(
			ellipsoid( (0.72847,-0.46902,-0.49935), (-0.66316,-0.66567,-0.34221), (0.1719,-0.58044,0.79595), 0.13321, 0.16497, 0.21624, (gDx*41,gDy*26,gDz*0)),rgb(0.5,1,0));
		draw(
			ellipsoid( (0.97802,0.053911,-0.2014), (0.051615,0.87331,0.48442), (0.202,-0.48417,0.85134), 0.097308, 0.14184, 0.18027, (gDx*42,gDy*26,gDz*0)),rgb(0.21875,1,0));
		draw(
			ellipsoid( (-0.083193,0.95791,-0.27475), (-0.8929,0.050776,0.44739), (0.44251,0.28255,0.85109), 0.17768, 0.19231, 0.20813, (gDx*43,gDy*26,gDz*0)),rgb(1,0.5625,0));
		draw(
			ellipsoid( (0.50003,-0.86503,-0.041069), (0.64582,0.40407,-0.6478), (0.57696,0.2974,0.7607), 0.21879, 0.23995, 0.24377, (gDx*44,gDy*26,gDz*0)),rgb(1,0.46875,0));
		draw(
			ellipsoid( (-0.45912,0.27133,0.84593), (-0.2668,-0.95037,0.16003), (0.84737,-0.15222,0.50872), 0.11093, 0.13797, 0.1558, (gDx*45,gDy*26,gDz*0)),rgb(0.875,1,0));
		draw(
			ellipsoid( (0.059242,0.21656,0.97447), (0.95839,0.26072,-0.11621), (-0.27923,0.94081,-0.19211), 0.12221, 0.13444, 0.24031, (gDx*46,gDy*26,gDz*0)),rgb(0.03125,1,0));
		draw(
			ellipsoid( (0.41539,0.1084,0.90316), (-0.79778,-0.43362,0.41896), (0.43704,-0.89455,-0.093645), 0.098705, 0.14318, 0.21655, (gDx*47,gDy*26,gDz*0)),rgb(0,1,0.15625));
		draw(
			ellipsoid( (-0.15367,0.08625,0.98435), (0.037488,0.99597,-0.081416), (-0.98741,0.02439,-0.15628), 0.13432, 0.15811, 0.19687, (gDx*48,gDy*26,gDz*0)),rgb(0.78125,1,0));
		draw(
			ellipsoid( (-0.48513,0.1744,0.85688), (0.0019386,0.98012,-0.19838), (-0.87444,-0.094581,-0.47582), 0.1173, 0.14854, 0.21413, (gDx*49,gDy*26,gDz*0)),rgb(0.21875,1,0));
		draw(
			ellipsoid( (0.44278,0.5976,-0.66844), (0.18126,-0.78977,-0.58601), (-0.87812,0.13831,-0.45802), 0.14953, 0.17341, 0.22132, (gDx*50,gDy*26,gDz*0)),rgb(0.6875,1,0));
		draw(
			ellipsoid( (0.36704,0.85005,0.37775), (-0.13435,-0.35339,0.92578), (-0.92045,0.39055,0.015496), 0.052107, 0.060993, 0.10992, (gDx*51,gDy*26,gDz*0)),rgb(0,1,0.15625));
		draw(
			ellipsoid( (0.11654,0.52493,0.84313), (0.23178,0.8111,-0.53703), (-0.96576,0.25801,-0.027144), 0.25417, 0.26545, 0.27982, (gDx*52,gDy*26,gDz*0)),rgb(1,0.375,0));
		draw(
			ellipsoid( (-0.90856,0.39107,-0.14691), (0.41766,0.84281,-0.33946), (0.008933,0.36978,0.92908), 0.39382, 0.47414, 0.52626, (gDx*53,gDy*26,gDz*0)),rgb(0.96875,1,0));
		draw(
			ellipsoid( (0.31619,0.82431,-0.46962), (0.94604,-0.23698,0.22101), (-0.07089,0.51416,0.85476), 0.33609, 0.3735, 0.44082, (gDx*54,gDy*26,gDz*0)),rgb(1,0.9375,0));
		draw(
			ellipsoid( (0.90495,0.42549,0.0053888), (-0.41605,0.88737,-0.19868), (-0.08932,0.17756,0.98005), 0.46281, 0.47418, 0.54172, (gDx*55,gDy*26,gDz*0)),rgb(1,0.65625,0));
		draw(
			ellipsoid( (0.24634,0.96835,0.040263), (0.00065941,-0.04171,0.99913), (-0.96918,0.2461,0.010913), 0.26682, 0.30025, 0.30424, (gDx*56,gDy*26,gDz*0)),rgb(1,0.5625,0));
		draw(
			ellipsoid( (0.31953,0.82958,-0.45793), (0.3038,0.36807,0.87877), (-0.89755,0.41992,0.13442), 0.11406, 0.12002, 0.15127, (gDx*57,gDy*26,gDz*0)),rgb(0.96875,1,0));
		draw(
			ellipsoid( (0.63815,-0.55883,0.52959), (-0.065182,0.64618,0.7604), (-0.76715,-0.51977,0.37593), 0.12868, 0.15206, 0.20184, (gDx*58,gDy*26,gDz*0)),rgb(0.59375,1,0));
		draw(
			ellipsoid( (-0.5744,0.73326,-0.36387), (0.017497,0.45541,0.89011), (-0.81839,-0.50491,0.27442), 0.074871, 0.12391, 0.16479, (gDx*59,gDy*26,gDz*0)),rgb(0,1,0.15625));
		draw(
			ellipsoid( (-0.47516,0.64111,-0.60266), (0.7912,0.611,0.026174), (-0.385,0.46438,0.79757), 0.12745, 0.14301, 0.1625, (gDx*60,gDy*26,gDz*0)),rgb(1,0.84375,0));
		draw(
			ellipsoid( (-0.6148,-0.66766,0.41981), (-0.23218,0.66193,0.7127), (-0.75373,0.3407,-0.56198), 0.12408, 0.13211, 0.13837, (gDx*61,gDy*26,gDz*0)),rgb(1,0.46875,0));
		draw(
			ellipsoid( (0.53302,-0.59692,-0.59965), (-0.82362,-0.20378,-0.52926), (0.19373,0.77599,-0.60026), 0.13821, 0.15892, 0.16553, (gDx*62,gDy*26,gDz*0)),rgb(1,0.65625,0));
		draw(
			ellipsoid( (0.24967,-0.71291,-0.6553), (0.74688,-0.28894,0.5989), (-0.61631,-0.63896,0.46032), 0.093725, 0.13492, 0.1772, (gDx*63,gDy*26,gDz*0)),rgb(0.125,1,0));
		draw(
			ellipsoid( (0.01421,0.76471,0.64422), (-0.99807,-0.028098,0.055369), (0.060443,-0.64376,0.76284), 0.083494, 0.15761, 0.20955, (gDx*64,gDy*26,gDz*0)),rgb(0,1,0.34375));
		draw(
			ellipsoid( (0.0098075,0.69142,0.72238), (0.97744,0.14578,-0.15281), (0.21097,-0.70759,0.6744), 0.074581, 0.11132, 0.21039, (gDx*65,gDy*26,gDz*0)),rgb(0,1,0.53125));
		draw(
			ellipsoid( (0.6439,-0.29638,-0.70537), (-0.75032,-0.42499,-0.50636), (0.1497,-0.8553,0.49603), 0.10579, 0.14375, 0.2593, (gDx*66,gDy*26,gDz*0)),rgb(0,1,0.34375));
		draw(
			ellipsoid( (0.045406,0.49684,0.86665), (0.81479,0.48352,-0.31989), (-0.57798,0.72066,-0.38287), 0.101, 0.1131, 0.15212, (gDx*67,gDy*26,gDz*0)),rgb(0.59375,1,0));
		draw(
			ellipsoid( (0.18915,0.96883,-0.15994), (-0.46352,-0.055494,-0.88435), (-0.86566,0.24141,0.43857), 0.20377, 0.21602, 0.23096, (gDx*68,gDy*26,gDz*0)),rgb(1,0.46875,0));
		draw(
			ellipsoid( (0.20535,0.97768,0.044377), (-0.867,0.20277,-0.45518), (-0.45402,0.054997,0.88929), 0.23073, 0.24626, 0.26753, (gDx*69,gDy*26,gDz*0)),rgb(1,0.5625,0));
		draw(
			ellipsoid( (0.70894,0.059993,0.70271), (0.17306,-0.98071,-0.090863), (-0.68371,-0.18603,0.70565), 0.14688, 0.15106, 0.17508, (gDx*70,gDy*26,gDz*0)),rgb(1,0.65625,0));
		draw(
			ellipsoid( (0.90871,-0.40667,-0.094197), (0.35229,0.62606,0.69565), (-0.22393,-0.66533,0.71217), 0.098178, 0.14829, 0.2043, (gDx*71,gDy*26,gDz*0)),rgb(0,1,0.0625));
		draw(
			ellipsoid( (0.67351,-0.6738,-0.30394), (0.73915,0.61015,0.28525), (-0.0067544,-0.41678,0.90898), 0.12867, 0.15693, 0.22799, (gDx*72,gDy*26,gDz*0)),rgb(0.3125,1,0));
		draw(
			ellipsoid( (-0.47488,0.82598,0.30371), (0.86246,0.50545,-0.0261), (0.17507,-0.24955,0.95241), 0.10752, 0.11802, 0.16938, (gDx*73,gDy*26,gDz*0)),rgb(0.5,1,0));
		draw(
			ellipsoid( (0.93345,0.28098,-0.22299), (-0.15017,0.87063,0.46845), (0.32577,-0.40379,0.85489), 0.1075, 0.11421, 0.17149, (gDx*74,gDy*26,gDz*0)),rgb(0.40625,1,0));
		draw(
			ellipsoid( (0.85852,0.31926,-0.40128), (0.20623,0.5015,0.84022), (0.46949,-0.8041,0.3647), 0.14422, 0.14554, 0.17943, (gDx*75,gDy*26,gDz*0)),rgb(1,0.84375,0));
		draw(
			ellipsoid( (0.1108,-0.15897,0.98105), (-0.95166,-0.30152,0.058625), (0.28648,-0.94011,-0.1847), 0.15399, 0.1804, 0.21404, (gDx*76,gDy*26,gDz*0)),rgb(0.875,1,0));
		draw(
			ellipsoid( (0.78967,0.52912,-0.31058), (-0.34429,0.80115,0.48951), (0.50783,-0.27962,0.81482), 0.36098, 0.39193, 0.43138, (gDx*33,gDy*27,gDz*0)),rgb(1,0.65625,0));
		draw(
			ellipsoid( (0.48162,0.87258,-0.081502), (-0.77012,0.46577,0.43585), (0.41828,-0.14715,0.89632), 0.34936, 0.36323, 0.37965, (gDx*34,gDy*27,gDz*0)),rgb(1,0.375,0));
		draw(
			ellipsoid( (-0.52313,0.13676,0.84121), (-0.14871,0.95725,-0.24811), (-0.83918,-0.25489,-0.48042), 0.20275, 0.21841, 0.22764, (gDx*35,gDy*27,gDz*0)),rgb(1,0.46875,0));
		draw(
			ellipsoid( (-0.47444,-0.1772,0.86227), (0.78105,-0.53655,0.31948), (0.40604,0.82505,0.39296), 0.10223, 0.12085, 0.14282, (gDx*36,gDy*27,gDz*0)),rgb(0.875,1,0));
		draw(
			ellipsoid( (-0.41491,-0.46468,0.78226), (-0.82416,0.5562,-0.10674), (-0.3855,-0.68899,-0.61374), 0.13074, 0.14112, 0.15448, (gDx*37,gDy*27,gDz*0)),rgb(1,0.65625,0));
		draw(
			ellipsoid( (-0.30679,0.94873,0.076151), (0.32603,0.029584,0.9449), (0.8942,0.31471,-0.31839), 0.18119, 0.19007, 0.19061, (gDx*38,gDy*27,gDz*0)),rgb(1,0.1875,0));
		draw(
			ellipsoid( (-0.92399,0.26725,-0.27354), (0.21506,0.95459,0.20619), (-0.31622,-0.13169,0.9395), 0.21678, 0.21938, 0.24068, (gDx*39,gDy*27,gDz*0)),rgb(1,0.46875,0));
		draw(
			ellipsoid( (0.67855,0.70571,0.20382), (-0.6143,0.69731,-0.36931), (-0.40276,0.12539,0.90668), 0.16742, 0.17513, 0.19156, (gDx*40,gDy*27,gDz*0)),rgb(1,0.5625,0));
		draw(
			ellipsoid( (-0.7314,0.45334,0.50945), (0.68052,0.53355,0.50222), (0.04414,-0.71401,0.69874), 0.12213, 0.14164, 0.1602, (gDx*41,gDy*27,gDz*0)),rgb(1,0.9375,0));
		draw(
			ellipsoid( (-0.86869,0.30067,0.39368), (0.40741,-0.018439,0.91306), (-0.28179,-0.95355,0.10648), 0.088893, 0.15786, 0.16997, (gDx*42,gDy*27,gDz*0)),rgb(0.03125,1,0));
		draw(
			ellipsoid( (-0.40472,0.71823,-0.56599), (0.83978,0.04698,-0.54089), (0.36189,0.69422,0.62217), 0.17169, 0.17622, 0.20244, (gDx*43,gDy*27,gDz*0)),rgb(1,0.65625,0));
		draw(
			ellipsoid( (-0.60282,0.69245,-0.39639), (-0.36119,0.20615,0.90942), (-0.71144,-0.69139,-0.12584), 0.17414, 0.18135, 0.19663, (gDx*44,gDy*27,gDz*0)),rgb(1,0.46875,0));
		draw(
			ellipsoid( (-0.52384,0.074101,0.84858), (-0.78843,-0.41927,-0.4501), (0.32243,-0.90483,0.27806), 0.090112, 0.10336, 0.17307, (gDx*45,gDy*27,gDz*0)),rgb(0.03125,1,0));
		draw(
			ellipsoid( (0.51903,0.33296,0.78724), (0.80239,0.12762,-0.58299), (-0.29458,0.93427,-0.20092), 0.089918, 0.11309, 0.2722, (gDx*46,gDy*27,gDz*0)),rgb(0,1,0.71875));
		draw(
			ellipsoid( (0.56351,0.096615,0.82044), (-0.73572,-0.39302,0.5516), (0.37574,-0.91444,-0.15039), 0.093483, 0.13801, 0.1963, (gDx*47,gDy*27,gDz*0)),rgb(0,1,0.0625));
		draw(
			ellipsoid( (-0.23778,-0.3588,0.90262), (0.55131,0.71523,0.42954), (-0.7997,0.59976,0.027742), 0.10922, 0.12563, 0.1757, (gDx*48,gDy*27,gDz*0)),rgb(0.5,1,0));
		draw(
			ellipsoid( (-0.52482,-0.30155,0.79601), (0.42092,0.72088,0.5506), (-0.73986,0.62402,-0.2514), 0.067854, 0.13086, 0.17689, (gDx*49,gDy*27,gDz*0)),rgb(0,1,0.4375));
		draw(
			ellipsoid( (-0.4546,-0.52404,0.72022), (0.81379,0.084308,0.57501), (-0.36205,0.84751,0.38814), 0.14614, 0.19556, 0.21704, (gDx*50,gDy*27,gDz*0)),rgb(0.6875,1,0));
		draw(
			ellipsoid( (0.40285,-0.54633,0.73433), (0.20585,0.83584,0.50892), (-0.89182,-0.053855,0.44917), 0.10933, 0.12097, 0.14164, (gDx*51,gDy*27,gDz*0)),rgb(1,0.9375,0));
		draw(
			ellipsoid( (0.060233,0.98637,-0.15315), (-0.46136,-0.10855,-0.88055), (-0.88517,0.1237,0.44853), 0.30085, 0.30772, 0.31592, (gDx*52,gDy*27,gDz*0)),rgb(1,0.1875,0));
		draw(
			ellipsoid( (0.99807,0.061951,-0.0052082), (-0.05138,0.77479,-0.63012), (-0.035001,0.62917,0.77648), 0.46542, 0.52479, 0.58683, (gDx*53,gDy*27,gDz*0)),rgb(1,0.84375,0));
		draw(
			ellipsoid( (0.76896,0.55835,0.31136), (-0.019084,0.50686,-0.86181), (-0.63901,0.65676,0.40042), 0.25132, 0.3214, 0.46411, (gDx*54,gDy*27,gDz*0)),rgb(0.21875,1,0));
		draw(
			ellipsoid( (-0.58397,-0.78079,0.22212), (0.80136,-0.5108,0.31129), (0.12959,-0.35979,-0.92399), 0.47428, 0.51923, 0.53961, (gDx*55,gDy*27,gDz*0)),rgb(1,0.46875,0));
		draw(
			ellipsoid( (-0.00057545,0.96658,-0.25635), (0.9397,-0.087151,-0.33072), (0.34201,0.24108,0.90825), 0.33752, 0.36617, 0.37528, (gDx*56,gDy*27,gDz*0)),rgb(1,0.46875,0));
		draw(
			ellipsoid( (0.12701,0.8164,-0.56335), (0.4919,-0.54504,-0.67895), (-0.86134,-0.19088,-0.47081), 0.19136, 0.19945, 0.20816, (gDx*57,gDy*27,gDz*0)),rgb(1,0.375,0));
		draw(
			ellipsoid( (-0.5896,-0.29993,0.74994), (0.32577,0.76132,0.5606), (-0.73908,0.57484,-0.35117), 0.21687, 0.23128, 0.23558, (gDx*58,gDy*27,gDz*0)),rgb(1,0.375,0));
		draw(
			ellipsoid( (0.66479,-0.71474,0.21727), (-0.092091,0.21021,0.97331), (0.74133,0.66706,-0.073927), 0.12869, 0.13708, 0.19938, (gDx*59,gDy*27,gDz*0)),rgb(0.5,1,0));
		draw(
			ellipsoid( (0.68677,-0.71653,0.12215), (0.09125,0.25171,0.96349), (-0.72112,-0.65055,0.23825), 0.087035, 0.13573, 0.19844, (gDx*60,gDy*27,gDz*0)),rgb(0,1,0.15625));
		draw(
			ellipsoid( (-0.65231,0.66756,-0.35897), (0.60411,0.74393,0.28569), (-0.45777,0.030498,0.88855), 0.13416, 0.15427, 0.18114, (gDx*61,gDy*27,gDz*0)),rgb(0.96875,1,0));
		draw(
			ellipsoid( (-0.20107,0.69655,-0.68876), (0.83528,0.48922,0.25092), (-0.51173,0.52486,0.68019), 0.14986, 0.15676, 0.17279, (gDx*62,gDy*27,gDz*0)),rgb(1,0.5625,0));
		draw(
			ellipsoid( (-0.050806,0.76394,-0.64328), (0.86722,0.35321,0.35097), (-0.49533,0.54003,0.68045), 0.13691, 0.13955, 0.16158, (gDx*63,gDy*27,gDz*0)),rgb(1,0.65625,0));
		draw(
			ellipsoid( (0.40218,0.65986,0.63469), (0.87839,-0.47361,-0.064213), (-0.25822,-0.58333,0.7701), 0.14524, 0.15418, 0.16246, (gDx*64,gDy*27,gDz*0)),rgb(1,0.46875,0));
		draw(
			ellipsoid( (-0.49491,0.44059,0.74896), (-0.85065,-0.42157,-0.31412), (0.17734,-0.79257,0.58343), 0.099321, 0.13629, 0.16537, (gDx*65,gDy*27,gDz*0)),rgb(0.40625,1,0));
		draw(
			ellipsoid( (0.78878,-0.16938,-0.59087), (-0.57311,-0.55012,-0.60738), (0.22218,-0.81773,0.531), 0.12251, 0.17484, 0.25469, (gDx*66,gDy*27,gDz*0)),rgb(0.03125,1,0));
		draw(
			ellipsoid( (-0.42929,0.39726,0.81111), (0.72369,0.6886,0.045768), (0.54035,-0.60664,0.5831), 0.096267, 0.10585, 0.15572, (gDx*67,gDy*27,gDz*0)),rgb(0.40625,1,0));
		draw(
			ellipsoid( (-0.17429,-0.73766,0.65229), (0.31132,0.58717,0.7472), (-0.93419,0.3333,0.12731), 0.19228, 0.19679, 0.22321, (gDx*68,gDy*27,gDz*0)),rgb(1,0.5625,0));
		draw(
			ellipsoid( (0.0055612,0.86654,-0.49907), (0.94876,0.15311,0.27642), (-0.31594,0.47504,0.82129), 0.26103, 0.27029, 0.28228, (gDx*69,gDy*27,gDz*0)),rgb(1,0.28125,0));
		draw(
			ellipsoid( (-0.6565,-0.36519,-0.66003), (-0.017314,0.88206,-0.47082), (-0.75413,0.29766,0.58539), 0.14775, 0.16562, 0.19621, (gDx*70,gDy*27,gDz*0)),rgb(0.96875,1,0));
		draw(
			ellipsoid( (0.91004,0.30645,0.27915), (0.39427,-0.84783,-0.3546), (-0.12801,-0.43276,0.89238), 0.1188, 0.14716, 0.152, (gDx*71,gDy*27,gDz*0)),rgb(1,0.9375,0));
		draw(
			ellipsoid( (-0.45968,0.84322,0.27868), (0.83731,0.51609,-0.18043), (0.29597,-0.15041,0.94328), 0.11233, 0.14436, 0.22316, (gDx*72,gDy*27,gDz*0)),rgb(0.03125,1,0));
		draw(
			ellipsoid( (-0.16221,0.97245,0.16741), (-0.93171,-0.20681,0.29858), (0.32497,-0.10754,0.93959), 0.066787, 0.10473, 0.18751, (gDx*73,gDy*27,gDz*0)),rgb(0,1,0.53125));
		draw(
			ellipsoid( (-0.22771,0.9341,0.27498), (-0.8562,-0.32657,0.40033), (0.46375,-0.14428,0.87414), 0.11856, 0.13645, 0.23184, (gDx*74,gDy*27,gDz*0)),rgb(0.03125,1,0));
		draw(
			ellipsoid( (-0.23128,0.88777,0.39796), (-0.76384,-0.41903,0.49087), (0.60254,-0.19045,0.77503), 0.12764, 0.16451, 0.21285, (gDx*75,gDy*27,gDz*0)),rgb(0.40625,1,0));
		draw(
			ellipsoid( (0.28353,0.80427,0.52226), (0.94996,-0.16111,-0.26762), (0.1311,-0.572,0.80971), 0.11787, 0.13283, 0.15911, (gDx*76,gDy*27,gDz*0)),rgb(0.96875,1,0));
		draw(
			ellipsoid( (0.52719,0.73768,0.42178), (-0.81983,0.31099,0.4808), (0.2235,-0.59926,0.76872), 0.11543, 0.12698, 0.17156, (gDx*77,gDy*27,gDz*0)),rgb(0.6875,1,0));
		draw(
			ellipsoid( (0.72064,-0.014212,-0.69316), (0.45087,0.7691,0.45298), (0.52668,-0.63896,0.56066), 0.15851, 0.16957, 0.18253, (gDx*78,gDy*27,gDz*0)),rgb(1,0.5625,0));
		draw(
			ellipsoid( (0.18102,0.98208,0.052424), (-0.92344,0.15139,0.35261), (0.33836,-0.11224,0.9343), 0.26514, 0.29321, 0.31776, (gDx*32,gDy*28,gDz*0)),rgb(1,0.65625,0));
		draw(
			ellipsoid( (-0.0089966,-0.99863,-0.051464), (0.98489,-0.01775,0.17225), (-0.17293,-0.049137,0.98371), 0.28209, 0.29097, 0.30326, (gDx*33,gDy*28,gDz*0)),rgb(1,0.28125,0));
		draw(
			ellipsoid( (0.11914,0.057014,0.99124), (-0.69386,0.71888,0.042051), (-0.71018,-0.6928,0.12521), 0.21071, 0.21818, 0.22493, (gDx*34,gDy*28,gDz*0)),rgb(1,0.28125,0));
		draw(
			ellipsoid( (-0.046364,0.11827,0.9919), (-0.92366,0.37306,-0.087655), (-0.3804,-0.92024,0.091942), 0.083861, 0.10129, 0.12902, (gDx*35,gDy*28,gDz*0)),rgb(0.59375,1,0));
		draw(
			ellipsoid( (-0.41125,0.066025,0.90913), (0.88839,-0.19425,0.41598), (0.20406,0.97873,0.02123), 0.12793, 0.13345, 0.17266, (gDx*36,gDy*28,gDz*0)),rgb(0.875,1,0));
		draw(
			ellipsoid( (-0.48375,-0.23351,0.84348), (0.87169,-0.21487,0.44044), (0.078392,0.94832,0.30749), 0.17418, 0.18322, 0.19443, (gDx*37,gDy*28,gDz*0)),rgb(1,0.46875,0));
		draw(
			ellipsoid( (-0.22523,-0.76663,0.60129), (0.87293,-0.43289,-0.22494), (-0.43274,-0.47422,-0.76671), 0.19812, 0.20993, 0.21846, (gDx*38,gDy*28,gDz*0)),rgb(1,0.375,0));
		draw(
			ellipsoid( (0.27878,0.95301,0.11855), (-0.92287,0.2317,0.3076), (0.26568,-0.19516,0.9441), 0.26563, 0.26896, 0.28177, (gDx*39,gDy*28,gDz*0)),rgb(1,0.28125,0));
		draw(
			ellipsoid( (0.53753,0.83552,0.1139), (-0.62273,0.4844,-0.61446), (-0.56856,0.25936,0.78068), 0.27308, 0.2927, 0.30907, (gDx*40,gDy*28,gDz*0)),rgb(1,0.46875,0));
		draw(
			ellipsoid( (0.25271,0.96413,0.081196), (-0.73154,0.24532,-0.63613), (-0.63323,0.10136,0.7673), 0.16359, 0.171, 0.18622, (gDx*41,gDy*28,gDz*0)),rgb(1,0.46875,0));
		draw(
			ellipsoid( (0.84965,-0.41303,-0.32787), (0.17055,-0.3731,0.91198), (0.49901,0.83078,0.24656), 0.084743, 0.14889, 0.17138, (gDx*42,gDy*28,gDz*0)),rgb(0,1,0.0625));
		draw(
			ellipsoid( (-0.84185,0.4038,0.3581), (0.11477,-0.51438,0.84985), (0.52736,0.75654,0.38669), 0.12036, 0.1502, 0.18257, (gDx*43,gDy*28,gDz*0)),rgb(0.6875,1,0));
		draw(
			ellipsoid( (0.33388,0.72014,0.60821), (-0.51921,-0.39803,0.7563), (0.78673,-0.56831,0.24101), 0.10141, 0.10455, 0.16169, (gDx*44,gDy*28,gDz*0)),rgb(0.40625,1,0));
		draw(
			ellipsoid( (0.65813,0.13515,-0.74068), (-0.57196,-0.55001,-0.60857), (0.48963,-0.82415,0.28467), 0.090885, 0.093268, 0.25542, (gDx*45,gDy*28,gDz*0)),rgb(0,1,0.71875));
		draw(
			ellipsoid( (0.15181,0.26463,0.95233), (0.9484,0.23237,-0.21576), (-0.27839,0.93594,-0.21569), 0.079892, 0.10046, 0.24677, (gDx*46,gDy*28,gDz*0)),rgb(0,1,0.71875));
		draw(
			ellipsoid( (0.35237,0.022717,0.93559), (-0.92241,-0.16044,0.3513), (0.15809,-0.98678,-0.03558), 0.085162, 0.14178, 0.20436, (gDx*47,gDy*28,gDz*0)),rgb(0,1,0.25));
		draw(
			ellipsoid( (-0.1743,-0.28751,0.94178), (0.61619,0.71417,0.33207), (-0.76807,0.6382,0.052679), 0.10274, 0.13858, 0.18156, (gDx*48,gDy*28,gDz*0)),rgb(0.3125,1,0));
		draw(
			ellipsoid( (0.61779,0.42469,-0.6618), (0.50701,0.42818,0.74807), (-0.60107,0.79768,-0.049201), 0.077404, 0.13476, 0.20496, (gDx*49,gDy*28,gDz*0)),rgb(0,1,0.4375));
		draw(
			ellipsoid( (0.15224,-0.254,0.95515), (-0.87856,-0.47745,0.01306), (0.45272,-0.84114,-0.29584), 0.13589, 0.14656, 0.16893, (gDx*50,gDy*28,gDz*0)),rgb(1,0.84375,0));
		draw(
			ellipsoid( (0.49622,-0.75121,0.43525), (0.33566,0.62835,0.70179), (-0.80068,-0.20215,0.56395), 0.13622, 0.14575, 0.16851, (gDx*51,gDy*28,gDz*0)),rgb(1,0.75,0));
		draw(
			ellipsoid( (-0.074973,0.6965,-0.71363), (0.92191,0.32118,0.21661), (-0.38008,0.64167,0.66619), 0.29874, 0.31285, 0.33136, (gDx*52,gDy*28,gDz*0)),rgb(1,0.375,0));
		draw(
			ellipsoid( (0.99967,0.0023969,0.025744), (0.022565,0.40518,-0.91396), (-0.012622,0.91423,0.40499), 0.3893, 0.44643, 0.46112, (gDx*53,gDy*28,gDz*0)),rgb(1,0.65625,0));
		draw(
			ellipsoid( (-0.90971,-0.4033,-0.098865), (0.40708,-0.91316,-0.020773), (0.081902,0.059144,-0.99488), 0.44772, 0.59858, 0.62746, (gDx*54,gDy*28,gDz*0)),rgb(0.78125,1,0));
		draw(
			ellipsoid( (-0.42699,-0.45141,0.78352), (0.90381,-0.18589,0.38545), (-0.028351,0.87274,0.48736), 0.36794, 0.40009, 0.41452, (gDx*55,gDy*28,gDz*0)),rgb(1,0.46875,0));
		draw(
			ellipsoid( (-0.01144,-0.11914,0.99281), (-0.58236,0.80791,0.090239), (-0.81285,-0.57714,-0.078624), 0.15703, 0.1647, 0.20916, (gDx*56,gDy*28,gDz*0)),rgb(0.96875,1,0));
		draw(
			ellipsoid( (0.67914,-0.72128,-0.13611), (0.32301,0.12717,0.93781), (-0.65911,-0.68087,0.31935), 0.14017, 0.15733, 0.188, (gDx*57,gDy*28,gDz*0)),rgb(0.96875,1,0));
		draw(
			ellipsoid( (0.65687,0.40697,-0.63474), (-0.75261,0.40503,-0.51916), (0.045811,0.81873,0.57234), 0.22823, 0.24586, 0.2523, (gDx*58,gDy*28,gDz*0)),rgb(1,0.375,0));
		draw(
			ellipsoid( (-0.56233,-0.66275,0.49452), (0.15834,-0.67326,-0.72225), (-0.81162,0.32784,-0.48353), 0.23922, 0.25648, 0.26185, (gDx*59,gDy*28,gDz*0)),rgb(1,0.375,0));
		draw(
			ellipsoid( (-0.55304,0.61364,0.56356), (0.48616,-0.31164,0.81641), (-0.67661,-0.72549,0.12597), 0.10347, 0.12814, 0.20035, (gDx*60,gDy*28,gDz*0)),rgb(0.125,1,0));
		draw(
			ellipsoid( (0.74405,-0.63588,0.20505), (-0.0042946,0.30234,0.95319), (-0.66811,-0.71011,0.22223), 0.089399, 0.14764, 0.20941, (gDx*61,gDy*28,gDz*0)),rgb(0,1,0.25));
		draw(
			ellipsoid( (-0.69685,0.64266,-0.3184), (0.5511,0.76391,0.33574), (-0.459,-0.058491,0.88651), 0.12082, 0.14651, 0.18336, (gDx*62,gDy*28,gDz*0)),rgb(0.6875,1,0));
		draw(
			ellipsoid( (0.46819,0.88021,0.077571), (-0.82999,0.4682,-0.30318), (-0.30318,0.077563,0.94977), 0.13722, 0.14475, 0.16507, (gDx*63,gDy*28,gDz*0)),rgb(1,0.65625,0));
		draw(
			ellipsoid( (0.75505,0.64406,0.12283), (-0.51715,0.70016,-0.49227), (-0.40305,0.30817,0.86173), 0.14306, 0.15377, 0.17433, (gDx*64,gDy*28,gDz*0)),rgb(1,0.75,0));
		draw(
			ellipsoid( (0.74109,0.6676,0.071354), (-0.39409,0.34649,0.85125), (0.54358,-0.65898,0.51988), 0.12772, 0.13323, 0.14949, (gDx*65,gDy*28,gDz*0)),rgb(1,0.65625,0));
		draw(
			ellipsoid( (0.89168,0.078721,-0.44577), (0.28428,0.66897,0.68678), (0.35227,-0.73911,0.57412), 0.12488, 0.1676, 0.22438, (gDx*66,gDy*28,gDz*0)),rgb(0.3125,1,0));
		draw(
