	import three;
	import settings;

	surface ellipsoid(triple v1,triple v2,triple v3,real l1,real l2, real l3, triple pos=O) {
		transform3 T = identity(4);
		T[0][0] = l1*v1.x;
		T[1][0] = l1*v1.y;
		T[2][0] = l1*v1.z;
		T[0][1] = l2*v2.x;
		T[1][1] = l2*v2.y;
		T[2][1] = l2*v2.z;
		T[0][2] = l3*v3.x;
		T[1][2] = l3*v3.y;
		T[2][2] = l3*v3.z;
		T[0][3] = pos.x;
		T[1][3] = pos.y;
		T[2][3] = pos.z;
		return T*unitsphere;
	}

	size(200);

	real gDx=0.25;
	real gDy=0.25;
	real gDz=0.25;

	currentprojection=perspective( camera=(gDx*55.5,gDy*55.5,112),up=Y, target=(gDx*55.5,gDy*55.5,gDz*-0.5));
		draw(
			ellipsoid( (0.44351,0.89178,0.089622), (0.8947,-0.44643,0.014645), (-0.053071,-0.073689,0.99587), 0.25961, 0.21418, 0.18494, (gDx*58,gDy*22,gDz*0)),rgb(0.875,1,0));
		draw(
			ellipsoid( (0.37949,0.91813,0.11411), (0.91873,-0.38852,0.07065), (-0.1092,-0.078022,0.99095), 0.25482, 0.22168, 0.18634, (gDx*59,gDy*22,gDz*0)),rgb(0.96875,1,0));
		draw(
			ellipsoid( (-0.23946,-0.092747,0.96647), (-0.97081,0.03726,-0.23695), (0.014034,0.99499,0.098962), 0.18501, 0.21706, 0.24255, (gDx*60,gDy*22,gDz*0)),rgb(1,0.9375,0));
		draw(
			ellipsoid( (-0.2136,-0.24398,0.94596), (0.97124,-0.15729,0.17874), (-0.10518,-0.95694,-0.27056), 0.25511, 0.28931, 0.31833, (gDx*61,gDy*22,gDz*0)),rgb(1,0.84375,0));
		draw(
			ellipsoid( (0.33824,0.91711,0.21096), (0.89372,-0.38326,0.2332), (-0.29472,-0.10966,0.94927), 0.33559, 0.292, 0.27736, (gDx*62,gDy*22,gDz*0)),rgb(1,0.75,0));
		draw(
			ellipsoid( (-0.38229,-0.89209,0.24089), (-0.73722,0.45163,0.50253), (0.55709,-0.014521,0.83032), 0.19543, 0.17333, 0.16255, (gDx*63,gDy*22,gDz*0)),rgb(1,0.65625,0));
		draw(
			ellipsoid( (0.5092,0.76271,-0.39873), (0.83,-0.31266,0.46189), (-0.22762,0.56614,0.79226), 0.16907, 0.13353, 0.1279, (gDx*64,gDy*22,gDz*0)),rgb(0.96875,1,0));
		draw(
			ellipsoid( (-0.22038,-0.96323,0.15367), (-0.8311,0.10296,-0.5465), (-0.51059,0.24816,0.82324), 0.20746, 0.1694, 0.16157, (gDx*65,gDy*22,gDz*0)),rgb(1,0.9375,0));
		draw(
			ellipsoid( (0.11791,0.99107,0.062222), (0.96893,-0.12854,0.21129), (-0.2174,-0.035375,0.97544), 0.31289, 0.26595, 0.24246, (gDx*66,gDy*22,gDz*0)),rgb(1,0.9375,0));
		draw(
			ellipsoid( (-0.14464,-0.10838,0.98353), (0.9882,-0.066446,0.13801), (-0.050393,-0.99189,-0.11671), 0.19121, 0.22686, 0.26617, (gDx*67,gDy*22,gDz*0)),rgb(0.875,1,0));
		draw(
			ellipsoid( (0.069601,0.97966,0.1882), (0.99549,-0.080411,0.050416), (-0.064524,-0.18384,0.98084), 0.22822, 0.18993, 0.14951, (gDx*68,gDy*22,gDz*0)),rgb(0.59375,1,0));
		draw(
			ellipsoid( (0.18611,0.88859,0.41926), (0.96722,-0.090659,-0.23721), (0.17277,-0.44966,0.87633), 0.44497, 0.36972, 0.32364, (gDx*69,gDy*22,gDz*0)),rgb(0.875,1,0));
		draw(
			ellipsoid( (0.63871,0.37022,0.67453), (0.75445,-0.12906,-0.64355), (0.1512,-0.91994,0.36174), 0.46137, 0.3722, 0.4034, (gDx*44,gDy*23,gDz*0)),rgb(1,0.75,0));
		draw(
			ellipsoid( (0.65711,0.35038,0.66741), (0.73672,-0.11115,-0.667), (0.15952,-0.92999,0.33117), 0.4694, 0.37833, 0.40976, (gDx*45,gDy*23,gDz*0)),rgb(1,0.75,0));
		draw(
			ellipsoid( (0.50876,0.61841,0.59894), (0.82268,-0.55425,-0.12654), (-0.25371,-0.55712,0.79073), 0.38924, 0.32294, 0.30863, (gDx*49,gDy*23,gDz*0)),rgb(1,0.84375,0));
		draw(
			ellipsoid( (-0.24064,-0.26299,0.93431), (-0.96482,0.1698,-0.2007), (0.10586,0.94974,0.2946), 0.34756, 0.38344, 0.39938, (gDx*56,gDy*23,gDz*0)),rgb(1,0.5625,0));
		draw(
			ellipsoid( (-0.75278,-0.62731,0.1995), (-0.48825,0.73536,0.46996), (0.44152,-0.25637,0.85985), 0.20058, 0.15976, 0.14799, (gDx*57,gDy*23,gDz*0)),rgb(0.875,1,0));
		draw(
			ellipsoid( (-0.56422,-0.63385,0.52905), (-0.59825,0.75548,0.26711), (0.56899,0.16579,0.80546), 0.18679, 0.15091, 0.13699, (gDx*58,gDy*23,gDz*0)),rgb(0.875,1,0));
		draw(
			ellipsoid( (0.34486,0.73213,-0.58742), (0.92927,-0.35457,0.10363), (0.13241,0.58161,0.80262), 0.17307, 0.15137, 0.13139, (gDx*59,gDy*23,gDz*0)),rgb(1,0.9375,0));
		draw(
			ellipsoid( (-0.2458,0.8305,-0.49985), (0.89581,-0.0023638,-0.44444), (0.37029,0.55702,0.74339), 0.16024, 0.13328, 0.12047, (gDx*60,gDy*23,gDz*0)),rgb(0.96875,1,0));
		draw(
			ellipsoid( (0.70353,0.39643,0.58982), (0.61309,0.081164,-0.78583), (0.3594,-0.91447,0.18595), 0.14144, 0.15941, 0.17613, (gDx*61,gDy*23,gDz*0)),rgb(1,0.75,0));
		draw(
			ellipsoid( (-0.82183,-0.37587,-0.42817), (-0.54305,0.28945,0.78824), (0.17234,-0.88031,0.44199), 0.15392, 0.17685, 0.17348, (gDx*62,gDy*23,gDz*0)),rgb(1,0.5625,0));
		draw(
			ellipsoid( (-0.29257,-0.29376,0.91), (0.88023,-0.45456,0.13626), (-0.37363,-0.84088,-0.39157), 0.18284, 0.15683, 0.14827, (gDx*63,gDy*23,gDz*0)),rgb(1,0.75,0));
		draw(
			ellipsoid( (0.34984,0.35318,-0.86768), (0.92158,0.036606,0.38647), (-0.16826,0.93484,0.31268), 0.17015, 0.13915, 0.12356, (gDx*64,gDy*23,gDz*0)),rgb(0.875,1,0));
		draw(
			ellipsoid( (-0.91462,0.39918,0.064219), (0.39914,0.86616,0.30074), (-0.064423,-0.3007,0.95154), 0.12078, 0.13249, 0.16824, (gDx*65,gDy*23,gDz*0)),rgb(0.875,1,0));
		draw(
			ellipsoid( (0.13024,-0.51375,0.848), (-0.97537,-0.21994,0.01655), (-0.17801,0.82927,0.52974), 0.20402, 0.16229, 0.17464, (gDx*66,gDy*23,gDz*0)),rgb(1,0.84375,0));
		draw(
			ellipsoid( (0.28635,-0.68528,0.66962), (-0.93787,-0.34341,0.04961), (-0.19596,0.64223,0.74104), 0.16887, 0.14333, 0.15332, (gDx*67,gDy*23,gDz*0)),rgb(1,0.65625,0));
		draw(
			ellipsoid( (-0.51797,0.69873,-0.49345), (0.66665,-0.03172,-0.74469), (0.53599,0.71468,0.44938), 0.17635, 0.15442, 0.15893, (gDx*68,gDy*23,gDz*0)),rgb(1,0.5625,0));
		draw(
			ellipsoid( (0.71462,0.31904,-0.62252), (0.567,0.25699,0.7826), (-0.40966,0.91223,-0.0027553), 0.28549, 0.30577, 0.29908, (gDx*69,gDy*23,gDz*0)),rgb(1,0.28125,0));
		draw(
			ellipsoid( (0.13639,0.96438,0.22667), (0.98651,-0.1113,-0.12004), (0.090535,-0.23998,0.96655), 0.26612, 0.23146, 0.22532, (gDx*70,gDy*23,gDz*0)),rgb(1,0.65625,0));
		draw(
			ellipsoid( (0.20173,0.97923,0.020464), (0.97847,-0.20055,-0.048737), (0.04362,-0.029855,0.9986), 0.17734, 0.14194, 0.12628, (gDx*71,gDy*23,gDz*0)),rgb(0.875,1,0));
		draw(
			ellipsoid( (-0.57373,-0.20292,-0.79351), (-0.66876,0.67539,0.31081), (-0.47286,-0.70899,0.5232), 0.38377, 0.33224, 0.33677, (gDx*39,gDy*24,gDz*0)),rgb(1,0.5625,0));
		draw(
			ellipsoid( (-0.76157,-0.63419,-0.13345), (-0.54685,0.51834,0.65748), (0.34779,-0.5737,0.74156), 0.22118, 0.18018, 0.19604, (gDx*40,gDy*24,gDz*0)),rgb(1,0.75,0));
		draw(
			ellipsoid( (-0.56975,-0.81755,-0.083624), (-0.67752,0.40968,0.61084), (0.46513,-0.40469,0.78732), 0.19892, 0.15991, 0.16492, (gDx*41,gDy*24,gDz*0)),rgb(1,0.84375,0));
		draw(
			ellipsoid( (-0.84861,-0.086502,0.52189), (-0.51719,-0.071704,-0.85286), (-0.1112,0.99367,-0.016111), 0.14679, 0.15689, 0.17659, (gDx*42,gDy*24,gDz*0)),rgb(1,0.65625,0));
		draw(
			ellipsoid( (-0.52167,0.7232,-0.45259), (0.65131,-0.005055,-0.75879), (0.55105,0.69062,0.46839), 0.18022, 0.14824, 0.16331, (gDx*43,gDy*24,gDz*0)),rgb(1,0.75,0));
		draw(
			ellipsoid( (0.78751,-0.24165,-0.56696), (-0.57541,-0.61781,-0.53593), (0.22076,-0.74828,0.62557), 0.25554, 0.29209, 0.27499, (gDx*44,gDy*24,gDz*0)),rgb(1,0.46875,0));
		draw(
			ellipsoid( (0.55569,0.67112,0.49072), (0.82206,-0.35537,-0.44489), (0.12419,-0.65062,0.74918), 0.30226, 0.26478, 0.27895, (gDx*45,gDy*24,gDz*0)),rgb(1,0.46875,0));
		draw(
			ellipsoid( (-0.57122,-0.67976,-0.46004), (-0.59,0.72969,-0.34561), (-0.57062,-0.074008,0.81787), 0.19386, 0.14573, 0.1577, (gDx*46,gDy*24,gDz*0)),rgb(0.96875,1,0));
		draw(
			ellipsoid( (-0.21132,0.41105,-0.88678), (0.95871,-0.08948,-0.26994), (0.19031,0.90721,0.37517), 0.15475, 0.17545, 0.185, (gDx*47,gDy*24,gDz*0)),rgb(1,0.65625,0));
		draw(
			ellipsoid( (-0.54453,0.73061,-0.41195), (0.76276,0.63562,0.11907), (-0.34884,0.24938,0.90339), 0.1879, 0.16752, 0.14662, (gDx*48,gDy*24,gDz*0)),rgb(1,0.84375,0));
		draw(
			ellipsoid( (0.67868,0.040606,-0.73331), (0.61478,-0.57766,0.53699), (0.4018,0.81527,0.41701), 0.15698, 0.21167, 0.1999, (gDx*49,gDy*24,gDz*0)),rgb(0.875,1,0));
		draw(
			ellipsoid( (0.54238,0.25332,-0.80103), (0.69318,-0.67365,0.25631), (0.47469,0.69428,0.54097), 0.25854, 0.30486, 0.32203, (gDx*50,gDy*24,gDz*0)),rgb(1,0.84375,0));
		draw(
			ellipsoid( (-0.68116,-0.5157,-0.51969), (-0.54699,-0.11336,0.82943), (0.48665,-0.84924,0.20486), 0.44558, 0.3379, 0.35719, (gDx*51,gDy*24,gDz*0)),rgb(0.96875,1,0));
		draw(
			ellipsoid( (-0.77589,-0.43833,0.45372), (-0.62006,0.39732,-0.67651), (-0.11626,0.80623,0.58007), 0.4604, 0.50736, 0.53487, (gDx*55,gDy*24,gDz*0)),rgb(1,0.5625,0));
		draw(
			ellipsoid( (0.96976,0.19942,0.14068), (0.14304,0.0026346,-0.98971), (0.19774,-0.97991,0.02597), 0.28993, 0.25864, 0.27199, (gDx*56,gDy*24,gDz*0)),rgb(1,0.46875,0));
		draw(
			ellipsoid( (0.78385,0.28757,-0.55035), (0.58658,-0.052131,0.80821), (-0.20373,0.95634,0.20955), 0.13486, 0.079753, 0.072876, (gDx*57,gDy*24,gDz*0)),rgb(0.125,1,0));
		draw(
			ellipsoid( (-0.53336,-0.30883,0.78749), (0.65389,0.44005,0.61545), (0.53661,-0.8432,0.03276), 0.23724, 0.14237, 0.17705, (gDx*58,gDy*24,gDz*0)),rgb(0.40625,1,0));
		draw(
			ellipsoid( (0.63265,0.50077,-0.59075), (0.77023,-0.48629,0.41263), (0.080644,0.71606,0.69336), 0.16796, 0.14946, 0.11767, (gDx*59,gDy*24,gDz*0)),rgb(0.78125,1,0));
		draw(
			ellipsoid( (-0.2649,0.65797,0.70491), (0.96408,0.19556,0.17975), (0.019584,-0.7272,0.68614), 0.11661, 0.16831, 0.20525, (gDx*60,gDy*24,gDz*0)),rgb(0.3125,1,0));
		draw(
			ellipsoid( (0.23474,0.70467,-0.66958), (0.9656,-0.089751,0.24406), (-0.11189,0.70383,0.7015), 0.18796, 0.12406, 0.097555, (gDx*61,gDy*24,gDz*0)),rgb(0.125,1,0));
		draw(
			ellipsoid( (-0.42762,-0.43786,0.79084), (0.71747,-0.69659,0.0022648), (-0.5499,-0.56837,-0.61202), 0.17345, 0.13728, 0.11519, (gDx*62,gDy*24,gDz*0)),rgb(0.6875,1,0));
		draw(
			ellipsoid( (-0.3995,0.064885,0.91443), (0.67726,-0.65137,0.34211), (-0.61783,-0.75599,-0.21628), 0.1887, 0.16902, 0.15697, (gDx*63,gDy*24,gDz*0)),rgb(1,0.65625,0));
		draw(
			ellipsoid( (0.62571,-0.20495,-0.75265), (-0.77862,-0.1055,-0.61856), (-0.047367,-0.97307,0.22559), 0.18675, 0.16928, 0.15551, (gDx*64,gDy*24,gDz*0)),rgb(1,0.65625,0));
		draw(
			ellipsoid( (-0.14808,-0.00039686,0.98898), (0.9045,0.40434,0.13559), (0.39994,-0.91461,0.059514), 0.17347, 0.12387, 0.13488, (gDx*65,gDy*24,gDz*0)),rgb(0.78125,1,0));
		draw(
			ellipsoid( (-0.86457,-0.48631,0.1266), (-0.47193,0.8723,0.12796), (0.17266,-0.050887,0.98367), 0.10768, 0.17022, 0.20627, (gDx*66,gDy*24,gDz*0)),rgb(0.125,1,0));
		draw(
			ellipsoid( (0.50663,0.81717,-0.27489), (0.78008,-0.57024,-0.25747), (0.36715,0.083997,0.92636), 0.099997, 0.14668, 0.14134, (gDx*67,gDy*24,gDz*0)),rgb(0.6875,1,0));
		draw(
			ellipsoid( (0.11993,0.97293,0.19753), (0.90552,-0.18877,0.38001), (-0.40701,-0.13329,0.90365), 0.16984, 0.20351, 0.19835, (gDx*68,gDy*24,gDz*0)),rgb(1,0.75,0));
		draw(
			ellipsoid( (0.40094,-0.34608,0.84822), (-0.91575,-0.12574,0.38156), (0.025393,0.92974,0.36734), 0.23375, 0.21379, 0.18961, (gDx*69,gDy*24,gDz*0)),rgb(1,0.75,0));
		draw(
			ellipsoid( (-0.25756,0.76812,0.58622), (0.96359,0.15904,0.21496), (-0.07188,-0.62024,0.78111), 0.15463, 0.16507, 0.17635, (gDx*70,gDy*24,gDz*0)),rgb(1,0.46875,0));
		draw(
			ellipsoid( (0.035871,0.72358,-0.68931), (0.99541,-0.087072,-0.039599), (0.088672,0.68473,0.72338), 0.16469, 0.12273, 0.13195, (gDx*71,gDy*24,gDz*0)),rgb(0.96875,1,0));
		draw(
			ellipsoid( (-0.43479,0.77847,-0.4527), (0.84025,0.16987,-0.5149), (0.32394,0.60426,0.72797), 0.22211, 0.2102, 0.20636, (gDx*72,gDy*24,gDz*0)),rgb(1,0.28125,0));
		draw(
			ellipsoid( (-0.1479,0.61431,-0.77508), (0.98855,0.11545,-0.097134), (-0.029812,0.78058,0.62435), 0.38499, 0.42937, 0.44405, (gDx*73,gDy*24,gDz*0)),rgb(1,0.5625,0));
		draw(
			ellipsoid( (-0.21847,0.4751,-0.85238), (0.96861,-0.00055551,-0.24857), (0.11857,0.87993,0.46006), 0.43217, 0.5121, 0.55641, (gDx*74,gDy*24,gDz*0)),rgb(1,0.9375,0));
		draw(
			ellipsoid( (-0.54893,-0.13174,-0.82542), (-0.66034,-0.5371,0.52486), (0.51248,-0.83317,-0.20784), 0.61828, 0.48695, 0.49584, (gDx*36,gDy*25,gDz*0)),rgb(1,0.9375,0));
		draw(
			ellipsoid( (-0.52249,-0.15602,-0.83825), (-0.6916,-0.49744,0.52367), (0.49869,-0.85335,-0.152), 0.59298, 0.47507, 0.48802, (gDx*37,gDy*25,gDz*0)),rgb(1,0.84375,0));
		draw(
			ellipsoid( (-0.28755,-0.406,-0.86746), (-0.85391,0.51886,0.040216), (-0.43376,-0.75229,0.49589), 0.45489, 0.40326, 0.39665, (gDx*38,gDy*25,gDz*0)),rgb(1,0.5625,0));
		draw(
			ellipsoid( (0.86578,0.41077,-0.28582), (0.499,-0.75167,0.43126), (0.037699,0.516,0.85576), 0.24519, 0.22618, 0.23331, (gDx*39,gDy*25,gDz*0)),rgb(1,0.28125,0));
		draw(
			ellipsoid( (0.79083,0.57639,-0.20581), (0.60823,-0.77758,0.15943), (0.068143,0.25126,0.96552), 0.16269, 0.13321, 0.12461, (gDx*40,gDy*25,gDz*0)),rgb(1,0.9375,0));
		draw(
			ellipsoid( (-0.68408,-0.63811,0.35335), (-0.64639,0.30587,-0.69902), (-0.33797,0.70658,0.62171), 0.1694, 0.13994, 0.14808, (gDx*41,gDy*25,gDz*0)),rgb(1,0.75,0));
		draw(
			ellipsoid( (0.84694,0.42498,0.31949), (0.50604,-0.82869,-0.23917), (-0.16312,-0.36424,0.91691), 0.12123, 0.15645, 0.14788, (gDx*42,gDy*25,gDz*0)),rgb(1,0.9375,0));
		draw(
			ellipsoid( (0.94979,-0.24237,0.1979), (-0.29928,-0.88826,0.34847), (-0.091326,0.3902,0.91619), 0.15548, 0.13625, 0.14457, (gDx*43,gDy*25,gDz*0)),rgb(1,0.46875,0));
		draw(
			ellipsoid( (-0.84201,-0.23709,-0.48457), (-0.43574,-0.23067,0.87002), (0.31805,-0.94371,-0.090916), 0.19156, 0.17421, 0.1688, (gDx*44,gDy*25,gDz*0)),rgb(1,0.46875,0));
		draw(
			ellipsoid( (0.78485,0.39559,0.47699), (0.56624,-0.1451,-0.81137), (0.25176,-0.90689,0.33788), 0.16276, 0.13054, 0.12652, (gDx*45,gDy*25,gDz*0)),rgb(1,0.9375,0));
		draw(
			ellipsoid( (-0.28174,0.40072,-0.87181), (0.92459,-0.12944,-0.35829), (0.25642,0.90701,0.33403), 0.11085, 0.13193, 0.14568, (gDx*46,gDy*25,gDz*0)),rgb(1,0.9375,0));
		draw(
			ellipsoid( (0.47174,-0.048722,0.88039), (0.73074,-0.53716,-0.42128), (-0.49344,-0.84207,0.21779), 0.12547, 0.1938, 0.16379, (gDx*47,gDy*25,gDz*0)),rgb(0.59375,1,0));
		draw(
			ellipsoid( (0.99197,0.12325,0.028212), (0.095015,-0.57945,-0.80945), (0.083417,-0.80563,0.58651), 0.16902, 0.11193, 0.14367, (gDx*48,gDy*25,gDz*0)),rgb(0.6875,1,0));
		draw(
			ellipsoid( (-0.85126,0.16148,-0.49928), (0.45539,-0.24541,-0.8558), (0.26072,0.95588,-0.13537), 0.16556, 0.11197, 0.13502, (gDx*49,gDy*25,gDz*0)),rgb(0.6875,1,0));
		draw(
			ellipsoid( (-0.78619,0.54649,-0.28855), (0.40855,0.80994,0.42081), (-0.46367,-0.21295,0.86004), 0.17654, 0.13389, 0.11648, (gDx*50,gDy*25,gDz*0)),rgb(0.59375,1,0));
		draw(
			ellipsoid( (-0.88513,0.39019,-0.25357), (0.28952,0.88836,0.35635), (-0.36431,-0.242,0.89929), 0.20218, 0.16486, 0.14911, (gDx*51,gDy*25,gDz*0)),rgb(0.96875,1,0));
		draw(
			ellipsoid( (-0.82186,-0.45799,-0.3388), (-0.47188,0.88049,-0.045538), (-0.31917,-0.12245,0.93975), 0.36423, 0.32831, 0.31844, (gDx*52,gDy*25,gDz*0)),rgb(1,0.5625,0));
		draw(
			ellipsoid( (-0.87836,-0.31369,0.36066), (-0.47726,0.61742,-0.62531), (0.026527,0.72138,0.69203), 0.43918, 0.46205, 0.48721, (gDx*55,gDy*25,gDz*0)),rgb(1,0.375,0));
		draw(
			ellipsoid( (0.97745,0.065229,0.20085), (0.15109,0.44844,-0.88095), (0.14753,-0.89143,-0.42847), 0.24002, 0.20584, 0.21538, (gDx*56,gDy*25,gDz*0)),rgb(1,0.5625,0));
		draw(
			ellipsoid( (-0.86409,0.11041,0.49108), (0.38112,0.7808,0.49507), (0.32877,-0.61495,0.71676), 0.15184, 0.12132, 0.119, (gDx*57,gDy*25,gDz*0)),rgb(1,0.9375,0));
		draw(
			ellipsoid( (0.66047,0.27391,-0.69911), (0.74941,-0.18276,0.63638), (-0.046544,0.94423,0.32598), 0.25999, 0.16497, 0.19746, (gDx*58,gDy*25,gDz*0)),rgb(0.59375,1,0));
		draw(
			ellipsoid( (-0.85119,-0.46789,0.23783), (-0.38852,0.25703,-0.88487), (-0.35289,0.84559,0.40056), 0.17529, 0.13559, 0.1371, (gDx*59,gDy*25,gDz*0)),rgb(0.96875,1,0));
		draw(
			ellipsoid( (-0.47908,-0.79536,0.37133), (-0.83373,0.28001,-0.4759), (-0.27453,0.53758,0.79727), 0.1755, 0.15559, 0.13539, (gDx*60,gDy*25,gDz*0)),rgb(1,0.9375,0));
		draw(
			ellipsoid( (0.35462,-0.66227,-0.66003), (-0.88705,-0.015126,-0.46142), (-0.2956,-0.74912,0.59283), 0.11103, 0.14897, 0.19225, (gDx*61,gDy*25,gDz*0)),rgb(0.3125,1,0));
		draw(
			ellipsoid( (0.37321,0.67949,-0.63167), (0.89553,-0.085991,0.43661), (-0.24235,0.72863,0.6406), 0.23011, 0.15388, 0.1142, (gDx*62,gDy*25,gDz*0)),rgb(0.03125,1,0));
		draw(
			ellipsoid( (0.45252,0.58069,-0.67678), (0.86807,-0.11309,0.48339), (-0.20416,0.80623,0.55526), 0.20008, 0.14322, 0.1087, (gDx*63,gDy*25,gDz*0)),rgb(0.21875,1,0));
		draw(
			ellipsoid( (-0.17976,-0.82622,-0.5339), (-0.95814,0.26999,-0.095222), (-0.22282,-0.49443,0.84017), 0.11143, 0.16015, 0.1892, (gDx*64,gDy*25,gDz*0)),rgb(0.40625,1,0));
		draw(
			ellipsoid( (0.58678,0.64058,0.49532), (0.76553,-0.23948,-0.59717), (0.26392,-0.72959,0.63091), 0.10336, 0.147, 0.20147, (gDx*65,gDy*25,gDz*0)),rgb(0.125,1,0));
		draw(
			ellipsoid( (-0.33972,0.89173,-0.29901), (0.90699,0.22646,-0.35509), (0.24893,0.39183,0.88572), 0.26372, 0.12385, 0.17527, (gDx*66,gDy*25,gDz*0)),rgb(0,1,0.0625));
		draw(
			ellipsoid( (-0.61732,0.77937,-0.10724), (0.69614,0.60465,0.38702), (-0.36647,-0.16426,0.91582), 0.16459, 0.13949, 0.12865, (gDx*67,gDy*25,gDz*0)),rgb(1,0.9375,0));
		draw(
			ellipsoid( (0.10432,-0.95861,-0.26493), (-0.9304,-0.18819,0.31456), (0.35139,-0.21367,0.91152), 0.20198, 0.22714, 0.22308, (gDx*68,gDy*25,gDz*0)),rgb(1,0.46875,0));
		draw(
			ellipsoid( (-0.097185,0.95656,0.27486), (0.9936,0.077291,0.082335), (-0.057515,-0.2811,0.95795), 0.20676, 0.23375, 0.24269, (gDx*69,gDy*25,gDz*0)),rgb(1,0.65625,0));
		draw(
			ellipsoid( (-0.45862,-0.51429,0.72469), (-0.81798,-0.074342,-0.57042), (-0.34724,0.85439,0.38659), 0.18265, 0.16264, 0.14773, (gDx*70,gDy*25,gDz*0)),rgb(1,0.75,0));
		draw(
			ellipsoid( (-0.9041,0.4066,0.13144), (0.40004,0.69722,0.59485), (-0.15023,-0.59039,0.79302), 0.12553, 0.15255, 0.1998, (gDx*71,gDy*25,gDz*0)),rgb(0.5,1,0));
		draw(
			ellipsoid( (-0.074359,0.58326,-0.80887), (0.92152,-0.26981,-0.27927), (0.38113,0.76616,0.51743), 0.17056, 0.14898, 0.14461, (gDx*72,gDy*25,gDz*0)),rgb(1,0.65625,0));
		draw(
			ellipsoid( (0.22305,0.26233,-0.93885), (0.77283,0.53941,0.33433), (-0.59412,0.80014,0.082419), 0.2672, 0.27353, 0.27648, (gDx*73,gDy*25,gDz*0)),rgb(1,0.1875,0));
		draw(
			ellipsoid( (-0.12263,0.2634,-0.95686), (0.98605,-0.077003,-0.14757), (0.11255,0.96161,0.25028), 0.2923, 0.31531, 0.33529, (gDx*74,gDy*25,gDz*0)),rgb(1,0.5625,0));
		draw(
			ellipsoid( (-0.083742,0.095192,-0.99193), (0.98912,-0.11288,-0.094337), (0.12095,0.98904,0.084704), 0.20473, 0.26183, 0.29413, (gDx*75,gDy*25,gDz*0)),rgb(0.78125,1,0));
		draw(
			ellipsoid( (-0.60282,0.043116,-0.79672), (0.70244,-0.44489,-0.55556), (0.37841,0.89454,-0.2379), 0.46057, 0.39763, 0.38863, (gDx*35,gDy*26,gDz*0)),rgb(1,0.65625,0));
		draw(
			ellipsoid( (0.63783,0.089899,0.76491), (0.7648,-0.19113,-0.61527), (-0.090884,-0.97744,0.19066), 0.36922, 0.31772, 0.33228, (gDx*36,gDy*26,gDz*0)),rgb(1,0.5625,0));
		draw(
			ellipsoid( (-0.589,-0.14232,-0.7955), (-0.80813,0.10295,0.57993), (0.0006368,-0.98445,0.17565), 0.3501, 0.30857, 0.32249, (gDx*37,gDy*26,gDz*0)),rgb(1,0.46875,0));
		draw(
			ellipsoid( (-0.90537,0.37278,-0.2033), (0.40496,0.61406,-0.67745), (0.1277,0.69567,0.70692), 0.24571, 0.25589, 0.26667, (gDx*38,gDy*26,gDz*0)),rgb(1,0.28125,0));
		draw(
			ellipsoid( (0.68455,0.39418,-0.6132), (0.71453,-0.19627,0.67151), (-0.14434,0.89783,0.41601), 0.15321, 0.12295, 0.13629, (gDx*39,gDy*26,gDz*0)),rgb(1,0.75,0));
		draw(
			ellipsoid( (0.7378,0.45602,-0.4977), (0.67011,-0.40597,0.62141), (-0.081323,0.79198,0.6051), 0.15942, 0.14838, 0.13269, (gDx*40,gDy*26,gDz*0)),rgb(1,0.65625,0));
		draw(
			ellipsoid( (-0.70623,0.49539,0.50579), (0.69092,0.63814,0.33971), (0.15448,-0.58938,0.79295), 0.13659, 0.1656, 0.2078, (gDx*41,gDy*26,gDz*0)),rgb(0.6875,1,0));
		draw(
			ellipsoid( (-0.97597,-0.027673,0.21614), (-0.202,0.48689,-0.84979), (0.08172,0.87303,0.48078), 0.11477, 0.18717, 0.15369, (gDx*42,gDy*26,gDz*0)),rgb(0.5,1,0));
		draw(
			ellipsoid( (-0.55831,-0.28224,-0.78015), (-0.77903,-0.14504,0.60998), (0.28531,-0.94832,0.13889), 0.20774, 0.19136, 0.18, (gDx*43,gDy*26,gDz*0)),rgb(1,0.5625,0));
		draw(
			ellipsoid( (0.42182,-0.9066,0.01212), (-0.77526,-0.36758,-0.51367), (-0.47015,-0.20728,0.8579), 0.211, 0.24745, 0.23817, (gDx*44,gDy*26,gDz*0)),rgb(1,0.65625,0));
		draw(
			ellipsoid( (-0.48653,0.25651,0.83516), (0.87304,0.10649,0.47588), (-0.033135,-0.96066,0.27575), 0.12987, 0.17056, 0.15251, (gDx*45,gDy*26,gDz*0)),rgb(1,0.9375,0));
		draw(
			ellipsoid( (0.26979,-0.9475,0.17163), (-0.96248,-0.25998,0.07771), (0.029011,0.18615,0.98209), 0.22882, 0.14178, 0.1276, (gDx*46,gDy*26,gDz*0)),rgb(0.21875,1,0));
		draw(
			ellipsoid( (-0.4559,0.87845,0.1431), (0.79725,0.47453,-0.37312), (0.39567,0.05602,0.91668), 0.21287, 0.15773, 0.11157, (gDx*47,gDy*26,gDz*0)),rgb(0.125,1,0));
		draw(
			ellipsoid( (0.9877,-0.019541,0.15515), (0.14752,-0.21272,-0.96591), (-0.051879,-0.97692,0.20722), 0.19724, 0.13513, 0.16055, (gDx*48,gDy*26,gDz*0)),rgb(0.78125,1,0));
		draw(
			ellipsoid( (0.88272,0.033789,0.46867), (0.46959,-0.099309,-0.87728), (-0.016901,-0.99448,0.10353), 0.2102, 0.12291, 0.15339, (gDx*49,gDy*26,gDz*0)),rgb(0.40625,1,0));
		draw(
			ellipsoid( (0.88966,-0.157,0.42878), (-0.43136,-0.597,0.6764), (-0.14979,0.78673,0.59885), 0.21694, 0.1499, 0.17207, (gDx*50,gDy*26,gDz*0)),rgb(0.78125,1,0));
		draw(
			ellipsoid( (-0.92195,0.38712,0.012189), (0.36505,0.85802,0.36131), (-0.12941,-0.33756,0.93237), 0.1264, 0.070311, 0.078997, (gDx*51,gDy*26,gDz*0)),rgb(0.21875,1,0));
		draw(
			ellipsoid( (0.97981,-0.16399,-0.11436), (-0.16407,-0.98641,0.0087445), (0.11424,-0.010194,0.9934), 0.304, 0.28639, 0.28894, (gDx*52,gDy*26,gDz*0)),rgb(1,0.28125,0));
		draw(
			ellipsoid( (-0.92228,0.35591,-0.15076), (0.38608,0.82982,-0.40291), (0.018299,0.4298,0.90274), 0.41728, 0.47999, 0.52684, (gDx*53,gDy*26,gDz*0)),rgb(1,0.84375,0));
		draw(
			ellipsoid( (-0.32897,0.56505,0.75664), (0.7139,-0.37568,0.59094), (-0.61817,-0.73456,0.2798), 0.45952, 0.3952, 0.37579, (gDx*54,gDy*26,gDz*0)),rgb(1,0.75,0));
		draw(
			ellipsoid( (-0.623,-0.7571,0.19666), (-0.78209,0.60756,-0.1386), (0.014548,0.24015,0.97063), 0.47561, 0.48244, 0.54008, (gDx*55,gDy*26,gDz*0)),rgb(1,0.5625,0));
		draw(
			ellipsoid( (-0.14517,-0.98909,0.024893), (-0.98923,0.14463,-0.02241), (-0.018565,0.027878,0.99944), 0.2664, 0.304, 0.29239, (gDx*56,gDy*26,gDz*0)),rgb(1,0.5625,0));
		draw(
			ellipsoid( (0.93252,-0.33017,-0.14629), (-0.29169,-0.44983,-0.84414), (-0.2129,-0.82984,0.51578), 0.16486, 0.13973, 0.13451, (gDx*57,gDy*26,gDz*0)),rgb(1,0.75,0));
		draw(
			ellipsoid( (0.79598,0.46173,-0.39144), (0.60376,-0.559,0.56833), (-0.043599,0.68871,0.72372), 0.20352, 0.14596, 0.1657, (gDx*58,gDy*26,gDz*0)),rgb(0.875,1,0));
		draw(
			ellipsoid( (0.81379,0.50421,-0.28901), (0.58094,-0.71958,0.38041), (0.016165,0.47747,0.8785), 0.17991, 0.090519, 0.13358, (gDx*59,gDy*26,gDz*0)),rgb(0.03125,1,0));
		draw(
			ellipsoid( (0.59793,-0.62752,0.4987), (-0.64169,-0.0019209,0.76696), (0.48032,0.7786,0.40382), 0.1256, 0.16139, 0.15471, (gDx*60,gDy*26,gDz*0)),rgb(1,0.9375,0));
		draw(
			ellipsoid( (-0.21048,0.14497,-0.96679), (-0.91671,-0.37284,0.14367), (0.33963,-0.9165,-0.21137), 0.14885, 0.14093, 0.13918, (gDx*61,gDy*26,gDz*0)),rgb(1,0.28125,0));
		draw(
			ellipsoid( (-0.47115,0.69326,0.54535), (0.86069,0.22611,0.45616), (-0.19293,-0.6843,0.70322), 0.13931, 0.15729, 0.1726, (gDx*62,gDy*26,gDz*0)),rgb(1,0.75,0));
		draw(
			ellipsoid( (-0.58079,-0.62983,0.51575), (-0.77282,0.22751,-0.59244), (-0.25579,0.74267,0.61888), 0.17884, 0.14592, 0.11064, (gDx*63,gDy*26,gDz*0)),rgb(0.5,1,0));
		draw(
			ellipsoid( (-0.99981,-0.016514,0.010435), (-0.018603,0.64192,-0.76655), (-0.0059603,0.76659,0.6421), 0.16244, 0.2081, 0.094494, (gDx*64,gDy*26,gDz*0)),rgb(0,1,0.15625));
		draw(
			ellipsoid( (0.19534,-0.72256,0.66313), (-0.98028,-0.16455,0.10947), (-0.030018,0.67144,0.74045), 0.21468, 0.12313, 0.089514, (gDx*65,gDy*26,gDz*0)),rgb(0,1,0.25));
		draw(
			ellipsoid( (-0.17407,0.84658,-0.50299), (0.75239,0.44387,0.4867), (-0.6353,0.29373,0.71423), 0.25846, 0.15015, 0.11404, (gDx*66,gDy*26,gDz*0)),rgb(0,1,0.15625));
		draw(
			ellipsoid( (0.56072,-0.72533,0.39937), (-0.82798,-0.49485,0.26375), (-0.0063195,0.47856,0.87803), 0.16559, 0.12697, 0.11551, (gDx*67,gDy*26,gDz*0)),rgb(0.78125,1,0));
		draw(
			ellipsoid( (0.96246,-0.21482,-0.16589), (-0.24633,-0.94799,-0.20158), (0.11395,-0.23488,0.96532), 0.23103, 0.20443, 0.2184, (gDx*68,gDy*26,gDz*0)),rgb(1,0.46875,0));
		draw(
			ellipsoid( (0.47251,-0.013554,-0.88122), (-0.85492,0.23587,-0.46204), (-0.21412,-0.97169,-0.099864), 0.26384, 0.25053, 0.23377, (gDx*69,gDy*26,gDz*0)),rgb(1,0.46875,0));
		draw(
			ellipsoid( (0.52548,0.42479,-0.73717), (0.85051,-0.23948,0.46827), (-0.022377,0.87304,0.48713), 0.18996, 0.16842, 0.16655, (gDx*70,gDy*26,gDz*0)),rgb(1,0.5625,0));
		draw(
			ellipsoid( (-0.22067,-0.64029,0.73576), (-0.90917,0.40818,0.082526), (0.35316,0.65071,0.6722), 0.19936, 0.11558, 0.15412, (gDx*71,gDy*26,gDz*0)),rgb(0.3125,1,0));
		draw(
			ellipsoid( (-0.69213,0.65806,0.2965), (0.72165,0.62334,0.30112), (-0.013332,-0.42239,0.90632), 0.12803, 0.15585, 0.22408, (gDx*72,gDy*26,gDz*0)),rgb(0.3125,1,0));
		draw(
			ellipsoid( (-0.18315,0.23507,-0.95457), (-0.88963,-0.45283,0.059174), (0.41835,-0.86005,-0.29207), 0.18656, 0.13268, 0.12054, (gDx*73,gDy*26,gDz*0)),rgb(0.59375,1,0));
		draw(
			ellipsoid( (0.3399,-0.39834,0.85194), (-0.92951,-0.28011,0.23988), (-0.14309,0.87342,0.46547), 0.19004, 0.12825, 0.13345, (gDx*74,gDy*26,gDz*0)),rgb(0.59375,1,0));
		draw(
			ellipsoid( (-0.51606,0.6905,-0.50685), (0.69275,-0.011559,-0.72109), (0.50377,0.72324,0.47238), 0.17947, 0.14192, 0.14852, (gDx*75,gDy*26,gDz*0)),rgb(1,0.84375,0));
		draw(
			ellipsoid( (0.30433,-0.94242,-0.13866), (-0.94901,-0.31253,0.041323), (0.08228,-0.11902,0.98948), 0.21139, 0.17815, 0.15934, (gDx*76,gDy*26,gDz*0)),rgb(0.96875,1,0));
		draw(
			ellipsoid( (-0.46777,0.19691,-0.86164), (0.69652,0.68227,-0.22221), (-0.54411,0.70409,0.45629), 0.45133, 0.38179, 0.40921, (gDx*33,gDy*27,gDz*0)),rgb(1,0.65625,0));
		draw(
			ellipsoid( (0.5695,0.80768,-0.15268), (0.67147,-0.56426,-0.48035), (0.47412,-0.17104,0.86369), 0.34639, 0.36717, 0.38835, (gDx*34,gDy*27,gDz*0)),rgb(1,0.46875,0));
		draw(
			ellipsoid( (-0.56196,0.050728,0.82561), (0.81422,0.20981,0.54132), (0.14576,-0.97642,0.15921), 0.19693, 0.22117, 0.21556, (gDx*35,gDy*27,gDz*0)),rgb(1,0.46875,0));
		draw(
			ellipsoid( (0.52256,0.16676,-0.83613), (-0.72879,0.59633,-0.33654), (-0.44249,-0.78523,-0.43315), 0.12554, 0.14295, 0.16141, (gDx*36,gDy*27,gDz*0)),rgb(1,0.9375,0));
		draw(
			ellipsoid( (-0.36433,-0.74706,-0.55603), (-0.81313,0.54623,-0.20111), (-0.45396,-0.37886,0.80647), 0.17164, 0.15646, 0.14517, (gDx*37,gDy*27,gDz*0)),rgb(1,0.65625,0));
		draw(
			ellipsoid( (-0.46808,0.79825,-0.37908), (0.82894,0.24798,-0.50137), (0.30621,0.54892,0.77777), 0.17711, 0.18477, 0.18561, (gDx*38,gDy*27,gDz*0)),rgb(1,0.1875,0));
		draw(
			ellipsoid( (0.33675,0.060779,-0.93963), (0.91296,-0.26531,0.31003), (0.23045,0.96225,0.14483), 0.23362, 0.21159, 0.21489, (gDx*39,gDy*27,gDz*0)),rgb(1,0.375,0));
		draw(
			ellipsoid( (-0.33033,0.085797,0.93996), (0.69634,-0.65012,0.30406), (-0.63718,-0.75497,-0.15501), 0.21034, 0.1985, 0.1916, (gDx*40,gDy*27,gDz*0)),rgb(1,0.375,0));
		draw(
			ellipsoid( (-0.81953,0.41444,0.39574), (0.56501,0.69958,0.43744), (0.095556,-0.58209,0.80749), 0.14403, 0.15305, 0.16477, (gDx*41,gDy*27,gDz*0)),rgb(1,0.46875,0));
		draw(
			ellipsoid( (0.86629,-0.33693,-0.3688), (-0.34124,0.14003,-0.92949), (-0.36481,-0.93106,-0.0063297), 0.10128, 0.16038, 0.17131, (gDx*42,gDy*27,gDz*0)),rgb(0.3125,1,0));
		draw(
			ellipsoid( (-0.45374,-0.71113,-0.53704), (-0.821,0.56794,-0.058396), (-0.34653,-0.41442,0.84153), 0.19896, 0.1673, 0.17581, (gDx*43,gDy*27,gDz*0)),rgb(1,0.65625,0));
		draw(
			ellipsoid( (-0.71617,-0.68011,-0.15669), (-0.67761,0.73135,-0.077281), (-0.16716,-0.05083,0.98462), 0.1999, 0.17107, 0.18346, (gDx*44,gDy*27,gDz*0)),rgb(1,0.5625,0));
		draw(
			ellipsoid( (-0.32813,0.90486,-0.27122), (0.82656,0.41403,0.38129), (-0.45731,0.09907,0.88377), 0.18549, 0.12209, 0.10529, (gDx*45,gDy*27,gDz*0)),rgb(0.3125,1,0));
		draw(
			ellipsoid( (-0.29136,0.93757,-0.1899), (0.81331,0.13827,-0.56516), (0.50362,0.31911,0.80283), 0.26725, 0.11987, 0.097535, (gDx*46,gDy*27,gDz*0)),rgb(0,1,0.53125));
		draw(
			ellipsoid( (-0.37976,0.91718,0.12066), (0.79892,0.39092,-0.45706), (0.46638,0.077175,0.88121), 0.20194, 0.14259, 0.10322, (gDx*47,gDy*27,gDz*0)),rgb(0.125,1,0));
		draw(
			ellipsoid( (0.75777,-0.65207,0.024386), (-0.63568,-0.74613,-0.198), (-0.1473,-0.13453,0.9799), 0.18147, 0.13848, 0.11688, (gDx*48,gDy*27,gDz*0)),rgb(0.59375,1,0));
		draw(
			ellipsoid( (0.50976,0.31107,-0.80211), (0.75776,-0.60381,0.24741), (0.40736,0.73393,0.54351), 0.085498, 0.18523, 0.14255, (gDx*49,gDy*27,gDz*0)),rgb(0,1,0.15625));
		draw(
			ellipsoid( (0.43657,0.53359,-0.72435), (0.78075,0.17535,0.59973), (-0.44703,0.82737,0.34004), 0.1508, 0.19473, 0.21259, (gDx*50,gDy*27,gDz*0)),rgb(0.78125,1,0));
		draw(
			ellipsoid( (0.90373,-0.14254,-0.40368), (-0.39245,0.10093,-0.91422), (-0.17106,-0.98463,-0.035277), 0.15507, 0.13369, 0.1324, (gDx*51,gDy*27,gDz*0)),rgb(1,0.65625,0));
		draw(
			ellipsoid( (0.8908,-0.42682,-0.15589), (-0.42181,-0.64916,-0.63299), (-0.16897,-0.62962,0.75831), 0.33199, 0.30181, 0.30567, (gDx*52,gDy*27,gDz*0)),rgb(1,0.375,0));
		draw(
			ellipsoid( (-0.9958,-0.082634,-0.039496), (-0.084133,0.6549,0.75102), (0.036193,-0.75118,0.6591), 0.46812, 0.57639, 0.52089, (gDx*53,gDy*27,gDz*0)),rgb(1,0.75,0));
		draw(
			ellipsoid( (0.61654,-0.66562,-0.42051), (-0.78405,-0.56775,-0.25088), (0.071756,-0.48438,0.87191), 0.49674, 0.30819, 0.37662, (gDx*54,gDy*27,gDz*0)),rgb(0.5,1,0));
		draw(
			ellipsoid( (-0.56751,-0.77981,0.26427), (-0.80144,0.44958,-0.39443), (-0.18876,0.43564,0.88011), 0.47462, 0.51825, 0.53684, (gDx*55,gDy*27,gDz*0)),rgb(1,0.46875,0));
		draw(
			ellipsoid( (0.94657,0.048613,0.31881), (-0.32169,0.21198,0.92281), (0.022721,0.97606,-0.2163), 0.36071, 0.35449, 0.32685, (gDx*56,gDy*27,gDz*0)),rgb(1,0.375,0));
		draw(
			ellipsoid( (0.95195,0.13443,0.27518), (0.29145,-0.67366,-0.67914), (-0.094078,-0.72671,0.68047), 0.20589, 0.19689, 0.19132, (gDx*57,gDy*27,gDz*0)),rgb(1,0.28125,0));
		draw(
			ellipsoid( (0.38008,0.16803,-0.90956), (-0.79715,0.55828,-0.22997), (-0.46915,-0.81246,-0.34614), 0.21945, 0.23001, 0.23337, (gDx*58,gDy*27,gDz*0)),rgb(1,0.28125,0));
		draw(
			ellipsoid( (0.73928,0.66897,-0.077084), (0.65221,-0.68283,0.32918), (-0.16758,0.29363,0.94112), 0.21415, 0.14631, 0.15817, (gDx*59,gDy*27,gDz*0)),rgb(0.6875,1,0));
		draw(
			ellipsoid( (0.72155,0.64338,-0.25578), (0.68718,-0.7106,0.15108), (0.084556,0.28478,0.95486), 0.19767, 0.097118, 0.13525, (gDx*60,gDy*27,gDz*0)),rgb(0.03125,1,0));
		draw(
			ellipsoid( (0.68376,-0.65645,0.31867), (-0.57256,-0.21191,0.79201), (0.45239,0.724,0.52075), 0.13259, 0.17936, 0.1682, (gDx*61,gDy*27,gDz*0)),rgb(0.875,1,0));
		draw(
			ellipsoid( (-0.31626,0.42951,0.84588), (0.87123,0.48435,0.079798), (0.37543,-0.76219,0.52738), 0.1793, 0.16022, 0.15434, (gDx*62,gDy*27,gDz*0)),rgb(1,0.5625,0));
		draw(
			ellipsoid( (-0.42941,0.42864,0.79491), (0.69494,-0.4053,0.59396), (-0.57677,-0.80747,0.12384), 0.17101, 0.15482, 0.14525, (gDx*63,gDy*27,gDz*0)),rgb(1,0.65625,0));
		draw(
			ellipsoid( (-0.3353,-0.77113,-0.54123), (-0.93015,0.36223,0.060145), (-0.14967,-0.52359,0.83872), 0.14798, 0.16023, 0.16782, (gDx*64,gDy*27,gDz*0)),rgb(1,0.46875,0));
		draw(
			ellipsoid( (-0.53968,0.37855,0.75196), (-0.80891,-0.48065,-0.33859), (-0.23326,0.791,-0.56561), 0.11528, 0.14399, 0.18215, (gDx*65,gDy*27,gDz*0)),rgb(0.59375,1,0));
		draw(
			ellipsoid( (0.78264,-0.15852,-0.60195), (0.57549,0.55283,0.60265), (-0.23724,0.81807,-0.5239), 0.12705, 0.17781, 0.25124, (gDx*66,gDy*27,gDz*0)),rgb(0.125,1,0));
		draw(
			ellipsoid( (-0.56032,0.60649,-0.56411), (0.6796,0.72596,0.10546), (-0.47348,0.32428,0.81894), 0.16872, 0.12359, 0.11372, (gDx*67,gDy*27,gDz*0)),rgb(0.6875,1,0));
		draw(
			ellipsoid( (-0.94997,0.3033,0.074561), (0.22067,0.48286,0.84744), (-0.22102,-0.8215,0.52563), 0.24101, 0.22149, 0.21613, (gDx*68,gDy*27,gDz*0)),rgb(1,0.46875,0));
		draw(
			ellipsoid( (0.56189,-0.36727,-0.74121), (-0.81055,-0.065521,-0.58199), (-0.16518,-0.9278,0.33451), 0.277, 0.26789, 0.25723, (gDx*69,gDy*27,gDz*0)),rgb(1,0.28125,0));
		draw(
			ellipsoid( (-0.75625,0.042615,0.6529), (0.56836,0.53712,0.62327), (0.32413,-0.84243,0.43042), 0.18767, 0.15808, 0.1705, (gDx*70,gDy*27,gDz*0)),rgb(1,0.65625,0));
		draw(
			ellipsoid( (-0.91222,-0.31641,-0.26025), (-0.35927,0.92313,0.13696), (-0.19691,-0.21844,0.95578), 0.13732, 0.15359, 0.16318, (gDx*71,gDy*27,gDz*0)),rgb(1,0.65625,0));
		draw(
			ellipsoid( (-0.27032,0.15347,-0.95046), (-0.84956,-0.5025,0.16048), (0.45297,-0.85085,-0.26622), 0.22024, 0.15173, 0.12034, (gDx*72,gDy*27,gDz*0)),rgb(0.21875,1,0));
		draw(
			ellipsoid( (0.33034,-0.11113,0.9373), (0.92709,0.2246,-0.30011), (0.17717,-0.96809,-0.17722), 0.20222, 0.12082, 0.084236, (gDx*73,gDy*27,gDz*0)),rgb(0,1,0.25));
		draw(
			ellipsoid( (0.45457,-0.16614,0.87508), (-0.86461,-0.31839,0.38869), (-0.21404,0.93329,0.28837), 0.22951, 0.14972, 0.12353, (gDx*74,gDy*27,gDz*0)),rgb(0.125,1,0));
		draw(
			ellipsoid( (0.55987,-0.22334,0.79791), (-0.80116,-0.39161,0.45254), (-0.2114,0.89262,0.39818), 0.21179, 0.16075, 0.12744, (gDx*75,gDy*27,gDz*0)),rgb(0.40625,1,0));
		draw(
			ellipsoid( (0.24735,-0.55463,0.79448), (-0.94936,0.025233,0.31319), (0.19375,0.83171,0.5203), 0.17865, 0.14872, 0.13581, (gDx*76,gDy*27,gDz*0)),rgb(1,0.9375,0));
		draw(
			ellipsoid( (-0.23627,0.5588,-0.79493), (0.91428,-0.14919,-0.37661), (0.32905,0.81577,0.47565), 0.18436, 0.14293, 0.13229, (gDx*77,gDy*27,gDz*0)),rgb(0.875,1,0));
		draw(
			ellipsoid( (-0.55226,0.56093,-0.61673), (0.68608,-0.11447,-0.71847), (0.47361,0.81991,0.32163), 0.18841, 0.16465, 0.16938, (gDx*78,gDy*27,gDz*0)),rgb(1,0.5625,0));
		draw(
			ellipsoid( (0.32357,-0.14417,0.93515), (-0.92759,0.14676,0.34358), (0.18678,0.97861,0.086246), 0.31994, 0.29952, 0.27667, (gDx*32,gDy*28,gDz*0)),rgb(1,0.5625,0));
		draw(
			ellipsoid( (-0.14207,-0.98275,-0.11843), (-0.9897,0.14312,-0.0003691), (-0.017313,-0.11716,0.99296), 0.28045, 0.2893, 0.2982, (gDx*33,gDy*28,gDz*0)),rgb(1,0.28125,0));
		draw(
			ellipsoid( (0.81847,0.45796,-0.34696), (0.55781,-0.77806,0.2889), (0.13765,0.42999,0.89228), 0.24784, 0.24487, 0.23984, (gDx*34,gDy*28,gDz*0)),rgb(1,0.09375,0));
		draw(
			ellipsoid( (0.37809,0.92232,-0.079851), (0.92053,-0.36539,0.13822), (-0.098305,0.12577,0.98718), 0.14173, 0.12116, 0.10564, (gDx*35,gDy*28,gDz*0)),rgb(0.96875,1,0));
		draw(
			ellipsoid( (-0.28887,-0.95736,-0.0045688), (-0.89774,0.27253,-0.3461), (-0.33258,0.095874,0.93819), 0.17288, 0.14671, 0.13791, (gDx*36,gDy*28,gDz*0)),rgb(1,0.84375,0));
		draw(
			ellipsoid( (-0.50133,-0.31238,0.8069), (-0.85694,0.3082,-0.41311), (0.11964,0.89857,0.42221), 0.17248, 0.18296, 0.1934, (gDx*37,gDy*28,gDz*0)),rgb(1,0.46875,0));
		draw(
			ellipsoid( (-0.12776,-0.83924,0.52854), (-0.98983,0.074282,-0.12131), (-0.062547,0.53866,0.8402), 0.1993, 0.21569, 0.22729, (gDx*38,gDy*28,gDz*0)),rgb(1,0.46875,0));
		draw(
			ellipsoid( (-0.43781,-0.8985,0.031937), (-0.87778,0.41949,-0.23136), (-0.19448,0.12932,0.97234), 0.26067, 0.2697, 0.27917, (gDx*39,gDy*28,gDz*0)),rgb(1,0.28125,0));
		draw(
			ellipsoid( (0.50261,0.86404,0.028447), (0.64697,-0.39776,0.65055), (-0.57341,0.30857,0.75893), 0.26926, 0.28727, 0.30383, (gDx*40,gDy*28,gDz*0)),rgb(1,0.46875,0));
		draw(
			ellipsoid( (-0.31551,-0.037661,0.94817), (0.89247,-0.35126,0.28303), (-0.3224,-0.93552,-0.14444), 0.20058, 0.19354, 0.18741, (gDx*41,gDy*28,gDz*0)),rgb(1,0.28125,0));
		draw(
			ellipsoid( (0.85887,-0.38806,-0.33431), (-0.40946,-0.9123,0.0070542), (0.30773,-0.13083,0.94244), 0.10092, 0.17794, 0.1637, (gDx*42,gDy*28,gDz*0)),rgb(0.21875,1,0));
		draw(
			ellipsoid( (0.80055,-0.41122,-0.43591), (-0.53544,-0.81749,-0.21215), (0.26911,-0.40324,0.87463), 0.13022, 0.18546, 0.16957, (gDx*43,gDy*28,gDz*0)),rgb(0.78125,1,0));
		draw(
			ellipsoid( (0.74808,-0.6121,0.25634), (-0.65501,-0.6191,0.43322), (0.10647,0.49199,0.86407), 0.17834, 0.12055, 0.11623, (gDx*44,gDy*28,gDz*0)),rgb(0.5,1,0));
		draw(
			ellipsoid( (0.48775,-0.82929,0.27272), (-0.84844,-0.52386,-0.075576), (-0.20554,0.19453,0.95912), 0.25021, 0.095775, 0.091119, (gDx*45,gDy*28,gDz*0)),rgb(0,1,0.625));
		draw(
			ellipsoid( (0.34329,-0.91944,0.19177), (-0.91026,-0.27538,0.30919), (0.23147,0.2807,0.93147), 0.26294, 0.10672, 0.082279, (gDx*46,gDy*28,gDz*0)),rgb(0,1,0.71875));
		draw(
			ellipsoid( (-0.27592,0.96052,0.03565), (0.90322,0.27178,-0.33217), (0.32874,0.05945,0.94255), 0.212, 0.14217, 0.09274, (gDx*47,gDy*28,gDz*0)),rgb(0,1,0.15625));
		draw(
			ellipsoid( (0.62605,-0.77862,-0.042705), (-0.73661,-0.57253,-0.36001), (-0.25586,-0.25684,0.93197), 0.19338, 0.143, 0.11182, (gDx*48,gDy*28,gDz*0)),rgb(0.3125,1,0));
		draw(
			ellipsoid( (-0.60656,0.79365,-0.047033), (0.612,0.42833,-0.66482), (0.50749,0.43204,0.74552), 0.198, 0.08847, 0.13525, (gDx*49,gDy*28,gDz*0)),rgb(0,1,0.15625));
		draw(
			ellipsoid( (0.52764,-0.80509,-0.27098), (-0.84763,-0.47799,-0.23032), (-0.055907,-0.35121,0.93462), 0.17861, 0.16057, 0.15567, (gDx*50,gDy*28,gDz*0)),rgb(1,0.5625,0));
		draw(
			ellipsoid( (-0.82189,-0.069897,0.56535), (-0.45721,0.67293,-0.58149), (0.33979,0.7364,0.58503), 0.16721, 0.15082, 0.14925, (gDx*51,gDy*28,gDz*0)),rgb(1,0.46875,0));
		draw(
			ellipsoid( (0.91001,-0.36895,0.18913), (-0.38657,-0.5902,0.70868), (0.14984,0.71802,0.67971), 0.32629, 0.31419, 0.30604, (gDx*52,gDy*28,gDz*0)),rgb(1,0.28125,0));
		draw(
			ellipsoid( (-0.99977,0.0084729,0.01964), (0.019164,0.76263,0.64655), (0.0094999,-0.64678,0.76262), 0.43529, 0.51702, 0.50139, (gDx*53,gDy*28,gDz*0)),rgb(1,0.65625,0));
		draw(
			ellipsoid( (-0.91404,-0.39777,-0.079359), (-0.38908,0.91513,-0.10562), (-0.11464,0.065669,0.99123), 0.44693, 0.58282, 0.60394, (gDx*54,gDy*28,gDz*0)),rgb(0.875,1,0));
		draw(
			ellipsoid( (-0.5031,-0.46133,0.73079), (-0.84978,0.11012,-0.5155), (-0.15734,0.88037,0.44744), 0.37699, 0.39865, 0.41236, (gDx*55,gDy*28,gDz*0)),rgb(1,0.375,0));
		draw(
			ellipsoid( (0.83283,0.5467,0.086619), (0.55081,-0.83402,-0.031999), (-0.054748,-0.074361,0.99573), 0.22974, 0.19293, 0.18533, (gDx*56,gDy*28,gDz*0)),rgb(1,0.84375,0));
		draw(
			ellipsoid( (-0.6957,-0.69779,0.17054), (-0.60052,0.69525,0.39496), (0.39417,-0.17237,0.90273), 0.18779, 0.15821, 0.16497, (gDx*57,gDy*28,gDz*0)),rgb(1,0.65625,0));
		draw(
			ellipsoid( (-0.59351,-0.28501,0.75267), (-0.80048,0.30605,-0.51533), (0.083484,0.90835,0.40979), 0.22926, 0.24001, 0.24749, (gDx*58,gDy*28,gDz*0)),rgb(1,0.28125,0));
		draw(
			ellipsoid( (-0.38806,-0.38905,0.8355), (-0.91902,0.095127,-0.38255), (-0.069353,0.91629,0.39446), 0.24233, 0.25471, 0.25088, (gDx*59,gDy*28,gDz*0)),rgb(1,0.1875,0));
		draw(
			ellipsoid( (-0.68314,-0.71754,0.13585), (-0.588,0.65076,0.48038), (0.43309,-0.24829,0.86648), 0.21127, 0.12434, 0.14474, (gDx*60,gDy*28,gDz*0)),rgb(0.3125,1,0));
		draw(
			ellipsoid( (0.66203,0.70932,-0.24204), (0.749,-0.63761,0.18011), (0.026576,0.30053,0.9534), 0.20808, 0.10033, 0.15316, (gDx*61,gDy*28,gDz*0)),rgb(0.03125,1,0));
		draw(
			ellipsoid( (0.70592,-0.64415,0.29452), (-0.51617,-0.7526,-0.40886), (-0.48502,-0.1366,0.86377), 0.13198, 0.16604, 0.18167, (gDx*62,gDy*28,gDz*0)),rgb(0.875,1,0));
		draw(
			ellipsoid( (-0.29774,0.067537,0.95225), (-0.71493,-0.6768,-0.17554), (-0.63263,0.73306,-0.2498), 0.17838, 0.14595, 0.14322, (gDx*63,gDy*28,gDz*0)),rgb(1,0.84375,0));
		draw(
			ellipsoid( (-0.46873,0.13082,0.8736), (0.69344,0.66714,0.27216), (0.54721,-0.73336,0.40342), 0.17391, 0.14772, 0.15763, (gDx*64,gDy*28,gDz*0)),rgb(1,0.65625,0));
		draw(
			ellipsoid( (0.49146,-0.69731,0.52176), (-0.85227,-0.50834,0.1234), (-0.17918,0.50533,0.84412), 0.17217, 0.13239, 0.13616, (gDx*65,gDy*28,gDz*0)),rgb(0.96875,1,0));
		draw(
			ellipsoid( (-0.37936,0.74639,-0.54679), (0.88175,0.11256,-0.4581), (0.28037,0.65592,0.70083), 0.22289, 0.13196, 0.16958, (gDx*66,gDy*28,gDz*0)),rgb(0.40625,1,0));
		draw(
