	import three;
	import settings;

	surface ellipsoid(triple v1,triple v2,triple v3,real l1,real l2, real l3, triple pos=O) {
		transform3 T = identity(4);
		T[0][0] = l1*v1.x;
		T[1][0] = l1*v1.y;
		T[2][0] = l1*v1.z;
		T[0][1] = l2*v2.x;
		T[1][1] = l2*v2.y;
		T[2][1] = l2*v2.z;
		T[0][2] = l3*v3.x;
		T[1][2] = l3*v3.y;
		T[2][2] = l3*v3.z;
		T[0][3] = pos.x;
		T[1][3] = pos.y;
		T[2][3] = pos.z;
		return T*unitsphere;
	}

	size(200);

	real gDx=3.3584;
	real gDy=3.3584;
	real gDz=3.3584;

	currentprojection=perspective( camera=(gDx*14.5,gDy*-0.5,30),up=Y, target=(gDx*14.5,gDy*-0.5,gDz*-0.5));
		draw(
			ellipsoid( (-0.37157,-0.16543,0.91355), (-0.83457,-0.37157,-0.40674), (-0.40674,0.91355,3.697e-16), 3.1153, 1, 0.38475, (gDx*0,gDy*0,gDz*0)),rgb(0,0.4375,1));
		draw(
			ellipsoid( (-0.14835,-0.17797,0.97279), (-0.90242,-0.37799,-0.20677), (-0.40451,0.90854,0.10453), 3.0661, 1, 0.4339, (gDx*1,gDy*0,gDz*0)),rgb(0,0.53125,1));
		draw(
			ellipsoid( (-0.39785,0.89358,0.20791), (0.91355,0.40674,2.0515e-16), (0.084565,-0.18994,0.97815), 0.48305, 1, 3.0169, (gDx*2,gDy*0,gDz*0)),rgb(0,0.625,1));
		draw(
			ellipsoid( (0.91971,0.33915,0.19774), (0.38683,-0.86883,-0.30902), (-0.066995,-0.3607,0.93027), 1, 0.5322, 2.9678, (gDx*3,gDy*0,gDz*0)),rgb(0,0.71875,1));
		draw(
			ellipsoid( (-0.22044,-0.50488,0.83457), (-0.90185,-0.22044,-0.37157), (-0.37157,0.83457,0.40674), 2.9186, 1, 0.58136, (gDx*4,gDy*0,gDz*0)),rgb(0,0.8125,1));
		draw(
			ellipsoid( (-0.37244,-0.60861,0.70063), (-0.85861,-0.060573,-0.50904), (-0.35224,0.79115,0.5), 2.8695, 1, 0.63051, (gDx*5,gDy*0,gDz*0)),rgb(0,0.90625,1));
		draw(
			ellipsoid( (-0.51892,-0.66157,0.54134), (-0.78895,0.12689,-0.60122), (-0.32906,0.73907,0.58779), 2.8203, 1, 0.67966, (gDx*6,gDy*0,gDz*0)),rgb(0,1,1));
		draw(
			ellipsoid( (0.65507,0.65788,-0.37157), (0.69247,-0.32602,0.64358), (-0.30226,0.6789,0.66913), 2.7712, 1, 0.72881, (gDx*7,gDy*0,gDz*0)),rgb(0,1,0.90625));
		draw(
			ellipsoid( (0.77543,0.59662,-0.20677), (0.56977,-0.51998,0.63638), (-0.27216,0.61128,0.74314), 2.722, 1, 0.77797, (gDx*8,gDy*0,gDz*0)),rgb(0,1,0.8125));
		draw(
			ellipsoid( (0.87415,0.48176,-0.06144), (0.42275,-0.69251,0.58457), (-0.23907,0.53697,0.80902), 2.6729, 1, 0.82712, (gDx*9,gDy*0,gDz*0)),rgb(0,1,0.8125));
		draw(
			ellipsoid( (0.94536,0.32181,0.052264), (0.25482,-0.82934,0.49726), (-0.20337,0.45677,0.86603), 2.6237, 1, 0.87627, (gDx*10,gDy*0,gDz*0)),rgb(0,1,0.71875));
		draw(
			ellipsoid( (0.98366,0.12893,0.12569), (0.16543,-0.37157,-0.91355), (0.071085,-0.91941,0.38683), 2.5746, 0.92542, 1, (gDx*11,gDy*0,gDz*0)),rgb(0,1,0.625));
		draw(
			ellipsoid( (0.98457,-0.082172,0.15451), (-0.12569,0.2823,0.95106), (0.12177,0.9558,-0.26762), 2.5254, 0.97458, 1.75, (gDx*12,gDy*0,gDz*0)),rgb(0,1,0.34375));
		draw(
			ellipsoid( (0.94511,-0.29566,0.13912), (-0.31562,-0.93622,0.15451), (-0.084565,0.18994,0.97815), 2.4763, 1.75, 1.0237, (gDx*13,gDy*0,gDz*0)),rgb(0,1,0.25));
		draw(
			ellipsoid( (0.86422,-0.49595,0.084565), (-0.50131,-0.86308,0.06144), (-0.042516,0.095492,0.99452), 2.4271, 1.75, 1.0729, (gDx*14,gDy*0,gDz*0)),rgb(0,1,0.15625));
		draw(
			ellipsoid( (0.74314,-0.66913,6.5828e-17), (-0.66913,-0.74314,7.311e-17), (-2.4905e-17,5.5939e-17,1), 3.878, 1.75, 1.122, (gDx*15,gDy*0,gDz*0)),rgb(0,1,0.8125));
		draw(
			ellipsoid( (0.58561,-0.80412,-0.10224), (-0.80948,-0.58674,-0.021733), (0.042516,-0.095492,0.99452), 3.8288, 1.75, 1.1712, (gDx*16,gDy*0,gDz*0)),rgb(0,1,0.71875));
		draw(
			ellipsoid( (0.39785,-0.89358,-0.20791), (-0.91355,-0.40674,-6.3899e-17), (0.084565,-0.18994,0.97815), 3.7797, 1.75, 1.2203, (gDx*17,gDy*0,gDz*0)),rgb(0,1,0.625));
		draw(
			ellipsoid( (0.56831,-0.76528,-0.30226), (-0.81316,-0.57849,-0.064248), (0.12569,-0.2823,0.95106), 3.7305, 1.75, 1.2695, (gDx*18,gDy*0,gDz*0)),rgb(0,1,0.625));
		draw(
			ellipsoid( (0.71102,-0.59698,-0.37157), (-0.68343,-0.71102,-0.16543), (0.16543,-0.37157,0.91355), 3.6814, 1.75, 1.3186, (gDx*19,gDy*0,gDz*0)),rgb(0,1,0.53125));
		draw(
			ellipsoid( (0.82194,-0.40098,-0.40451), (-0.53203,-0.79409,-0.29389), (0.20337,-0.45677,0.86603), 3.6322, 1.75, 1.3678, (gDx*20,gDy*0,gDz*0)),rgb(0,1,0.4375));
		draw(
			ellipsoid( (-0.89908,0.19227,0.39331), (0.36674,0.8214,0.43681), (0.23907,-0.53697,0.80902), 3.5831, 1.75, 1.4169, (gDx*21,gDy*0,gDz*0)),rgb(0,1,0.4375));
		draw(
			ellipsoid( (-0.94229,-0.012796,0.33457), (-0.195,-0.79131,-0.57948), (-0.27216,0.61128,-0.74314), 3.5339, 1.75, 1.4661, (gDx*22,gDy*0,gDz*0)),rgb(0,1,0.34375));
		draw(
			ellipsoid( (0.95294,0.19793,-0.22964), (0.30226,-0.6789,0.66913), (0.023462,0.70705,0.70677), 3.4847, 1.5153, 1.75, (gDx*23,gDy*0,gDz*0)),rgb(0,1,0.25));
		draw(
			ellipsoid( (-0.93353,-0.34838,0.084565), (-0.32906,0.73907,-0.58779), (-0.14227,0.57654,0.80459), 3.4356, 1.5644, 1.75, (gDx*24,gDy*0,gDz*0)),rgb(0,1,0.25));
		draw(
			ellipsoid( (-0.88728,-0.45225,-0.090524), (-0.35224,0.79115,-0.5), (-0.29775,0.41175,0.86128), 3.3864, 1.6136, 1.75, (gDx*25,gDy*0,gDz*0)),rgb(0,1,0.15625));
		draw(
			ellipsoid( (-0.81771,-0.50165,-0.2823), (-0.43964,0.2277,0.86883), (0.37157,-0.83457,0.40674), 3.3373, 1.75, 1.6627, (gDx*26,gDy*0,gDz*0)),rgb(0,1,0.0625));
		draw(
			ellipsoid( (-0.72831,-0.49339,-0.47553), (-0.56562,0.041112,0.82364), (0.38683,-0.86883,0.30902), 3.2881, 1.75, 1.7119, (gDx*27,gDy*0,gDz*0)),rgb(0,1,0.0625));
		draw(
			ellipsoid( (-0.62231,-0.42936,-0.65451), (-0.67413,-0.13101,0.72691), (0.39785,-0.89358,0.20791), 3.239, 1.75, 1.761, (gDx*28,gDy*0,gDz*0)),rgb(0.03125,1,0));
		draw(
			ellipsoid( (0.50257,0.31633,0.80459), (0.76406,0.27293,-0.58457), (0.40451,-0.90854,0.10453), 3.1898, 1.75, 1.8102, (gDx*29,gDy*0,gDz*0)),rgb(0.125,1,0));
